0.096300;0,1398,863,1609,1717,1421;1398,0,1520,1637,2115,2026;858,1524,0,1449,1416,1689;1628,1637,1445,0,506,3678;1717,2162,1435,502,0,3213;1416,2022,1684,3659,3218,0
0.192590;0,1412,839,1623,1717,1412;1416,0,1515,1637,2083,2026;844,1510,0,1463,1449,1703;1618,1651,1463,0,497,3617;1721,2026,1449,502,0,3227;1393,2040,1712,3626,3232,0
0.288870;0,1374,839,1628,1731,1393;1369,0,1496,1665,2125,2031;825,1496,0,1449,1454,1703;1623,1674,1459,0,525,3673;1721,2172,1445,520,0,3246;1416,2036,1689,3650,3237,0
0.385150;0,1416,825,1632,1707,1426;1416,0,1459,1689,2125,2031;825,1463,0,1473,1407,1689;1656,1684,1468,0,497,3603;1712,2036,1407,502,0,3223;1435,2036,1703,3607,3223,0
0.481430;0,1407,825,1651,1731,1430;1412,0,1510,1660,1989,2045;830,1510,0,1449,1421,1707;1613,1660,1449,0,516,3612;1717,2092,1430,516,0,3223;1416,2054,1703,3622,3227,0
0.577720;0,1407,835,1623,1689,1421;1402,0,1487,1684,2097,2064;830,1487,0,1445,1435,1707;1646,1689,1440,0,506,3612;1693,2031,1421,506,0,3223;1426,2101,1703,3612,3223,0
0.673990;0,1393,825,1646,1721,1426;1388,0,1496,1670,1998,2092;830,1491,0,1445,1435,1689;1651,1665,1440,0,502,3640;1754,1979,1459,506,0,3199;1445,2031,1712,3626,3185,0
0.770290;0,1398,839,1642,1754,1440;1398,0,1477,1656,2022,2031;835,1482,0,1454,1435,1721;1599,1646,1468,0,525,3617;1717,2087,1416,525,0,3181;1369,2059,1707,3617,3185,0
0.866600;0,1365,849,1604,1703,1365;1365,0,1501,1618,2069,2050;844,1506,0,1473,1421,1712;1665,1637,1468,0,520,3612;1703,2031,1430,516,0,3204;1360,2054,1726,3631,3204,0
0.962930;0,1412,844,1674,1698,1365;1421,0,1501,1684,2101,2059;844,1491,0,1445,1440,1717;1632,1684,1440,0,520,3631;1707,2172,1440,520,0,3227;1388,2045,1707,3607,3232,0
1.059270;0,1412,839,1628,1726,1388;1393,0,1482,1637,2125,2040;839,1487,0,1445,1459,1717;1646,1637,1449,0,530,3593;1740,2045,1463,530,0,3185;1379,2050,1712,3598,3176,0
1.155590;0,1323,858,1656,1735,1384;1327,0,1506,1679,2017,2059;853,1510,0,1463,1440,1693;1637,1689,1463,0,516,3631;1726,2036,1435,511,0,3148;1416,2083,1693,3640,3152,0
1.251920;0,1388,835,1628,1726,1416;1393,0,1520,1665,2026,2078;830,1520,0,1459,1435,1679;1642,1651,1454,0,511,3612;1721,2026,1416,511,0,3209;1407,2045,1665,3607,3213,0
1.348260;0,1388,844,1660,1712,1402;1388,0,1463,1656,2040,2036;839,1459,0,1463,1407,1679;1660,1665,1468,0,525,3659;1721,2045,1416,525,0,3213;1384,2026,1703,3664,3209,0
1.444580;0,1369,821,1656,1726,1388;1365,0,1468,1660,2097,2026;821,1477,0,1468,1412,1693;1651,1660,1468,0,520,3636;1707,2167,1416,520,0,3176;1421,2059,1689,3626,3176,0
1.540880;0,1416,853,1651,1712,1412;1421,0,1491,1656,2111,2087;858,1487,0,1430,1445,1740;1646,1651,1421,0,525,3584;1740,2017,1449,530,0,3227;1351,2111,1778,3556,3232,0
1.637210;0,1412,835,1660,1735,1351;1407,0,1487,1646,2003,2097;825,1487,0,1477,1449,1740;1670,1651,1491,0,544,3546;1707,2036,1449,539,0,3242;1388,2064,1703,3565,3237,0
1.733520;0,1412,811,1656,1707,1393;1412,0,1487,1674,2097,2059;806,1482,0,1463,1435,1698;1646,1674,1459,0,487,3622;1717,2162,1416,483,0,3227;1412,2050,1693,3640,3232,0
1.829840;0,1402,835,1642,1726,1402;1407,0,1482,1656,2115,2054;853,1491,0,1445,1407,1693;1642,1646,1435,0,473,3645;1717,2050,1426,473,0,3227;1384,2064,1703,3650,3227,0
1.926150;0,1435,844,1642,1717,1393;1435,0,1520,1637,2111,2054;839,1515,0,1416,1435,1698;1637,1642,1426,0,506,3636;1726,2139,1430,516,0,3237;1421,2031,1698,3640,3242,0
2.022470;0,1384,858,1637,1721,1421;1365,0,1487,1656,2111,2022;849,1487,0,1454,1430,1726;1656,1656,1445,0,539,3636;1712,2083,1445,530,0,3303;1430,2036,1759,3631,3298,0
2.118800;0,1379,858,1660,1731,1421;1388,0,1487,1670,2040,2036;872,1491,0,1421,1468,1735;1646,1665,1421,0,497,3640;1735,2003,1477,492,0,3227;1398,2017,1712,3645,3223,0
2.215110;0,1398,849,1646,1726,1398;1402,0,1501,1646,2026,2017;830,1501,0,1459,1459,1703;1628,1656,1468,0,483,3636;1721,2083,1440,483,0,3251;1412,2036,1712,3645,3256,0
2.311430;0,1402,821,1604,1721,1416;1388,0,1501,1674,2078,2031;825,1501,0,1477,1440,1712;1585,1670,1473,0,473,3645;1735,2078,1449,473,0,3242;1440,2031,1693,3645,3246,0
2.407750;0,1374,830,1571,1735,1440;1379,0,1477,1670,2158,2036;821,1473,0,1477,1449,1665;1581,1679,1477,0,511,3650;1712,2153,1449,511,0,3317;1421,2054,1665,3673,3312,0
2.504080;0,1393,816,1581,1717,1421;1398,0,1520,1679,2064,2073;811,1524,0,1487,1449,1670;1585,1670,1501,0,492,3687;1745,2064,1435,497,0,3251;1445,2064,1651,3654,3237,0
2.600390;0,1402,802,1609,1750,1454;1388,0,1477,1670,2064,2040;797,1468,0,1473,1426,1637;1613,1679,1454,0,506,3654;1750,2026,1430,511,0,3204;1445,2017,1637,3654,3213,0
2.696660;0,1365,792,1613,1750,1445;1369,0,1468,1674,2036,2017;802,1473,0,1477,1430,1642;1632,1674,1487,0,516,3626;1750,2069,1440,516,0,3265;1440,2050,1656,3640,3256,0
2.792960;0,1346,816,1646,1750,1440;1337,0,1473,1679,2059,2059;806,1468,0,1463,1468,1651;1637,1689,1454,0,511,3729;1740,2040,1463,511,0,3218;1421,2040,1637,3739,3218,0
2.889250;0,1374,816,1623,1750,1421;1379,0,1459,1707,2008,2045;816,1454,0,1473,1440,1637;1623,1712,1482,0,506,3636;1778,1975,1445,506,0,3237;1445,2064,1632,3589,3242,0
2.985540;0,1355,821,1632,1768,1440;1355,0,1421,1707,1989,2059;835,1416,0,1538,1449,1632;1646,1698,1548,0,506,3607;1750,2008,1449,511,0,3237;1402,2050,1642,3650,3227,0
3.081830;0,1379,825,1651,1750,1402;1379,0,1463,1674,1979,2059;811,1468,0,1468,1449,1637;1646,1670,1463,0,511,3711;1745,2012,1449,506,0,3204;1379,2073,1623,3715,3204,0
3.178130;0,1407,821,1660,1740,1379;1407,0,1445,1665,2092,2073;825,1449,0,1487,1440,1623;1684,1674,1487,0,502,3744;1740,2078,1440,506,0,3209;1398,2078,1609,3729,3199,0
3.274420;0,1393,811,1684,1731,1398;1388,0,1445,1665,2022,2087;806,1435,0,1454,1430,1604;1670,1656,1454,0,520,3617;1750,2012,1435,520,0,3157;1398,2073,1613,3617,3162,0
3.370700;0,1384,816,1642,1764,1407;1384,0,1421,1674,2036,2059;830,1426,0,1468,1454,1613;1632,1684,1477,0,506,3729;1759,2045,1459,506,0,3181;1407,2087,1628,3659,3171,0
3.466990;0,1374,839,1637,1773,1398;1374,0,1426,1670,2036,2101;816,1426,0,1520,1468,1660;1632,1660,1520,0,520,3420;1782,2040,1477,520,0,3143;1369,2101,1670,3485,3157,0
3.563300;0,1360,806,1632,1773,1379;1355,0,1440,1637,2036,2111;811,1445,0,1487,1473,1665;1623,1637,1482,0,534,3711;1773,2036,1468,534,0,3213;1435,2120,1646,3725,3213,0
3.659600;0,1374,802,1609,1764,1435;1379,0,1426,1670,2083,2125;802,1421,0,1449,1449,1628;1613,1674,1449,0,525,3739;1735,2153,1449,520,0,3195;1384,2130,1618,3668,3195,0
3.758550;0,1365,844,1628,1721,1374;1360,0,1440,1660,2153,2125;849,1440,0,1468,1449,1637;1642,1660,1468,0,492,3485;1712,2092,1463,487,0,3213;1388,2115,1651,3528,3195,0
3.854820;0,1365,811,1660,1717,1402;1374,0,1398,1679,2026,2134;802,1393,0,1426,1496,1656;1660,1689,1421,0,483,3636;1745,1989,1487,487,0,3185;1412,2153,1656,3650,3209,0
3.951070;0,1384,821,1651,1773,1402;1379,0,1430,1674,2036,2130;839,1435,0,1468,1463,1674;1656,1670,1468,0,539,3668;1782,2097,1449,539,0,3303;1412,2092,1703,3678,3303,0
0.096350;0,1829,1140,1529,1642,1327;1839,0,1806,2092,2477,1670;1163,1796,0,1820,1642,1820;1482,2134,1792,0,642,2247;1623,2411,1567,647,0,2735;1355,1506,1886,2237,2739,0
0.192690;0,1632,1191,1534,1613,1360;1613,0,1768,2359,2369,1393;1196,1778,0,1576,1421,1825;1604,2383,1548,0,656,2172;1618,2528,1388,647,0,2819;1313,1140,1768,2162,2829,0
0.289060;0,1731,1187,1628,1628,1299;1740,0,1937,2233,2655,1008;1168,1933,0,1487,1379,1825;1623,2270,1515,0,614,2228;1665,2557,1369,614,0,2688;1266,863,1900,2233,2622,0
0.385410;0,1524,1111,1623,1679,1266;1477,0,1768,2369,2402,863;1079,1735,0,1811,1374,1886;1632,2270,1829,0,628,2167;1660,2298,1398,638,0,2317;1304,980,1900,2167,2308,0
0.481780;0,1238,994,1642,1646,1299;1210,0,1707,2012,2209,1079;957,1721,0,1750,1491,1811;1628,2059,1750,0,633,2209;1646,2045,1543,624,0,2420;1285,1243,1646,2205,2453,0
0.578180;0,1196,914,1632,1637,1285;1191,0,1750,2209,1937,1309;900,1735,0,1881,1651,1585;1679,2115,1909,0,591,2205;1609,1881,1731,591,0,2589;1233,1426,1543,2242,2603,0
0.677190;0,1036,896,1665,1599,1205;1032,0,1698,2223,1904,1491;928,1679,0,2064,1947,1421;1623,2252,2078,0,609,2308;1632,1970,2008,605,0,2622;1205,1510,1313,2331,2669,0
0.773510;0,1074,971,1632,1632,1224;1097,0,1721,2106,2022,1557;961,1731,0,2022,2073,1205;1642,1993,2031,0,614,2402;1599,1961,2073,624,0,3143;1271,1717,1069,2416,3115,0
0.869790;0,1219,961,1651,1604,1276;1280,0,1745,1632,1951,1806;961,1754,0,2205,2031,952;1707,1538,2200,0,609,2383;1628,1942,2040,605,0,2392;1224,1876,867,2359,2331,0
0.966090;0,1684,924,1759,1637,1205;1735,0,1872,1571,1918,1886;882,1853,0,1909,2031,802;1740,1571,1872,0,600,2327;1642,1900,1956,595,0,2477;1154,1909,821,2284,2538,0
1.062380;0,1782,778,1698,1632,1158;1773,0,1674,1618,1933,1914;722,1660,0,1839,1754,914;1665,1651,1825,0,628,2200;1581,2031,1721,638,0,2721;1177,1862,1032,2219,2688,0
1.158690;0,1599,628,1642,1576,1172;1557,0,1679,1750,2153,1815;605,1698,0,1778,1796,1130;1646,1801,1773,0,609,2266;1585,2153,1829,614,0,2435;1210,1712,1201,2242,2406,0
1.255030;0,1416,581,1623,1585,1215;1421,0,1703,1933,2176,1759;591,1684,0,1670,1792,1252;1595,2003,1651,0,633,2233;1590,2350,1740,638,0,2336;1229,1876,1304,2327,2322,0
1.351380;0,1529,666,1628,1595,1224;1557,0,1909,2144,2510,1825;717,1979,0,1740,1754,1346;1651,2162,1754,0,675,2341;1585,2533,1740,675,0,2228;1196,1651,1374,2214,2242,0
1.447720;0,1684,825,1656,1590,1196;1679,0,2275,2181,2655,1524;882,2261,0,1721,1646,1445;1670,2191,1712,0,656,2050;1599,2721,1595,656,0,2327;1215,1233,1515,2078,2322,0
1.544050;0,1426,943,1656,1599,1219;1384,0,1993,2223,2547,1196;966,1970,0,1726,1529,1529;1623,2200,1726,0,638,2298;1604,2303,1510,628,0,2303;1276,1248,1520,2350,2322,0
1.640360;0,1196,975,1604,1599,1280;1172,0,1886,2101,2205,1299;975,1872,0,1707,1487,1609;1613,2031,1703,0,619,2252;1562,2106,1496,619,0,2538;1233,1416,1717,2214,2580,0
1.732650;0,1144,1022,1628,1562,1229;1182,0,1937,1928,1993,1529;1018,1895,0,1698,1510,1698;1599,1843,1712,0,628,2233;1585,1886,1520,633,0,2580;1196,1712,1660,2308,2599,0
1.828920;0,1299,999,1581,1604,1191;1294,0,1656,1707,1914,1750;966,1642,0,1750,1538,1623;1534,1656,1768,0,642,2435;1613,1933,1562,638,0,2894;1252,1829,1599,2420,2857,0
1.925180;0,1233,882,1463,1623,1271;1238,0,1731,1656,1872,1942;853,1740,0,2233,1632,1552;1482,1637,2317,0,633,2388;1632,1843,1679,638,0,2186;1252,2045,1440,2411,2153,0
2.021430;0,1248,877,1576,1623,1238;1252,0,1811,1548,1857,2054;919,1829,0,2087,1829,1285;1628,1538,2059,0,605,2420;1595,1829,1918,600,0,2439;1219,2120,1135,2374,2472,0
2.117690;0,1327,1022,1651,1599,1210;1327,0,1735,1613,1839,2144;1074,1721,0,2242,2059,1036;1656,1632,2266,0,633,2223;1609,1848,2092,638,0,2542;1121,2228,1022,2209,2561,0
2.213980;0,1233,1187,1642,1618,1111;1219,0,1918,1628,1857,2219;1243,1970,0,2374,2181,966;1665,1623,2374,0,638,2266;1595,1876,2181,642,0,2664;1121,2012,863,2275,2650,0
2.310210;0,1285,1360,1703,1595,1111;1294,0,2148,1599,1853,1984;1459,2205,0,2350,2214,825;1707,1604,2341,0,638,2256;1599,1820,2289,633,0,2327;1050,2144,891,2242,2284,0
2.409190;0,1280,1360,1632,1552,1013;1294,0,2439,1651,1806,2092;1459,2388,0,2125,2266,947;1623,1684,2101,0,609,2209;1515,1825,2233,614,0,2172;882,1778,966,2233,2158,0
2.505450;0,1346,1501,1689,1552,886;1332,0,1848,1754,1881,1674;1407,1811,0,2200,2298,1036;1707,1782,2209,0,638,2270;1571,1881,2308,633,0,2130;891,1759,1088,2280,2115,0
2.601720;0,1290,1262,1665,1576,882;1285,0,1872,1820,1839,1839;1384,1890,0,2158,2313,1046;1613,1815,2167,0,614,2289;1585,1843,2298,619,0,2036;877,1961,989,2280,2050,0
2.698000;0,1290,1684,1628,1590,882;1290,0,1918,1740,1881,1961;1632,1914,0,2331,2280,989;1632,1721,2336,0,652,2275;1651,1947,2275,670,0,2195;905,1965,961,2322,2209,0
2.794230;0,1318,1407,1656,1674,905;1313,0,1872,1717,2017,1961;1388,1918,0,2411,2242,957;1698,1717,2416,0,760,2350;1637,2130,2191,764,0,2162;900,1956,966,2313,2167,0
2.890480;0,1337,1285,1684,1604,891;1332,0,1984,1689,2106,1909;1238,1965,0,2444,2148,989;1642,1674,2406,0,745,2270;1595,1984,2111,736,0,2303;891,1872,1027,2280,2331,0
2.986740;0,1262,1111,1628,1585,891;1248,0,1839,1660,1895,1872;1060,1820,0,2040,1933,1083;1651,1693,1989,0,708,2242;1595,1857,1801,717,0,2467;989,1890,1144,2228,2477,0
3.082980;0,1285,961,1628,1599,1008;1280,0,1773,1759,1834,1881;928,1792,0,1853,1623,1248;1534,1750,1796,0,722,2252;1609,1834,1548,717,0,2374;1027,1796,1374,2327,2341,0
3.179220;0,1187,938,1515,1613,1036;1172,0,1660,1693,1829,1768;975,1632,0,1468,1355,1477;1548,1689,1430,0,675,2444;1609,1876,1304,675,0,2200;1055,1815,1487,2378,2186,0
3.275480;0,1135,1050,1581,1595,1050;1140,0,1590,1684,1937,1806;1069,1552,0,1337,1276,1459;1613,1651,1323,0,675,2308;1609,1928,1257,675,0,2270;1060,1698,1506,2336,2284,0
3.371740;0,1191,1046,1637,1628,1060;1201,0,1538,1656,1975,1660;1027,1599,0,1355,1285,1557;1646,1754,1374,0,670,2369;1637,2205,1327,666,0,2252;1060,1562,1543,2359,2237,0
3.467990;0,1290,943,1628,1642,1065;1346,0,1754,1989,2378,1534;924,1801,0,1524,1459,1520;1623,2101,1552,0,699,2242;1660,2392,1482,703,0,2167;1074,1543,1491,2266,2191,0
3.564230;0,1707,910,1618,1656,1069;1731,0,2369,2327,2439,1477;947,2425,0,1660,1510,1506;1618,2383,1670,0,680,2533;1642,2711,1529,675,0,2369;1046,1257,1534,2566,2388,0
3.660480;0,1590,1041,1674,1646,1036;1571,0,2181,2397,3007,1182;1013,2125,0,1684,1595,1515;1735,2416,1707,0,689,2406;1642,2913,1646,680,0,2453;1032,1163,1477,2350,2481,0
3.756740;0,1581,919,1698,1632,1032;1595,0,1876,2524,2754,1172;947,1862,0,1928,1947,1440;1665,2538,1979,0,680,2237;1628,2655,2228,699,0,2547;1050,1163,1341,2233,2542,0
3.852990;0,1665,1032,1703,1642,1046;1670,0,2008,2528,2566,1154;1079,1993,0,2331,2650,1219;1754,2542,2350,0,736,2252;1698,2599,2627,736,0,2449;971,1144,1154,2261,2416,0
3.951910;0,1642,1177,1778,1707,952;1651,0,1656,2519,2603,1130;1238,1613,0,2280,2491,1121;1740,2514,2313,0,717,2313;1679,2496,2627,689,0,2237;938,1116,1022,2331,2237,0
0.084230;0,1032,806,1698,1337,1318;1032,0,1543,1740,1726,1782;811,1552,0,1510,1416,1604;1707,1731,1510,0,741,2669;1379,1750,1421,736,0,2505;1360,1825,1609,2678,2491,0
0.168510;0,1022,806,1735,1402,1365;1027,0,1538,1698,1750,1829;806,1534,0,1520,1388,1637;1721,1707,1524,0,802,2655;1374,1759,1388,797,0,2435;1369,1796,1665,2646,2439,0
0.252770;0,1036,811,1670,1360,1369;1032,0,1552,1745,1759,1796;806,1552,0,1520,1435,1646;1656,1754,1520,0,708,2655;1360,1754,1435,703,0,2505;1351,1815,1618,2664,2538,0
0.337030;0,1008,792,1674,1360,1346;1004,0,1543,1759,1778,1811;792,1543,0,1529,1435,1595;1689,1764,1524,0,699,2688;1355,1787,1421,703,0,2613;1337,1825,1609,2697,2594,0
0.421270;0,1022,802,1726,1351,1337;1022,0,1510,1745,1792,1839;816,1506,0,1529,1407,1628;1717,1731,1529,0,722,2674;1332,1782,1402,717,0,2622;1323,1829,1604,2683,2618,0
0.505520;0,1027,821,1689,1323,1323;1027,0,1543,1726,1778,1815;811,1548,0,1510,1374,1581;1698,1735,1506,0,694,2711;1327,1782,1384,689,0,2439;1346,1796,1595,2716,2439,0
0.589770;0,1008,783,1712,1341,1341;1004,0,1524,1750,1750,1792;778,1515,0,1477,1421,1609;1726,1740,1477,0,703,2716;1346,1731,1430,708,0,2458;1351,1811,1642,2702,2463,0
0.674020;0,1018,792,1726,1351,1355;1018,0,1477,1707,1768,1811;797,1482,0,1524,1463,1670;1703,1707,1529,0,755,2674;1369,1801,1459,755,0,2519;1355,1829,1660,2669,2524,0
0.758260;0,1022,816,1707,1365,1351;1022,0,1510,1707,1806,1848;821,1515,0,1510,1412,1651;1712,1717,1501,0,703,2669;1369,1825,1398,703,0,2533;1332,1825,1637,2655,2538,0
0.842520;0,1008,816,1712,1379,1327;1008,0,1506,1745,1839,1815;816,1491,0,1473,1393,1599;1717,1750,1482,0,727,2613;1388,1792,1393,717,0,2571;1346,1862,1571,2636,2566,0
0.929430;0,1032,825,1726,1393,1346;1032,0,1473,1754,1754,1872;811,1468,0,1506,1388,1557;1721,1754,1510,0,699,2739;1341,1764,1384,699,0,2622;1341,1843,1581,2636,2603,0
1.016370;0,980,802,1689,1337,1351;975,0,1440,1712,1745,1857;806,1440,0,1482,1384,1646;1670,1712,1473,0,652,2739;1421,1726,1388,656,0,2350;1379,1872,1665,2636,2331,0
1.103290;0,994,806,1698,1430,1379;985,0,1440,1712,1693,1853;802,1440,0,1496,1388,1679;1703,1712,1496,0,750,2739;1388,1670,1393,764,0,2463;1384,1839,1689,2754,2505,0
1.187520;0,966,792,1693,1384,1384;985,0,1430,1726,1707,1853;788,1426,0,1529,1430,1656;1698,1726,1529,0,727,2721;1379,1754,1440,722,0,2477;1379,1895,1646,2730,2472,0
1.271760;0,1036,825,1726,1379,1379;1036,0,1445,1735,1773,1900;835,1454,0,1534,1426,1637;1726,1731,1538,0,806,2688;1323,1768,1426,816,0,2655;1407,1886,1618,2622,2660,0
1.356000;0,1004,825,1703,1299,1421;1004,0,1459,1707,1782,1890;821,1449,0,1510,1412,1623;1689,1717,1501,0,755,2547;1318,1820,1398,750,0,2524;1459,1937,1646,2557,2505,0
1.440230;0,994,830,1689,1337,1459;989,0,1426,1735,1829,1956;825,1416,0,1477,1398,1637;1703,1750,1482,0,727,2547;1327,1792,1402,731,0,2528;1445,1951,1637,2542,2533,0
1.524490;0,999,821,1712,1304,1449;999,0,1412,1764,1768,1951;830,1421,0,1510,1421,1637;1707,1750,1506,0,783,2561;1294,1792,1416,783,0,2528;1445,1975,1623,2547,2533,0
1.608730;0,999,830,1740,1318,1445;1004,0,1421,1745,1806,1989;821,1412,0,1501,1402,1646;1735,1735,1506,0,736,2500;1355,1787,1412,731,0,3532;1473,2022,1665,2477,3725,0
1.692980;0,1004,825,1717,1365,1473;1004,0,1407,1703,1768,2026;821,1412,0,1506,1426,1637;1721,1712,1496,0,708,2453;1365,1764,1430,703,0,3293;1473,2031,1623,2458,3326,0
1.777190;0,1008,792,1750,1360,1473;1008,0,1445,1731,1773,2040;788,1440,0,1468,1402,1637;1759,1731,1473,0,717,2467;1327,1764,1388,722,0,3331;1473,2050,1632,2477,3101,0
1.861450;0,999,802,1750,1323,1477;999,0,1421,1717,1721,2069;806,1430,0,1520,1402,1628;1731,1717,1520,0,736,2467;1360,1717,1416,736,0,3439;1459,2115,1642,2463,3640,0
1.945710;0,1027,802,1707,1384,1459;1027,0,1482,1707,1740,2130;802,1482,0,1529,1421,1651;1703,1712,1529,0,717,2430;1341,1773,1416,708,0,2819;1487,2172,1670,2402,2627,0
2.029930;0,1013,811,1717,1309,1487;1018,0,1459,1745,1782,2186;821,1459,0,1529,1412,1679;1745,1745,1529,0,708,2402;1309,1754,1421,717,0,2613;1463,2191,1660,2402,2618,0
2.114190;0,1032,830,1754,1332,1463;1027,0,1491,1735,1731,2200;821,1501,0,1515,1435,1656;1707,1745,1506,0,703,2369;1332,1712,1430,699,0,3448;1487,2200,1651,2364,3607,0
2.198450;0,1018,806,1679,1313,1487;1018,0,1510,1764,1712,2191;802,1501,0,1463,1412,1646;1731,1759,1463,0,745,2392;1327,1745,1402,750,0,3532;1473,2209,1665,2411,3551,0
2.282720;0,1018,783,1759,1351,1468;1018,0,1463,1712,1759,2223;783,1463,0,1501,1402,1646;1745,1703,1506,0,736,2402;1351,1745,1412,717,0,2796;1477,2228,1642,2388,2782,0
2.366970;0,1022,811,1721,1351,1477;1022,0,1430,1745,1750,2209;821,1430,0,1506,1412,1660;1712,1754,1501,0,699,2392;1384,1754,1416,708,0,3692;1473,2191,1660,2392,3532,0
2.453870;0,1041,835,1731,1384,1477;1041,0,1496,1717,1768,2191;839,1491,0,1454,1445,1670;1717,1717,1440,0,731,2364;1388,1782,1430,736,0,3504;1473,2181,1670,2392,3842,0
2.540810;0,1018,830,1717,1416,1487;1018,0,1459,1745,1787,2186;830,1468,0,1487,1379,1674;1740,1750,1501,0,731,2364;1388,1801,1384,727,0,3819;1482,2130,1656,2392,3392,0
2.625060;0,1032,825,1707,1341,1482;1027,0,1520,1740,1811,2125;816,1515,0,1463,1440,1656;1689,1745,1449,0,722,2364;1309,1811,1445,722,0,3434;1468,2148,1646,2435,3673,0
2.709330;0,1004,797,1712,1327,1459;999,0,1491,1740,1796,2120;792,1496,0,1463,1416,1656;1698,1726,1468,0,731,2402;1365,1801,1407,731,0,3298;1463,2106,1670,2397,3401,0
2.796250;0,1004,792,1684,1360,1463;1004,0,1515,1712,1815,2101;792,1520,0,1491,1416,1623;1684,1712,1491,0,689,2397;1327,1806,1416,694,0,4719;1459,2073,1613,2397,4597,0
2.880530;0,999,806,1721,1323,1468;999,0,1501,1707,1792,2087;816,1496,0,1510,1369,1679;1759,1721,1515,0,755,2397;1337,1792,1365,745,0,3636;1477,2045,1698,2467,3795,0
2.964820;0,994,802,1721,1341,1477;999,0,1496,1759,1796,2008;792,1496,0,1510,1402,1651;1721,1764,1515,0,708,2444;1332,1792,1402,713,0,4016;1496,2022,1613,2425,3819,0
3.049100;0,1036,811,1726,1323,1491;1036,0,1548,1759,1773,2031;830,1557,0,1524,1388,1632;1721,1764,1515,0,684,2388;1332,1745,1388,680,0,2646;1463,2036,1674,2397,2538,0
3.133390;0,1036,830,1731,1337,1463;1036,0,1552,1759,1726,2036;811,1552,0,1491,1407,1665;1707,1754,1491,0,717,2411;1299,1731,1416,722,0,3171;1421,2022,1623,2420,3396,0
3.217660;0,1027,821,1693,1280,1416;1027,0,1543,1750,1750,2017;830,1538,0,1501,1416,1613;1679,1731,1501,0,689,2444;1318,1764,1412,689,0,3964;1430,2008,1646,2435,3851,0
3.301940;0,1022,797,1670,1337,1435;1018,0,1515,1712,1768,2008;783,1510,0,1491,1407,1684;1726,1735,1491,0,727,2420;1323,1825,1416,722,0,3218;1449,2031,1665,2420,3204,0
3.386240;0,1022,816,1754,1323,1449;1022,0,1524,1768,1876,2036;821,1534,0,1524,1421,1646;1712,1764,1529,0,717,2392;1337,1834,1407,727,0,3622;1435,2045,1665,2397,3894,0
3.470520;0,1008,797,1703,1332,1440;1004,0,1557,1745,1801,2050;802,1557,0,1534,1393,1665;1698,1740,1524,0,694,2430;1285,1796,1388,689,0,4396;1454,2054,1632,2449,4114,0
3.554780;0,1022,825,1665,1280,1449;1032,0,1529,1726,1735,2050;830,1529,0,1524,1384,1618;1628,1712,1524,0,745,2463;1313,1721,1388,750,0,2618;1440,2050,1646,2439,2510,0
3.639060;0,1060,811,1595,1346,1445;1060,0,1534,1712,1782,2054;797,1529,0,1496,1388,1656;1628,1731,1496,0,750,2378;1369,1811,1393,741,0,3467;1463,2054,1651,2369,3673,0
3.723340;0,1041,806,1698,1369,1473;1046,0,1491,1740,1811,2064;811,1496,0,1482,1398,1660;1707,1726,1477,0,656,2369;1355,1843,1388,656,0,2805;1482,2092,1660,2388,2805,0
3.807590;0,1041,816,1703,1327,1473;1041,0,1524,1731,1876,2101;816,1524,0,1487,1393,1628;1712,1735,1491,0,713,2397;1309,1848,1388,727,0,4649;1426,2111,1609,2383,4823,0
3.891850;0,1050,797,1679,1313,1430;1055,0,1529,1745,1815,2092;792,1529,0,1501,1374,1637;1665,1754,1496,0,774,2378;1318,1801,1388,778,0,4748;1459,2092,1665,2388,4743,0
3.976150;0,1032,806,1684,1323,1459;1036,0,1491,1754,1778,2111;821,1501,0,1491,1407,1637;1684,1754,1496,0,750,2402;1309,1759,1407,741,0,4780;1445,2134,1618,2406,4780,0
0.096300;0,1398,863,1609,1717,1421;1398,0,1520,1637,2115,2026;858,1524,0,1449,1416,1689;1628,1637,1445,0,506,3678;1717,2162,1435,502,0,3213;1416,2022,1684,3659,3218,0
0.192590;0,1412,839,1623,1717,1412;1416,0,1515,1637,2083,2026;844,1510,0,1463,1449,1703;1618,1651,1463,0,497,3617;1721,2026,1449,502,0,3227;1393,2040,1712,3626,3232,0
0.288870;0,1374,839,1628,1731,1393;1369,0,1496,1665,2125,2031;825,1496,0,1449,1454,1703;1623,1674,1459,0,525,3673;1721,2172,1445,520,0,3246;1416,2036,1689,3650,3237,0
0.385150;0,1416,825,1632,1707,1426;1416,0,1459,1689,2125,2031;825,1463,0,1473,1407,1689;1656,1684,1468,0,497,3603;1712,2036,1407,502,0,3223;1435,2036,1703,3607,3223,0
0.481430;0,1407,825,1651,1731,1430;1412,0,1510,1660,1989,2045;830,1510,0,1449,1421,1707;1613,1660,1449,0,516,3612;1717,2092,1430,516,0,3223;1416,2054,1703,3622,3227,0
0.577720;0,1407,835,1623,1689,1421;1402,0,1487,1684,2097,2064;830,1487,0,1445,1435,1707;1646,1689,1440,0,506,3612;1693,2031,1421,506,0,3223;1426,2101,1703,3612,3223,0
0.673990;0,1393,825,1646,1721,1426;1388,0,1496,1670,1998,2092;830,1491,0,1445,1435,1689;1651,1665,1440,0,502,3640;1754,1979,1459,506,0,3199;1445,2031,1712,3626,3185,0
0.770290;0,1398,839,1642,1754,1440;1398,0,1477,1656,2022,2031;835,1482,0,1454,1435,1721;1599,1646,1468,0,525,3617;1717,2087,1416,525,0,3181;1369,2059,1707,3617,3185,0
0.866600;0,1365,849,1604,1703,1365;1365,0,1501,1618,2069,2050;844,1506,0,1473,1421,1712;1665,1637,1468,0,520,3612;1703,2031,1430,516,0,3204;1360,2054,1726,3631,3204,0
0.962930;0,1412,844,1674,1698,1365;1421,0,1501,1684,2101,2059;844,1491,0,1445,1440,1717;1632,1684,1440,0,520,3631;1707,2172,1440,520,0,3227;1388,2045,1707,3607,3232,0
1.059270;0,1412,839,1628,1726,1388;1393,0,1482,1637,2125,2040;839,1487,0,1445,1459,1717;1646,1637,1449,0,530,3593;1740,2045,1463,530,0,3185;1379,2050,1712,3598,3176,0
1.155590;0,1323,858,1656,1735,1384;1327,0,1506,1679,2017,2059;853,1510,0,1463,1440,1693;1637,1689,1463,0,516,3631;1726,2036,1435,511,0,3148;1416,2083,1693,3640,3152,0
1.251920;0,1388,835,1628,1726,1416;1393,0,1520,1665,2026,2078;830,1520,0,1459,1435,1679;1642,1651,1454,0,511,3612;1721,2026,1416,511,0,3209;1407,2045,1665,3607,3213,0
1.348260;0,1388,844,1660,1712,1402;1388,0,1463,1656,2040,2036;839,1459,0,1463,1407,1679;1660,1665,1468,0,525,3659;1721,2045,1416,525,0,3213;1384,2026,1703,3664,3209,0
1.444580;0,1369,821,1656,1726,1388;1365,0,1468,1660,2097,2026;821,1477,0,1468,1412,1693;1651,1660,1468,0,520,3636;1707,2167,1416,520,0,3176;1421,2059,1689,3626,3176,0
1.540880;0,1416,853,1651,1712,1412;1421,0,1491,1656,2111,2087;858,1487,0,1430,1445,1740;1646,1651,1421,0,525,3584;1740,2017,1449,530,0,3227;1351,2111,1778,3556,3232,0
1.637210;0,1412,835,1660,1735,1351;1407,0,1487,1646,2003,2097;825,1487,0,1477,1449,1740;1670,1651,1491,0,544,3546;1707,2036,1449,539,0,3242;1388,2064,1703,3565,3237,0
1.733520;0,1412,811,1656,1707,1393;1412,0,1487,1674,2097,2059;806,1482,0,1463,1435,1698;1646,1674,1459,0,487,3622;1717,2162,1416,483,0,3227;1412,2050,1693,3640,3232,0
1.829840;0,1402,835,1642,1726,1402;1407,0,1482,1656,2115,2054;853,1491,0,1445,1407,1693;1642,1646,1435,0,473,3645;1717,2050,1426,473,0,3227;1384,2064,1703,3650,3227,0
1.926150;0,1435,844,1642,1717,1393;1435,0,1520,1637,2111,2054;839,1515,0,1416,1435,1698;1637,1642,1426,0,506,3636;1726,2139,1430,516,0,3237;1421,2031,1698,3640,3242,0
2.022470;0,1384,858,1637,1721,1421;1365,0,1487,1656,2111,2022;849,1487,0,1454,1430,1726;1656,1656,1445,0,539,3636;1712,2083,1445,530,0,3303;1430,2036,1759,3631,3298,0
2.118800;0,1379,858,1660,1731,1421;1388,0,1487,1670,2040,2036;872,1491,0,1421,1468,1735;1646,1665,1421,0,497,3640;1735,2003,1477,492,0,3227;1398,2017,1712,3645,3223,0
2.215110;0,1398,849,1646,1726,1398;1402,0,1501,1646,2026,2017;830,1501,0,1459,1459,1703;1628,1656,1468,0,483,3636;1721,2083,1440,483,0,3251;1412,2036,1712,3645,3256,0
2.311430;0,1402,821,1604,1721,1416;1388,0,1501,1674,2078,2031;825,1501,0,1477,1440,1712;1585,1670,1473,0,473,3645;1735,2078,1449,473,0,3242;1440,2031,1693,3645,3246,0
2.407750;0,1374,830,1571,1735,1440;1379,0,1477,1670,2158,2036;821,1473,0,1477,1449,1665;1581,1679,1477,0,511,3650;1712,2153,1449,511,0,3317;1421,2054,1665,3673,3312,0
2.504080;0,1393,816,1581,1717,1421;1398,0,1520,1679,2064,2073;811,1524,0,1487,1449,1670;1585,1670,1501,0,492,3687;1745,2064,1435,497,0,3251;1445,2064,1651,3654,3237,0
2.600390;0,1402,802,1609,1750,1454;1388,0,1477,1670,2064,2040;797,1468,0,1473,1426,1637;1613,1679,1454,0,506,3654;1750,2026,1430,511,0,3204;1445,2017,1637,3654,3213,0
2.696660;0,1365,792,1613,1750,1445;1369,0,1468,1674,2036,2017;802,1473,0,1477,1430,1642;1632,1674,1487,0,516,3626;1750,2069,1440,516,0,3265;1440,2050,1656,3640,3256,0
2.792960;0,1346,816,1646,1750,1440;1337,0,1473,1679,2059,2059;806,1468,0,1463,1468,1651;1637,1689,1454,0,511,3729;1740,2040,1463,511,0,3218;1421,2040,1637,3739,3218,0
2.889250;0,1374,816,1623,1750,1421;1379,0,1459,1707,2008,2045;816,1454,0,1473,1440,1637;1623,1712,1482,0,506,3636;1778,1975,1445,506,0,3237;1445,2064,1632,3589,3242,0
2.985540;0,1355,821,1632,1768,1440;1355,0,1421,1707,1989,2059;835,1416,0,1538,1449,1632;1646,1698,1548,0,506,3607;1750,2008,1449,511,0,3237;1402,2050,1642,3650,3227,0
3.081830;0,1379,825,1651,1750,1402;1379,0,1463,1674,1979,2059;811,1468,0,1468,1449,1637;1646,1670,1463,0,511,3711;1745,2012,1449,506,0,3204;1379,2073,1623,3715,3204,0
3.178130;0,1407,821,1660,1740,1379;1407,0,1445,1665,2092,2073;825,1449,0,1487,1440,1623;1684,1674,1487,0,502,3744;1740,2078,1440,506,0,3209;1398,2078,1609,3729,3199,0
3.274420;0,1393,811,1684,1731,1398;1388,0,1445,1665,2022,2087;806,1435,0,1454,1430,1604;1670,1656,1454,0,520,3617;1750,2012,1435,520,0,3157;1398,2073,1613,3617,3162,0
3.370700;0,1384,816,1642,1764,1407;1384,0,1421,1674,2036,2059;830,1426,0,1468,1454,1613;1632,1684,1477,0,506,3729;1759,2045,1459,506,0,3181;1407,2087,1628,3659,3171,0
3.466990;0,1374,839,1637,1773,1398;1374,0,1426,1670,2036,2101;816,1426,0,1520,1468,1660;1632,1660,1520,0,520,3420;1782,2040,1477,520,0,3143;1369,2101,1670,3485,3157,0
3.563300;0,1360,806,1632,1773,1379;1355,0,1440,1637,2036,2111;811,1445,0,1487,1473,1665;1623,1637,1482,0,534,3711;1773,2036,1468,534,0,3213;1435,2120,1646,3725,3213,0
3.659600;0,1374,802,1609,1764,1435;1379,0,1426,1670,2083,2125;802,1421,0,1449,1449,1628;1613,1674,1449,0,525,3739;1735,2153,1449,520,0,3195;1384,2130,1618,3668,3195,0
3.758550;0,1365,844,1628,1721,1374;1360,0,1440,1660,2153,2125;849,1440,0,1468,1449,1637;1642,1660,1468,0,492,3485;1712,2092,1463,487,0,3213;1388,2115,1651,3528,3195,0
3.854820;0,1365,811,1660,1717,1402;1374,0,1398,1679,2026,2134;802,1393,0,1426,1496,1656;1660,1689,1421,0,483,3636;1745,1989,1487,487,0,3185;1412,2153,1656,3650,3209,0
3.951070;0,1384,821,1651,1773,1402;1379,0,1430,1674,2036,2130;839,1435,0,1468,1463,1674;1656,1670,1468,0,539,3668;1782,2097,1449,539,0,3303;1412,2092,1703,3678,3303,0
0.096210;0,1262,914,1632,1918,1290;1252,0,1271,1665,1384,1989;924,1290,0,1445,1323,1703;1768,1656,1459,0,741,2345;1843,1421,1323,741,0,2331;1304,1951,1684,2345,2317,0
0.192430;0,1238,943,1853,1778,1304;1243,0,1365,1632,1646,1956;947,1374,0,1506,1323,1693;1881,1628,1510,0,736,2547;1684,1961,1337,727,0,2496;1285,1975,1698,2852,2505,0
0.288670;0,1299,938,1872,1642,1290;1304,0,1346,1595,2036,1975;905,1327,0,1491,1351,1674;1862,1595,1487,0,703,3368;1585,1956,1346,703,0,2571;1318,1933,1670,3448,2599,0
0.384940;0,1313,867,1839,1595,1323;1309,0,1285,1623,1886,1918;872,1285,0,1430,1341,1679;1773,1651,1426,0,699,3115;1646,1811,1355,699,0,2660;1309,1923,1628,2702,2650,0
0.481180;0,1243,919,1735,1642,1309;1238,0,1271,1670,1792,1937;905,1290,0,1477,1374,1538;1759,1679,1510,0,788,2256;1693,1843,1398,802,0,2707;1318,1975,1487,2270,2730,0
0.577430;0,1177,839,1773,1778,1318;1172,0,1487,1707,1881,1989;849,1538,0,1698,1468,1473;1698,1707,1721,0,858,2411;1862,1895,1529,858,0,2697;1294,1984,1398,2430,2688,0
0.673680;0,1196,886,1628,1834,1299;1191,0,1674,1689,1909,1989;891,1689,0,1862,1754,1285;1698,1679,1909,0,825,2435;1740,1937,1843,816,0,2730;1346,2036,1116,2481,2739,0
0.769920;0,1177,872,1759,1717,1351;1182,0,1726,1660,1886,2059;914,1735,0,2298,2026,1041;1759,1660,2355,0,844,2575;1670,1679,2097,849,0,2660;1388,2092,971,2566,2613,0
0.866190;0,1116,1032,1735,1656,1393;1107,0,1811,1665,1520,2078;1102,1839,0,2650,2303,877;1745,1656,2655,0,858,2589;1703,1571,2355,863,0,2369;1304,1947,783,2613,2341,0
0.962400;0,1191,1337,1731,1731,1290;1187,0,1848,1599,1735,1890;1393,1806,0,2345,2392,783;1689,1613,2322,0,821,2725;1764,1825,2453,811,0,2345;1398,1796,849,2819,2350,0
1.058650;0,1088,1191,1735,1792,1430;1079,0,1402,1735,1839,1792;1121,1374,0,2533,2467,882;1768,1806,2566,0,839,2763;1834,1900,2397,849,0,2425;1360,1735,914,2678,2477,0
1.154900;0,1079,1172,1735,1857,1341;1097,0,1557,1947,1989,1646;1168,1576,0,2294,2270,1004;1707,1989,2176,0,825,2552;1886,2059,2167,816,0,2871;1266,1543,1065,2519,2871,0
1.251130;0,1205,1032,1778,1853,1266;1224,0,1477,2130,2125,1534;919,1454,0,1961,1942,1126;1857,2181,1970,0,806,2519;1707,2092,1862,806,0,2467;1285,1463,1187,2472,2458,0
1.350020;0,1412,670,1735,1693,1285;1412,0,1360,2153,2031,1402;628,1435,0,1876,1796,1238;1576,2144,1820,0,811,2369;1740,2120,1735,816,0,2739;1262,1355,1290,2336,2758,0
1.446230;0,1309,652,1628,1778,1266;1323,0,1834,2200,2247,1402;699,1764,0,1557,1473,1416;1674,2214,1557,0,802,2270;1782,2355,1388,792,0,2782;1309,1454,1529,2270,2763,0
1.542450;0,1384,867,1750,1740,1313;1379,0,1571,2566,2561,1473;943,1609,0,1552,1304,1595;1881,2730,1524,0,783,2355;1660,2693,1252,788,0,2486;1318,1510,1618,2345,2449,0
1.638660;0,1294,1065,1876,1703,1323;1285,0,1665,2336,2707,1491;1149,1698,0,1407,1182,1613;1834,2148,1407,0,797,2242;1787,2618,1177,788,0,2388;1318,1365,1562,2270,2374,0
1.734880;0,1229,1271,1848,1773,1309;1224,0,2031,2205,2453,1290;1285,2054,0,1435,1252,1534;1796,2252,1435,0,722,2425;1825,2341,1309,699,0,2374;1201,1107,1557,2406,2369,0
1.831100;0,1182,1271,1726,1792,1172;1182,0,1979,2298,2308,1055;1276,1970,0,1440,1374,1595;1740,2308,1440,0,633,2275;1557,2294,1379,633,0,2308;1055,1074,1613,2261,2317,0
1.927320;0,1248,1276,1750,1529,1041;1257,0,1998,2374,2322,1135;1266,2012,0,1412,1416,1628;1750,2374,1407,0,619,2280;1632,2350,1487,624,0,2467;1055,1266,1623,2266,2481,0
2.023530;0,1229,1233,1740,1693,1055;1238,0,2036,2336,2284,1304;1233,2026,0,1416,1703,1628;1750,2308,1416,0,736,2242;1782,2158,1698,769,0,2350;1013,1388,1632,2247,2298,0
2.119770;0,1285,1266,1782,1820,1018;1299,0,2008,2209,2172,1468;1327,2003,0,1398,1482,1628;1778,2153,1388,0,933,2284;1933,2214,1421,952,0,2172;1022,1557,1609,2313,2162,0
2.216010;0,1276,1346,1778,1951,1022;1266,0,1970,2111,2172,1595;1276,1942,0,1402,1407,1599;1773,2045,1421,0,999,2341;1956,2045,1412,1013,0,2200;1027,1670,1557,2341,2205,0
2.312220;0,1126,1168,1674,1843,1032;1121,0,1759,1853,1923,1726;1121,1712,0,1538,1463,1510;1581,1707,1571,0,1055,2336;1440,1820,1538,1060,0,2266;1074,1651,1459,2298,2256,0
2.408450;0,1154,1201,1585,1421,1088;1172,0,1750,1721,1764,1609;1271,1801,0,1773,1731,1379;1581,1848,1806,0,1022,2223;1731,1703,1768,1022,0,2125;1097,1604,1248,2233,2115,0
2.504670;0,1168,1130,1642,1815,1088;1168,0,1843,1792,1651,1623;1093,1834,0,1951,1703,1168;1721,1674,1970,0,1022,2313;1886,1651,1740,1018,0,2284;1055,1623,1126,2350,2303,0
2.600870;0,1172,1233,1618,1834,1055;1191,0,1825,1613,1665,1628;1276,1811,0,2008,1970,1107;1520,1595,2003,0,975,2388;1576,1674,2031,975,0,2256;1046,1595,1069,2364,2247,0
2.697090;0,1276,1191,1585,1534,1046;1285,0,1848,1557,1740,1595;1168,1867,0,1900,2017,1027;1693,1524,1886,0,882,2284;1646,1811,2073,867,0,2280;1050,1656,985,2247,2275,0
2.793330;0,1262,1182,1731,1726,1050;1252,0,1914,1482,1829,1689;1158,1890,0,1909,2266,938;1754,1482,1928,0,886,2223;2130,1829,2308,872,0,2284;1027,1679,867,2228,2294,0
2.889530;0,1182,1097,1754,2195,1022;1252,0,1914,1482,1829,1689;1055,1656,0,2040,2345,774;1782,1520,2078,0,703,2261;2120,1834,2322,689,0,2416;966,1642,699,2256,2411,0
2.985730;0,1257,924,1900,2176,966;1252,0,1684,1501,1731,1642;900,1674,0,2533,2158,722;1984,1524,2547,0,699,2247;1979,1646,2115,694,0,2252;938,1646,731,2266,2242,0
3.081960;0,1205,872,2003,1815,938;1210,0,1454,1581,1609,1660;867,1426,0,2012,2073,750;1904,1609,1951,0,694,2369;1792,1632,2026,713,0,2374;980,1557,731,2369,2388,0
3.178150;0,1196,830,1689,1829,1004;1210,0,1393,1632,1642,1482;825,1412,0,1965,2026,708;1571,1637,1975,0,867,2397;1918,1609,2045,896,0,2467;1149,1529,652,2359,2481,0
3.274360;0,1294,760,1552,1867,1149;1276,0,1487,1590,1576,1585;736,1477,0,2050,2153,638;1670,1571,2045,0,1036,2120;1679,1590,2167,1055,0,2406;1008,1670,694,2054,2402,0
3.370550;0,1140,731,1796,1707,985;1130,0,1384,1538,1590,1665;745,1416,0,2031,2045,849;1759,1543,2045,0,1121,2101;1862,1595,1956,1111,0,2463;900,1618,1041,2130,2458,0
3.469400;0,1135,802,1613,1904,882;1135,0,1618,1557,1599,1618;783,1609,0,2031,1754,1093;1576,1571,2040,0,1060,2130;1918,1585,1679,1060,0,2350;863,1632,1126,2111,2341,0
3.565550;0,1187,755,1585,1839,872;1182,0,1557,1567,1567,1604;792,1585,0,1970,1703,1238;1529,1571,1933,0,1079,2148;1717,1595,1674,1060,0,2252;853,1524,1341,2144,2256,0
3.661750;0,1079,830,1468,1834,853;1074,0,1637,1552,1632,1496;816,1646,0,1829,1463,1468;1473,1548,1806,0,971,2134;1998,1703,1374,966,0,2355;891,1449,1515,2158,2359,0
3.757920;0,1290,910,1491,1956,891;1313,0,1637,1571,1820,1416;1013,1628,0,1618,1304,1510;1496,1623,1595,0,933,2195;1834,1909,1294,924,0,2397;853,1393,1520,2228,2397,0
3.854110;0,1285,1144,1477,1857,853;1285,0,1646,1721,1900,1416;1163,1660,0,1463,1309,1557;1477,1773,1454,0,877,2406;2012,1900,1318,867,0,2406;858,1506,1576,2411,2406,0
3.950310;0,1360,1219,1534,1951,853;1369,0,1689,1876,1956,1543;1257,1698,0,1585,1374,1567;1628,1937,1604,0,816,2158;1646,2022,1412,806,0,2322;792,1562,1552,2059,2313,0
0.096260;0,1116,877,1412,1806,1285;1116,0,1698,1609,1754,1416;877,1698,0,1989,1412,1154;1416,1623,2008,0,797,2158;1876,1768,1426,797,0,2636;1276,1384,1135,2148,2622,0
0.192540;0,1088,891,1379,1979,1280;1083,0,1670,1642,1796,1384;882,1670,0,2054,1435,1121;1351,1632,2045,0,769,2158;2040,1796,1435,755,0,2514;1271,1407,1126,2158,2449,0
0.288790;0,1088,858,1355,2012,1285;1083,0,1707,1637,1782,1421;853,1721,0,2022,1482,1144;1384,1642,2012,0,736,2200;1975,1792,1477,745,0,2252;1285,1384,1140,2205,2242,0
0.385040;0,1069,867,1421,1965,1280;1065,0,1726,1646,1811,1379;872,1717,0,2003,1416,1168;1416,1646,2012,0,788,2186;1914,1825,1430,788,0,2435;1252,1365,1135,2181,2514,0
0.481300;0,1065,914,1398,1904,1266;1074,0,1721,1660,1829,1379;924,1721,0,1979,1454,1088;1388,1660,1979,0,736,2237;1904,1825,1449,741,0,2538;1285,1393,1088,2223,2481,0
0.577560;0,1069,905,1369,1904,1290;1060,0,1735,1623,1811,1398;900,1740,0,2008,1473,1140;1346,1613,2012,0,783,2209;1918,1811,1477,783,0,2500;1285,1365,1135,2205,2449,0
0.673810;0,1060,905,1341,1890,1280;1065,0,1707,1651,1801,1360;905,1712,0,2003,1430,1140;1379,1670,1993,0,741,2214;1853,1792,1416,736,0,2223;1257,1332,1168,2191,2228,0
0.096300;0,1398,863,1609,1717,1421;1398,0,1520,1637,2115,2026;858,1524,0,1449,1416,1689;1628,1637,1445,0,506,3678;1717,2162,1435,502,0,3213;1416,2022,1684,3659,3218,0
0.192590;0,1412,839,1623,1717,1412;1416,0,1515,1637,2083,2026;844,1510,0,1463,1449,1703;1618,1651,1463,0,497,3617;1721,2026,1449,502,0,3227;1393,2040,1712,3626,3232,0
0.288870;0,1374,839,1628,1731,1393;1369,0,1496,1665,2125,2031;825,1496,0,1449,1454,1703;1623,1674,1459,0,525,3673;1721,2172,1445,520,0,3246;1416,2036,1689,3650,3237,0
0.385150;0,1416,825,1632,1707,1426;1416,0,1459,1689,2125,2031;825,1463,0,1473,1407,1689;1656,1684,1468,0,497,3603;1712,2036,1407,502,0,3223;1435,2036,1703,3607,3223,0
0.481430;0,1407,825,1651,1731,1430;1412,0,1510,1660,1989,2045;830,1510,0,1449,1421,1707;1613,1660,1449,0,516,3612;1717,2092,1430,516,0,3223;1416,2054,1703,3622,3227,0
0.577720;0,1407,835,1623,1689,1421;1402,0,1487,1684,2097,2064;830,1487,0,1445,1435,1707;1646,1689,1440,0,506,3612;1693,2031,1421,506,0,3223;1426,2101,1703,3612,3223,0
0.673990;0,1393,825,1646,1721,1426;1388,0,1496,1670,1998,2092;830,1491,0,1445,1435,1689;1651,1665,1440,0,502,3640;1754,1979,1459,506,0,3199;1445,2031,1712,3626,3185,0
0.770290;0,1398,839,1642,1754,1440;1398,0,1477,1656,2022,2031;835,1482,0,1454,1435,1721;1599,1646,1468,0,525,3617;1717,2087,1416,525,0,3181;1369,2059,1707,3617,3185,0
0.866600;0,1365,849,1604,1703,1365;1365,0,1501,1618,2069,2050;844,1506,0,1473,1421,1712;1665,1637,1468,0,520,3612;1703,2031,1430,516,0,3204;1360,2054,1726,3631,3204,0
0.962930;0,1412,844,1674,1698,1365;1421,0,1501,1684,2101,2059;844,1491,0,1445,1440,1717;1632,1684,1440,0,520,3631;1707,2172,1440,520,0,3227;1388,2045,1707,3607,3232,0
1.059270;0,1412,839,1628,1726,1388;1393,0,1482,1637,2125,2040;839,1487,0,1445,1459,1717;1646,1637,1449,0,530,3593;1740,2045,1463,530,0,3185;1379,2050,1712,3598,3176,0
1.155590;0,1323,858,1656,1735,1384;1327,0,1506,1679,2017,2059;853,1510,0,1463,1440,1693;1637,1689,1463,0,516,3631;1726,2036,1435,511,0,3148;1416,2083,1693,3640,3152,0
1.251920;0,1388,835,1628,1726,1416;1393,0,1520,1665,2026,2078;830,1520,0,1459,1435,1679;1642,1651,1454,0,511,3612;1721,2026,1416,511,0,3209;1407,2045,1665,3607,3213,0
1.348260;0,1388,844,1660,1712,1402;1388,0,1463,1656,2040,2036;839,1459,0,1463,1407,1679;1660,1665,1468,0,525,3659;1721,2045,1416,525,0,3213;1384,2026,1703,3664,3209,0
1.444580;0,1369,821,1656,1726,1388;1365,0,1468,1660,2097,2026;821,1477,0,1468,1412,1693;1651,1660,1468,0,520,3636;1707,2167,1416,520,0,3176;1421,2059,1689,3626,3176,0
1.540880;0,1416,853,1651,1712,1412;1421,0,1491,1656,2111,2087;858,1487,0,1430,1445,1740;1646,1651,1421,0,525,3584;1740,2017,1449,530,0,3227;1351,2111,1778,3556,3232,0
1.637210;0,1412,835,1660,1735,1351;1407,0,1487,1646,2003,2097;825,1487,0,1477,1449,1740;1670,1651,1491,0,544,3546;1707,2036,1449,539,0,3242;1388,2064,1703,3565,3237,0
1.733520;0,1412,811,1656,1707,1393;1412,0,1487,1674,2097,2059;806,1482,0,1463,1435,1698;1646,1674,1459,0,487,3622;1717,2162,1416,483,0,3227;1412,2050,1693,3640,3232,0
1.829840;0,1402,835,1642,1726,1402;1407,0,1482,1656,2115,2054;853,1491,0,1445,1407,1693;1642,1646,1435,0,473,3645;1717,2050,1426,473,0,3227;1384,2064,1703,3650,3227,0
1.926150;0,1435,844,1642,1717,1393;1435,0,1520,1637,2111,2054;839,1515,0,1416,1435,1698;1637,1642,1426,0,506,3636;1726,2139,1430,516,0,3237;1421,2031,1698,3640,3242,0
2.022470;0,1384,858,1637,1721,1421;1365,0,1487,1656,2111,2022;849,1487,0,1454,1430,1726;1656,1656,1445,0,539,3636;1712,2083,1445,530,0,3303;1430,2036,1759,3631,3298,0
2.118800;0,1379,858,1660,1731,1421;1388,0,1487,1670,2040,2036;872,1491,0,1421,1468,1735;1646,1665,1421,0,497,3640;1735,2003,1477,492,0,3227;1398,2017,1712,3645,3223,0
2.215110;0,1398,849,1646,1726,1398;1402,0,1501,1646,2026,2017;830,1501,0,1459,1459,1703;1628,1656,1468,0,483,3636;1721,2083,1440,483,0,3251;1412,2036,1712,3645,3256,0
2.311430;0,1402,821,1604,1721,1416;1388,0,1501,1674,2078,2031;825,1501,0,1477,1440,1712;1585,1670,1473,0,473,3645;1735,2078,1449,473,0,3242;1440,2031,1693,3645,3246,0
2.407750;0,1374,830,1571,1735,1440;1379,0,1477,1670,2158,2036;821,1473,0,1477,1449,1665;1581,1679,1477,0,511,3650;1712,2153,1449,511,0,3317;1421,2054,1665,3673,3312,0
2.504080;0,1393,816,1581,1717,1421;1398,0,1520,1679,2064,2073;811,1524,0,1487,1449,1670;1585,1670,1501,0,492,3687;1745,2064,1435,497,0,3251;1445,2064,1651,3654,3237,0
2.600390;0,1402,802,1609,1750,1454;1388,0,1477,1670,2064,2040;797,1468,0,1473,1426,1637;1613,1679,1454,0,506,3654;1750,2026,1430,511,0,3204;1445,2017,1637,3654,3213,0
2.696660;0,1365,792,1613,1750,1445;1369,0,1468,1674,2036,2017;802,1473,0,1477,1430,1642;1632,1674,1487,0,516,3626;1750,2069,1440,516,0,3265;1440,2050,1656,3640,3256,0
2.792960;0,1346,816,1646,1750,1440;1337,0,1473,1679,2059,2059;806,1468,0,1463,1468,1651;1637,1689,1454,0,511,3729;1740,2040,1463,511,0,3218;1421,2040,1637,3739,3218,0
2.889250;0,1374,816,1623,1750,1421;1379,0,1459,1707,2008,2045;816,1454,0,1473,1440,1637;1623,1712,1482,0,506,3636;1778,1975,1445,506,0,3237;1445,2064,1632,3589,3242,0
2.985540;0,1355,821,1632,1768,1440;1355,0,1421,1707,1989,2059;835,1416,0,1538,1449,1632;1646,1698,1548,0,506,3607;1750,2008,1449,511,0,3237;1402,2050,1642,3650,3227,0
3.081830;0,1379,825,1651,1750,1402;1379,0,1463,1674,1979,2059;811,1468,0,1468,1449,1637;1646,1670,1463,0,511,3711;1745,2012,1449,506,0,3204;1379,2073,1623,3715,3204,0
3.178130;0,1407,821,1660,1740,1379;1407,0,1445,1665,2092,2073;825,1449,0,1487,1440,1623;1684,1674,1487,0,502,3744;1740,2078,1440,506,0,3209;1398,2078,1609,3729,3199,0
3.274420;0,1393,811,1684,1731,1398;1388,0,1445,1665,2022,2087;806,1435,0,1454,1430,1604;1670,1656,1454,0,520,3617;1750,2012,1435,520,0,3157;1398,2073,1613,3617,3162,0
3.370700;0,1384,816,1642,1764,1407;1384,0,1421,1674,2036,2059;830,1426,0,1468,1454,1613;1632,1684,1477,0,506,3729;1759,2045,1459,506,0,3181;1407,2087,1628,3659,3171,0
3.466990;0,1374,839,1637,1773,1398;1374,0,1426,1670,2036,2101;816,1426,0,1520,1468,1660;1632,1660,1520,0,520,3420;1782,2040,1477,520,0,3143;1369,2101,1670,3485,3157,0
3.563300;0,1360,806,1632,1773,1379;1355,0,1440,1637,2036,2111;811,1445,0,1487,1473,1665;1623,1637,1482,0,534,3711;1773,2036,1468,534,0,3213;1435,2120,1646,3725,3213,0
3.659600;0,1374,802,1609,1764,1435;1379,0,1426,1670,2083,2125;802,1421,0,1449,1449,1628;1613,1674,1449,0,525,3739;1735,2153,1449,520,0,3195;1384,2130,1618,3668,3195,0
3.758550;0,1365,844,1628,1721,1374;1360,0,1440,1660,2153,2125;849,1440,0,1468,1449,1637;1642,1660,1468,0,492,3485;1712,2092,1463,487,0,3213;1388,2115,1651,3528,3195,0
3.854820;0,1365,811,1660,1717,1402;1374,0,1398,1679,2026,2134;802,1393,0,1426,1496,1656;1660,1689,1421,0,483,3636;1745,1989,1487,487,0,3185;1412,2153,1656,3650,3209,0
3.951070;0,1384,821,1651,1773,1402;1379,0,1430,1674,2036,2130;839,1435,0,1468,1463,1674;1656,1670,1468,0,539,3668;1782,2097,1449,539,0,3303;1412,2092,1703,3678,3303,0
0.096210;0,928,422,1585,1599,1365;938,0,1248,1750,1820,1778;441,1243,0,1806,1956,1243;1618,1778,1829,0,872,2486;1604,1792,1961,877,0,3091;1388,1684,1233,2500,2922,0
0.192440;0,985,492,1665,1520,1384;1013,0,1327,1787,1750,1609;511,1332,0,1904,1862,1243;1628,1764,1900,0,924,2472;1440,1721,1778,938,0,2477;1393,1670,1318,2458,2557,0
0.288660;0,1074,502,1473,1445,1379;1041,0,1388,1689,1684,1679;525,1430,0,1750,1665,1393;1430,1665,1726,0,994,2406;1435,1689,1604,1008,0,3012;1355,1787,1468,2411,2965,0
0.384870;0,905,675,1557,1412,1360;910,0,1219,1703,1703,1801;760,1168,0,1684,1360,1473;1632,1731,1665,0,1018,2472;1477,1740,1318,1041,0,2678;1393,1642,1445,2646,2613,0
0.481070;0,961,863,1618,1506,1407;971,0,1463,1759,1768,1604;975,1510,0,1674,1412,1449;1599,1759,1679,0,1187,3668;1557,1792,1440,1182,0,2383;1552,1642,1463,3969,2585,0
0.577270;0,1069,1285,1618,1567,1543;1083,0,1623,1703,1853,1618;1262,1670,0,1632,1463,1430;1689,1679,1623,0,1074,3101;1599,1951,1449,1036,0,4020;1341,1599,1379,2693,3983,0
0.673480;0,1135,853,1646,1604,1323;1135,0,1440,1609,1923,1609;717,1379,0,1613,1487,1346;1590,1599,1604,0,872,2500;1571,1806,1562,849,0,2941;1346,1637,1290,2406,2838,0
0.769680;0,971,520,1581,1548,1337;957,0,1252,1576,1759,1674;497,1215,0,1538,1764,1252;1599,1590,1557,0,844,2294;1567,1759,1811,858,0,2472;1294,1787,1191,2294,2416,0
0.865920;0,985,553,1543,1595,1294;985,0,1018,1679,1778,1815;563,1036,0,1881,1876,1126;1506,1735,1928,0,1079,2341;1613,1778,1895,1097,0,2270;1304,1820,1088,2317,2275,0
0.962100;0,952,563,1543,1599,1304;947,0,1402,1787,1754,1825;558,1416,0,1867,1843,1069;1684,1811,1853,0,1130,2345;1628,1731,1811,1107,0,2481;1346,1782,1121,2364,2500,0
1.058300;0,961,492,1726,1604,1360;966,0,1266,1764,1717,1759;487,1276,0,1660,1665,1238;1646,1712,1628,0,975,2317;1491,1674,1585,975,0,2439;1384,1735,1351,2322,2439,0
1.154500;0,914,624,1599,1440,1374;924,0,1379,1642,1637,1768;689,1388,0,1529,1416,1421;1670,1651,1524,0,849,2453;1445,1665,1379,853,0,2519;1374,1867,1468,2510,2500,0
1.250720;0,1065,760,1703,1482,1365;1065,0,1412,1712,1693,1853;811,1416,0,1581,1393,1473;1604,1721,1581,0,1069,2557;1623,1740,1421,1102,0,2388;1280,1773,1449,2575,2374,0
1.346950;0,914,872,1585,1660,1276;905,0,1332,1731,1750,1745;849,1304,0,1562,1459,1435;1717,1698,1557,0,1168,2608;1689,1778,1463,1149,0,2388;1262,1721,1388,2594,2383,0
1.443170;0,980,792,1754,1632,1262;994,0,1313,1571,1796,1740;769,1304,0,1501,1454,1374;1759,1548,1501,0,891,2378;1477,1740,1468,849,0,2270;1280,1707,1341,2205,2266,0
1.539390;0,1018,539,1886,1510,1280;1018,0,1121,1524,1703,1731;464,1163,0,1571,1712,1318;1970,1543,1595,0,797,2158;1637,1726,1825,821,0,2430;1233,1632,1224,2200,2444,0
1.635640;0,1018,464,1806,1646,1224;1046,0,1365,1628,1778,1567;497,1337,0,1815,1942,1126;1670,1684,1848,0,1154,2308;1665,1759,1951,1201,0,2402;1233,1764,1093,2341,2411,0
1.731870;0,1205,553,1595,1684,1238;1196,0,1449,1768,1707,1825;520,1463,0,1843,2022,1088;1604,1815,1825,0,1379,2528;1698,1698,2092,1365,0,2500;1323,1693,1107,2650,2496,0
1.828080;0,1036,441,1689,1637,1360;1046,0,1351,1768,1665,1679;422,1318,0,1623,1979,1177;1665,1717,1618,0,966,2693;1468,1628,1918,924,0,2467;1543,1726,1285,2744,2477,0
1.924280;0,1149,520,1609,1384,1529;1135,0,1369,1698,1646,1731;633,1459,0,1613,1670,1346;1632,1712,1604,0,882,2815;1416,1750,1548,896,0,2641;1430,1740,1384,2683,2669,0
2.020490;0,924,703,1726,1487,1412;919,0,1576,1764,1796,1721;717,1515,0,1618,1501,1379;1764,1778,1613,0,957,2416;1599,1801,1515,999,0,2632;1332,1745,1369,2416,2575,0
2.116710;0,989,821,1660,1609,1318;975,0,1337,1778,1801,1815;835,1337,0,1604,1477,1341;1576,1740,1609,0,1172,2599;1665,1825,1477,1168,0,2256;1243,2022,1276,2707,2237,0
2.212920;0,858,783,1501,1660,1238;849,0,1332,1628,1689,2050;731,1327,0,1665,1477,1248;1520,1618,1684,0,928,2533;1576,1562,1506,896,0,2313;1229,1825,1262,2420,2327,0
2.309150;0,867,534,1646,1557,1219;886,0,1280,1660,1674,1731;492,1271,0,1759,1646,1252;1731,1726,1778,0,839,2528;1670,1815,1698,858,0,2411;1154,1646,1130,2467,2420,0
2.405380;0,1022,450,1698,1689,1140;1041,0,1140,1914,1829,1576;473,1130,0,1914,1811,1055;1754,1942,1928,0,1140,2359;1698,1787,1829,1158,0,2458;1130,1506,1022,2369,2463,0
2.501620;0,1097,553,1787,1750,1130;1102,0,1158,1721,1726,1552;558,1172,0,1909,1933,975;1637,1693,1914,0,1224,2420;1782,1679,2031,1215,0,2467;1201,1801,989,2528,2439,0
2.597850;0,1252,548,1515,1721,1215;1276,0,1271,1717,1642,1862;506,1262,0,1764,2022,1046;1604,1703,1740,0,1041,2594;1599,1618,1933,1041,0,2289;1191,1740,1135,2491,2322,0
2.694090;0,1140,431,1646,1590,1177;1097,0,1196,1693,1623,1651;492,1215,0,1651,1567,1191;1637,1712,1637,0,1050,2514;1595,1660,1459,1013,0,2477;1140,1487,1219,2538,2458,0
2.790310;0,975,745,1674,1628,1130;966,0,1445,1759,1764,1416;830,1463,0,1604,1487,1191;1848,1768,1599,0,1008,2420;1759,1881,1515,1046,0,2383;1065,1351,1196,2486,2369,0
2.886530;0,924,957,2111,1764,1055;914,0,1477,1787,1872,1341;985,1482,0,1571,1529,1238;2134,1768,1557,0,1144,2730;1754,1820,1506,1130,0,2242;1032,1332,1238,2768,2242,0
2.982750;0,914,910,2036,1754,1027;933,0,1412,1693,1862,1346;853,1388,0,1491,1463,1210;2003,1651,1506,0,919,2589;1754,1857,1482,886,0,2374;1008,1374,1163,2430,2369,0
3.078960;0,999,675,1886,1773,1008;1027,0,1402,1585,1806,1379;609,1445,0,1829,1613,1130;1740,1590,1881,0,900,2233;1829,1778,1679,924,0,2369;999,1398,1055,2172,2402,0
3.175190;0,1116,502,1670,1956,1008;1121,0,1384,1651,1768,1426;502,1313,0,1998,1839,971;1815,1679,2008,0,1107,2111;1993,1759,1918,1140,0,2481;1088,1459,924,2120,2444,0
3.271430;0,1163,563,1937,1834,1097;1163,0,1294,1735,1731,1501;572,1313,0,1895,1947,910;1867,1778,1886,0,1248,2327;1886,1707,1933,1252,0,2219;1182,1581,933,2402,2209,0
3.367640;0,1097,581,1792,1918,1187;1088,0,1299,1750,1684,1562;553,1290,0,1857,1904,957;1778,1707,1843,0,1168,2327;1642,1642,1876,1149,0,2303;1135,1524,1032,2322,2308,0
3.463870;0,975,497,1674,1548,1126;980,0,1271,1689,1646,1529;548,1294,0,1726,1764,1130;1768,1698,1707,0,1055,2383;1689,1698,1703,1022,0,2228;1135,1473,1201,2388,2223,0
3.560080;0,1046,741,2106,1806,1135;1027,0,1482,1782,1764,1435;797,1482,0,1585,1477,1243;2195,1811,1562,0,877,2425;1792,1815,1402,891,0,2322;1111,1402,1252,2425,2327,0
3.656290;0,938,849,2069,1750,1116;933,0,1229,1867,1839,1416;900,1201,0,1552,1463,1285;1984,1890,1543,0,1079,2374;1834,1811,1477,1102,0,2327;1187,1506,1304,2369,2336,0
3.752520;0,863,1013,1909,1825,1215;853,0,1271,1970,1773,1581;1018,1299,0,1477,1468,1304;1806,1975,1477,0,1074,2364;1679,1825,1482,1060,0,2345;1309,1637,1318,2364,2322,0
3.848740;0,853,999,1740,1674,1318;863,0,1496,1857,1895,1660;952,1548,0,1543,1435,1337;1698,1796,1571,0,966,2374;1754,1876,1445,961,0,2308;1684,1731,1318,2369,2378,0
3.944910;0,905,713,1670,1740,1759;905,0,1881,1768,1862,1754;605,1857,0,1914,1538,1294;1726,1782,1979,0,914,2613;1745,1951,1646,910,0,3120;1538,1721,1280,2683,3124,0
0.096250;0,1262,1074,1918,1660,1266;1257,0,1581,1689,1923,1660;1074,1543,0,1360,1369,1562;1886,1590,1346,0,1008,3021;1628,1731,1384,1008,0,2542;1318,1693,1529,2894,2524,0
0.192550;0,1191,1046,1848,1590,1337;1182,0,1534,1604,1726,1735;1027,1567,0,1280,1327,1496;1825,1618,1280,0,943,2594;1595,1853,1290,910,0,2420;1421,1768,1459,2580,2402,0
0.288830;0,1168,900,1707,1660,1430;1182,0,1674,1693,1637,1778;821,1660,0,1374,1299,1440;1534,1703,1412,0,778,2683;1768,1585,1346,774,0,2388;1421,1801,1421,2683,2388,0
0.385100;0,1219,699,1534,1731,1416;1215,0,1421,1613,1876,1815;656,1388,0,1628,1445,1402;1820,1595,1642,0,821,2463;1599,1979,1454,849,0,2294;1421,1825,1365,2430,2303,0
0.481350;0,1266,577,2045,1590,1412;1271,0,1360,1599,1942,1834;553,1388,0,1576,1430,1388;1923,1599,1571,0,1182,2444;1618,1947,1402,1262,0,2505;1266,1843,1426,2397,2481,0
0.577630;0,1252,534,1717,1613,1285;1285,0,1618,1562,1961,1848;567,1651,0,1632,1337,1473;1642,1552,1642,0,1632,2402;1581,1993,1299,1651,0,2195;1599,1848,1468,2378,2181,0
0.673910;0,1599,689,1660,1590,1632;1613,0,1740,1618,2012,1839;774,1745,0,1698,1229,1487;1637,1637,1707,0,1473,2298;1613,2050,1215,1430,0,2219;1665,1843,1506,2275,2242,0
0.770200;0,1538,900,1520,1599,1665;1520,0,1646,1510,2073,1872;900,1628,0,1642,1276,1468;1534,1585,1642,0,1379,2308;1562,1975,1309,1351,0,2524;1637,1928,1435,2298,2571,0
0.866490;0,1369,891,1618,1590,1623;1346,0,1510,1909,1829,1904;943,1506,0,1623,1341,1416;1712,1975,1618,0,1050,2275;1764,1834,1365,999,0,2477;1463,1862,1388,2298,2444,0
0.962770;0,1266,1107,1750,1820,1440;1257,0,1698,1947,1975,1918;1130,1735,0,1656,1384,1402;1750,1928,1656,0,896,2388;1782,2101,1398,905,0,2369;1393,2186,1430,2425,2359,0
1.059060;0,1313,1050,1759,1693,1402;1341,0,1773,1923,2022,2252;1055,1745,0,1548,1430,1430;1740,1942,1538,0,1013,2491;1585,1726,1445,1018,0,2350;1496,2022,1440,2500,2350,0
1.155350;0,1468,1126,1670,1609,1496;1435,0,1534,1918,1693,1933;1149,1506,0,1496,1398,1426;1660,1900,1482,0,933,2435;1754,1993,1388,928,0,2397;1491,1951,1435,2420,2397,0
1.251600;0,1022,1168,1693,1764,1491;994,0,1445,1904,2073,1951;1168,1430,0,1440,1430,1491;1679,1886,1421,0,999,2392;1689,1998,1468,994,0,2369;1482,1970,1543,2500,2369,0
1.347860;0,1097,1144,1632,1689,1473;1088,0,1341,1834,1984,1979;1121,1318,0,1360,1510,1567;1829,1806,1355,0,919,2993;1665,1956,1477,919,0,2350;1412,1998,1623,3054,2336,0
1.444120;0,957,1088,2101,1628,1402;928,0,1229,1792,1909,2003;1088,1219,0,1233,1365,1637;1928,1759,1210,0,924,2678;1571,1848,1309,919,0,2233;1379,1998,1599,2510,2336,0
1.540430;0,825,1074,1703,1557,1374;900,0,1201,1618,1782,1998;1046,1201,0,1205,1215,1613;1674,1534,1201,0,914,2453;1538,1782,1187,905,0,3420;1355,1989,1590,2533,3439,0
1.636700;0,1548,938,1665,1562,1355;1548,0,1271,1463,1829,1984;914,1323,0,1238,1243,1557;1679,1468,1262,0,853,2524;1571,1801,1262,886,0,2622;1393,1975,1529,2510,2552,0
1.732970;0,905,853,1703,1557,1402;849,0,1637,1543,1792,2026;877,1651,0,1482,1318,1491;1778,1628,1506,0,1215,2557;1674,1829,1360,1224,0,2453;1393,2045,1454,2463,2435,0
1.829230;0,928,961,1754,1712,1379;952,0,1623,1834,1872,1956;952,1609,0,1515,1468,1416;1571,1904,1529,0,1168,2317;1679,1895,1510,1187,0,2402;1360,1834,1388,2294,2406,0
1.925520;0,1046,872,1482,1717,1360;1055,0,1515,1923,1900,1825;849,1515,0,1548,1548,1365;1538,1933,1552,0,1360,2242;1684,1853,1548,1379,0,2331;1351,1867,1374,2256,2435,0
2.021820;0,1088,849,1585,1637,1351;1088,0,1538,1989,1796,1895;853,1543,0,1538,1524,1393;1642,1989,1534,0,1463,2331;1646,1674,1454,1463,0,3166;1355,1933,1454,2331,3134,0
2.118090;0,1074,919,1646,1646,1360;1097,0,1642,1857,1543,1933;943,1632,0,1506,1271,1501;1656,1801,1520,0,1337,2266;1585,1496,1210,1309,0,2739;1412,1914,1552,2331,2721,0
2.214370;0,1412,872,1721,1529,1412;1426,0,1412,1782,1491,1904;825,1374,0,1557,1060,1562;1642,1782,1534,0,1191,2571;1506,1520,1055,1177,0,2533;1398,1862,1576,2622,2697,0
2.310630;0,1140,806,1548,1520,1398;1083,0,1140,1792,1613,1848;844,1121,0,1440,1163,1604;1567,1787,1430,0,957,2594;1534,1778,1248,914,0,3870;1445,1872,1613,2566,3697,0
2.406920;0,947,938,1590,1524,1454;1008,0,1351,1801,1876,1881;975,1379,0,1360,1412,1623;1604,1820,1351,0,806,2467;1590,1914,1445,825,0,2472;1435,1900,1632,2852,2439,0
2.503190;0,1280,1013,1604,1679,1430;1205,0,1299,1811,1918,1904;1008,1294,0,1318,1421,1646;1613,1778,1309,0,1046,3697;1778,1909,1421,1079,0,2420;1384,1904,1646,3349,2411,0
2.599450;0,933,989,1665,1754,1374;947,0,1369,1745,1886,1876;971,1384,0,1271,1426,1642;1665,1721,1257,0,1149,2589;1703,1796,1393,1149,0,2458;1379,1731,1665,2580,2472,0
2.695720;0,1018,957,1642,1698,1374;1018,0,1388,1628,1707,1632;966,1388,0,1201,1290,1674;1642,1590,1187,0,1036,2636;1698,1773,1271,1036,0,2477;1323,1604,1656,2693,2472,0
2.791980;0,1027,938,1754,1674,1313;1041,0,1327,1557,1886,1670;914,1318,0,1182,1248,1618;1909,1520,1177,0,1032,2744;1656,1937,1243,1004,0,2514;1341,1843,1609,2711,2538,0
2.888250;0,1041,858,1811,1656,1341;1079,0,1233,1379,1900,1900;858,1215,0,1238,1266,1623;1604,1398,1257,0,849,2420;1651,1820,1285,853,0,2636;1327,1867,1623,2359,2655,0
2.984520;0,1506,835,1670,1651,1323;1552,0,1154,1632,1745,1778;830,1172,0,1430,1309,1628;1735,1726,1473,0,1008,2993;1665,1693,1294,1013,0,2763;1318,1721,1642,3246,2786,0
3.080820;0,1599,849,1585,1679,1318;1604,0,1379,1862,1665,1750;863,1374,0,1529,1219,1651;1506,1895,1548,0,994,2580;1707,1670,1201,1013,0,2829;1327,1787,1660,2345,2908,0
3.177110;0,1552,872,1571,1721,1323;1543,0,1168,1872,1698,1839;863,1144,0,1656,1201,1632;1581,1881,1665,0,1172,2641;1745,1703,1201,1168,0,3359;1313,1951,1642,2622,3368,0
3.273400;0,1604,914,1491,1726,1318;1632,0,1111,1834,1674,1933;914,1111,0,1609,1172,1632;1477,1806,1599,0,1079,2327;1651,1613,1182,1069,0,3481;1304,1890,1604,2280,3500,0
3.369710;0,1820,877,1449,1698,1299;1825,0,1130,1759,1538,1886;858,1140,0,1567,1168,1609;1416,1750,1557,0,1102,2392;1961,1538,1168,1088,0,3171;1304,1890,1632,2477,3091,0
3.466000;0,1726,835,1449,1965,1309;1721,0,1285,1750,1595,1895;825,1309,0,1473,1205,1618;1637,1773,1473,0,863,2641;1703,1698,1224,839,0,3561;1337,1928,1595,2646,3551,0
3.562310;0,1726,821,1923,1618,1341;1721,0,1426,1764,1857,1923;806,1440,0,1449,1201,1571;2045,1759,1445,0,821,2632;1637,1998,1205,835,0,2500;1388,1928,1585,2655,2416,0
3.658570;0,1318,811,2026,1679,1393;1182,0,1501,1778,1993,1947;830,1548,0,1435,1210,1604;2017,1764,1449,0,919,2660;1707,1951,1210,924,0,2697;1360,1961,1609,2622,2800,0
3.754810;0,985,863,1984,1712,1360;989,0,1867,1750,1984,1961;853,1862,0,1543,1229,1623;1942,1754,1538,0,882,2547;1792,1900,1243,872,0,3457;1369,1965,1609,2528,3514,0
3.851100;0,1158,816,1928,1806,1369;1257,0,1552,1698,1609,1951;816,1524,0,1463,1280,1604;1956,1665,1459,0,863,2772;1754,1430,1280,867,0,3490;1369,1914,1623,3087,3500,0
3.947380;0,1473,821,1975,1717,1379;1463,0,1515,1632,1412,1904;825,1506,0,1412,1294,1632;1961,1642,1412,0,886,3603;1674,1416,1304,896,0,3589;1454,1895,1618,3678,3593,0
0.096190;0,1154,699,1646,1567,947;1168,0,1712,1543,1674,1398;633,1773,0,1773,1632,1233;1656,1585,1792,0,1154,2139;1750,1735,1576,1144,0,2191;975,1407,1257,2158,2284,0
0.192410;0,1304,638,1684,1792,971;1299,0,1890,1651,1782,1421;675,1900,0,1764,1440,1304;1707,1684,1740,0,1055,2181;1820,1834,1388,1032,0,2791;980,1402,1445,2181,2711,0
0.288630;0,1182,797,1726,1815,985;1168,0,1689,1750,1843,1374;853,1651,0,1590,1323,1548;1731,1773,1576,0,933,2130;1792,1848,1299,914,0,2162;980,1304,1501,2092,2167,0
0.384860;0,1140,947,1717,1773,980;1140,0,1740,1825,1857,1266;985,1759,0,1501,1280,1454;1707,1843,1487,0,755,2120;1787,1862,1280,731,0,2472;975,1201,1501,2144,2500,0
0.481050;0,1168,1036,1703,1792,975;1172,0,1735,1825,1881,1187;1055,1717,0,1463,1248,1557;1764,1829,1468,0,699,2162;1782,1923,1238,699,0,2528;999,1215,1599,2186,2528,0
0.579910;0,1130,1158,1829,1782,1008;1116,0,1585,1857,1848,1252;1205,1552,0,1468,1233,1613;1881,1848,1473,0,694,2191;1811,1712,1252,689,0,2374;1083,1365,1628,2200,2350,0
0.676100;0,1102,1229,1947,1820,1093;1097,0,1491,1820,1703,1421;1201,1482,0,1491,1276,1609;1993,1787,1477,0,694,2313;1782,1801,1271,708,0,2341;1116,1557,1571,2374,2341,0
0.772280;0,1036,1135,1965,1717,1130;1032,0,1365,1848,1834,1581;1144,1369,0,1454,1262,1534;1834,1970,1454,0,741,2420;1590,1843,1262,736,0,2294;1191,1637,1520,2430,2280,0
0.868460;0,957,1233,1595,1576,1187;947,0,1656,2045,1914,1735;1309,1674,0,1487,1313,1534;1426,1993,1491,0,694,2420;1646,1975,1355,694,0,2341;1182,1843,1557,2416,2350,0
0.964630;0,952,1299,1576,1735,1182;961,0,1506,1942,1993,1834;1154,1482,0,1510,1379,1595;1815,1918,1520,0,713,2449;1942,2031,1398,717,0,2313;1191,1848,1623,2453,2322,0
1.060820;0,1013,1060,1792,1872,1205;1032,0,1440,1872,2064,1843;1107,1440,0,1543,1454,1599;1670,1853,1543,0,703,2425;1552,2040,1477,699,0,2425;1294,1703,1557,2416,2439,0
1.156990;0,1149,1154,1585,1571,1290;1168,0,1506,1768,1984,1721;1163,1515,0,1529,1491,1496;1604,1703,1538,0,680,2388;1735,1979,1491,675,0,2486;1182,1975,1449,2378,2486,0
1.253170;0,1285,1191,1773,1703,1177;1299,0,1562,1684,1942,2008;1205,1581,0,1637,1496,1496;1876,1745,1632,0,661,2402;1637,1886,1496,666,0,2374;1252,1923,1557,2397,2364,0
1.349380;0,1351,1191,1965,1679,1262;1346,0,1642,1731,1834,1909;1154,1637,0,1552,1482,1585;2026,1656,1538,0,680,2364;1796,1782,1506,675,0,2458;1280,1909,1613,2397,2453,0
1.445590;0,1271,1041,2017,1876,1280;1262,0,1599,1576,1731,1909;994,1618,0,1557,1552,1618;2022,1552,1576,0,699,2435;1918,1703,1567,708,0,2430;1252,1933,1562,2383,2444,0
1.541790;0,1294,919,2012,1815,1233;1299,0,1862,1491,1698,1918;882,1914,0,1735,1646,1529;1965,1473,1764,0,750,2247;1778,1689,1684,755,0,2496;1116,1872,1477,2228,2491,0
1.637990;0,1285,783,1890,1843,1107;1285,0,1862,1468,1632,1843;755,1811,0,1918,1801,1379;1792,1473,1947,0,717,2308;2012,1599,1876,713,0,2458;1135,1759,1280,2359,2458,0
1.734210;0,1215,722,1735,2087,1135;1205,0,1684,1477,1613,1735;684,1665,0,2176,1965,1248;1689,1496,2181,0,802,2369;1961,1656,1951,830,0,2510;1079,1731,1243,2313,2524,0
1.830440;0,1252,567,1599,1867,1079;1262,0,1510,1543,1689,1735;530,1487,0,1942,1928,1262;1674,1552,1895,0,999,2327;1857,1679,1923,1027,0,2528;1093,1735,1276,2388,2528,0
1.926680;0,1168,445,1867,1857,1097;1144,0,1304,1585,1721,1707;398,1271,0,1703,1937,1327;1862,1618,1684,0,1130,2388;1721,1768,1895,1130,0,2561;1187,1567,1299,2364,2575,0
2.022920;0,1046,328,1637,1637,1201;1036,0,1121,1651,1792,1524;323,1111,0,1735,1750,1266;1487,1665,1740,0,1144,2425;1552,1801,1735,1140,0,2608;1271,1646,1243,2439,2650,0
2.119160;0,985,267,1501,1585,1299;971,0,1149,1684,1843,1740;248,1158,0,1703,1848,1182;1590,1693,1703,0,1097,2472;1801,1853,1843,1097,0,2721;1360,1750,1097,2439,2636,0
2.215360;0,896,286,1552,1862,1332;896,0,1149,1712,1843,1712;342,1140,0,1721,1778,1111;1510,1721,1726,0,1154,2374;1853,1787,1759,1154,0,2252;1126,1576,1191,2345,2256,0
2.311580;0,835,469,1567,1867,1102;830,0,1144,1721,1754,1515;502,1158,0,1792,1689,1187;1567,1721,1820,0,1130,2181;1820,1740,1642,1126,0,2458;1060,1445,1144,2106,2472,0
2.407760;0,821,544,1515,1754,1055;821,0,1337,1750,1707,1426;595,1388,0,1951,1618,1144;1506,1754,1951,0,1233,2045;1613,1670,1632,1266,0,2317;1041,1369,1182,2022,2317,0
2.503950;0,844,736,1487,1590,1041;849,0,1726,1773,1726,1337;755,1750,0,1843,1679,1205;1416,1782,1820,0,1384,2054;1571,1782,1684,1393,0,2392;1055,1276,1233,2087,2392,0
2.600170;0,863,769,1501,1581,1050;863,0,1473,1811,1825,1238;792,1407,0,1698,1670,1266;1656,1820,1712,0,1341,2012;1674,1895,1665,1337,0,2336;1008,1266,1351,2012,2378,0
2.696380;0,863,844,1595,1735,1008;863,0,1365,1811,1947,1285;849,1393,0,1914,1576,1412;1534,1815,1928,0,1407,2139;1759,1961,1515,1393,0,2589;1041,1280,1473,2134,2538,0
2.792590;0,989,867,1656,1759,1050;999,0,1543,1806,1961,1262;863,1562,0,1834,1412,1571;1768,1806,1815,0,1201,2101;1801,1970,1393,1144,0,2275;1107,1318,1679,2261,2270,0
2.888810;0,1036,900,1825,1848,1116;1046,0,1651,1848,1965,1355;933,1684,0,1707,1374,1768;1857,1857,1689,0,778,2467;1928,1956,1355,745,0,2214;1158,1416,1923,2416,2256,0
2.985020;0,1097,994,2008,1984,1168;1111,0,1881,1872,1914,1430;1022,1890,0,1660,1355,1961;2130,1909,1656,0,760,2261;1998,1867,1379,760,0,2505;1229,1477,1933,2256,2491,0
3.081250;0,1233,1097,2097,1909,1233;1257,0,1787,1975,1886,1538;1140,1754,0,1599,1459,1914;1979,1965,1585,0,736,2359;1834,1914,1515,755,0,2589;1233,1801,1862,2392,2622,0
3.177460;0,1402,1215,1829,1820,1229;1430,0,1543,1947,1904,1843;1219,1510,0,1477,1552,1811;1689,1947,1468,0,891,2411;1703,1876,1576,910,0,2566;1210,1548,1782,2430,2538,0
3.273670;0,1445,1187,1529,1665,1210;1435,0,1435,1933,1862,1468;1177,1430,0,1482,1656,1750;1435,1923,1482,0,961,2505;1637,1993,1651,971,0,2406;1158,1552,1759,2557,2406,0
3.369880;0,1388,1158,1496,1623,1144;1384,0,1463,1886,2252,1599;1130,1482,0,1491,1524,1792;1637,1857,1491,0,1004,2660;1613,2228,1487,1008,0,2425;1149,1637,1792,2725,2406,0
3.466120;0,1430,1074,1745,1613,1158;1454,0,1581,1811,1895,1646;1050,1599,0,1557,1482,1778;1857,1754,1571,0,971,2711;1689,1867,1487,966,0,2308;1144,1628,1721,2580,2303,0
3.562320;0,1567,1004,2012,1754,1140;1557,0,1717,1618,2012,1628;971,1740,0,1637,1515,1613;2031,1567,1637,0,952,2359;1834,1881,1538,952,0,2388;1144,1637,1571,2392,2430,0
3.658530;0,1360,924,1839,1829,1149;1332,0,1867,1506,1829,1670;905,1843,0,1684,1618,1623;1552,1477,1707,0,957,2458;1792,1890,1651,961,0,2486;1154,1796,1632,2369,2444,0
3.754750;0,1271,872,1459,1764,1158;1266,0,1585,1487,1848,1872;886,1567,0,1872,1721,1595;1557,1454,1890,0,966,2247;1646,1782,1731,971,0,2252;1187,1947,1510,2308,2252,0
3.850940;0,1182,896,1698,1567,1196;1205,0,1599,1407,1750,1956;872,1618,0,1965,1735,1379;1731,1412,1989,0,952,2425;1473,1707,1759,943,0,2294;1168,2008,1266,2444,2289,0
3.947160;0,1534,802,1665,1468,1158;1557,0,1731,1412,1670,2045;778,1726,0,2219,1975,1215;1595,1402,2219,0,877,2477;1482,1651,2111,877,0,2256;1126,2059,1135,2463,2256,0
0.096250;0,2012,708,1726,1506,1252;2008,0,1459,1459,1796,1886;694,1445,0,2031,1834,1088;1773,1454,2045,0,971,2491;1595,1956,1829,980,0,2364;1421,1965,1093,2547,2383,0
0.192510;0,1876,628,1778,1609,1426;1876,0,1393,1496,2087,2106;619,1393,0,2078,1815,1107;1796,1506,2073,0,952,2580;1628,2083,1848,957,0,2256;1323,2209,1083,2585,2233,0
0.288730;0,1933,638,1839,1637,1309;1909,0,1369,1515,2045,2223;713,1374,0,2036,1900,1022;1853,1534,2017,0,975,2528;1665,1933,1876,980,0,2322;1257,2233,1022,2467,2322,0
0.384940;0,1440,783,1815,1660,1243;1337,0,1468,1571,1862,2237;703,1487,0,1857,1796,1097;1735,1571,1815,0,928,2294;1656,1947,1792,924,0,2786;1102,2195,1126,2242,2894,0
0.481170;0,1069,656,1754,1656,1093;1041,0,1510,1567,1993,2158;708,1524,0,1811,1848,1149;1806,1576,1834,0,943,2242;1632,2026,1881,943,0,2392;1083,2106,1154,2270,2331,0
0.577450;0,989,750,1843,1637,1097;985,0,1595,1585,1998,2092;769,1632,0,1975,1862,1238;1848,1590,1970,0,877,2275;1632,1947,1735,872,0,2477;1111,2130,1323,2228,2402,0
0.673710;0,1111,783,1876,1637,1107;1130,0,1637,1557,1933,2087;806,1623,0,1923,1599,1407;1872,1543,1881,0,872,2148;1628,1956,1581,867,0,2111;1050,1918,1454,2209,2120,0
0.769960;0,1243,849,1857,1642,1046;1257,0,1613,1543,1956,1890;877,1637,0,1599,1576,1473;1806,1529,1557,0,877,2463;1656,1918,1585,877,0,2186;1074,1843,1548,2514,2205,0
0.866200;0,1224,975,1778,1651,1079;1210,0,1670,1473,1862,1787;1036,1679,0,1459,1618,1623;1815,1463,1440,0,853,2472;1707,1829,1609,853,0,2313;1107,1693,1623,2467,2341,0
0.962450;0,1215,1126,1759,1721,1102;1215,0,1745,1426,1820,1660;1149,1754,0,1337,1562,1665;1628,1426,1327,0,863,2406;1632,1862,1552,853,0,2383;1022,1660,1712,2355,2392,0
1.058690;0,1149,1168,1684,1670,1018;1140,0,1750,1459,1862,1665;1177,1731,0,1280,1585,1674;1811,1482,1280,0,900,2383;1726,1721,1576,896,0,2510;1022,1651,1665,2341,2510,0
1.154960;0,1172,1224,1604,1679,1022;1168,0,1595,1449,1609,1646;1201,1581,0,1309,1529,1684;1388,1473,1337,0,825,2167;1679,1613,1491,863,0,2355;1004,1637,1674,2125,2336,0
1.251200;0,1168,1168,1445,1707,1004;1168,0,1585,1538,1642,1632;1168,1585,0,1520,1355,1576;1534,1571,1548,0,1304,2101;1613,1646,1299,1313,0,2275;989,1632,1581,2083,2252,0
1.347470;0,1215,1121,1576,1571,989;1224,0,1548,1660,1642,1632;1079,1538,0,1674,1271,1665;1590,1703,1703,0,1154,2176;1609,1642,1271,1149,0,2069;985,1642,1576,2242,2054,0
1.443740;0,1257,1102,1613,1656,980;1252,0,1496,1750,1628,1656;1121,1496,0,1670,1229,1482;1674,1778,1660,0,1229,2284;1773,1637,1210,1238,0,2233;957,1689,1506,2256,2275,0
1.539940;0,1215,1107,1670,1778,952;1215,0,1520,1750,1618,1674;1102,1524,0,1651,1219,1515;1665,1759,1665,0,1219,2162;1764,1604,1238,1219,0,2355;971,1670,1487,2125,2359,0
1.636130;0,1252,1093,1585,1806,966;1252,0,1510,1721,1581,1656;1060,1524,0,1618,1276,1445;1557,1693,1623,0,1318,2097;1853,1562,1304,1309,0,2369;971,1656,1412,2101,2364,0
1.732340;0,1233,980,1613,1811,966;1229,0,1552,1651,1510,1637;975,1557,0,1773,1374,1412;1707,1665,1787,0,1126,2181;1703,1482,1388,1097,0,2289;947,1628,1412,2176,2275,0
1.828560;0,1201,961,1735,1646,938;1201,0,1524,1703,1435,1618;957,1534,0,1796,1435,1374;1707,1717,1811,0,872,2045;1660,1426,1567,830,0,2195;938,1599,1351,2026,2181,0
1.924730;0,1201,928,1656,1646,933;1210,0,1618,1703,1445,1571;919,1609,0,1942,1806,1337;1609,1703,1928,0,656,2012;1538,1506,1750,633,0,2069;928,1595,1332,1984,2040,0
2.020940;0,1341,882,1557,1538,928;1337,0,1581,1684,1595,1590;849,1623,0,1599,1491,1323;1590,1674,1552,0,539,1993;1595,1731,1426,539,0,1895;943,1548,1313,2059,1890,0
2.117140;0,1036,830,1801,1590,943;1004,0,1717,1684,1815,1562;849,1628,0,1482,1374,1323;1965,1670,1473,0,624,2153;1632,1820,1421,656,0,2036;914,1604,1327,2148,2036,0
2.215950;0,1276,882,1900,1646,914;1346,0,1135,1618,1759,1595;905,1121,0,1416,1552,1351;1773,1595,1398,0,764,2087;1642,1731,1576,788,0,1979;919,1581,1398,2106,1984,0
2.314790;0,1201,943,1740,1632,914;1158,0,1196,1590,1731,1552;952,1219,0,1388,1581,1407;1787,1595,1402,0,975,2195;1665,1759,1599,1004,0,2031;867,1482,1402,2181,2008,0
2.410920;0,1163,971,1796,1674,872;1163,0,1388,1576,1759,1571;975,1388,0,1454,1562,1449;1768,1571,1459,0,1041,2139;1684,1782,1538,1050,0,1951;933,1886,1463,2153,1951,0
2.507060;0,1144,989,1778,1665,938;1144,0,1233,1581,1764,1933;985,1238,0,1412,1473,1435;1801,1567,1402,0,1050,2223;1656,1745,1459,1050,0,2012;924,1970,1421,2219,2022,0
2.603200;0,1252,957,1829,1656,928;1262,0,1318,1510,1721,2050;952,1304,0,1360,1435,1445;1806,1515,1355,0,994,2097;1717,1768,1426,985,0,2012;952,2233,1459,2073,2008,0
2.699340;0,1285,952,1768,1740,947;1280,0,1168,1515,1796,2176;952,1154,0,1327,1355,1398;1740,1487,1313,0,896,2125;1684,1815,1323,877,0,2087;938,1843,1346,2153,2106,0
2.795490;0,1210,971,1712,1637,933;1210,0,1205,1430,1829,1740;980,1224,0,1238,1313,1360;1721,1445,1238,0,802,2069;1707,1820,1337,783,0,2139;928,1679,1384,2008,2139,0
2.891640;0,1257,980,1759,1698,924;1262,0,1243,1487,1782,1689;989,1257,0,1238,1355,1374;1717,1515,1248,0,741,2153;1567,1689,1365,736,0,2195;877,1707,1360,2181,2209,0
2.987760;0,1196,999,1510,1543,877;1187,0,1459,1552,1599,1703;1004,1487,0,1388,1412,1374;1445,1590,1435,0,821,2040;1369,1552,1416,858,0,2158;919,1867,1374,2031,2148,0
3.083880;0,1219,980,1510,1276,924;1233,0,1529,1759,1538,1872;966,1534,0,1515,1430,1337;1567,1853,1515,0,1172,2087;1318,1529,1430,1205,0,2237;891,1721,1337,2078,2275,0
3.180010;0,1266,980,1585,1445,891;1262,0,1426,1942,1520,1867;985,1388,0,1515,1379,1374;1576,1965,1520,0,1262,2045;1703,1520,1369,1280,0,2359;924,2148,1412,2148,2345,0
3.276150;0,1257,980,1567,1745,928;1243,0,1280,2012,1524,2069;971,1271,0,1552,1360,1430;1590,2059,1562,0,1365,2477;1721,1510,1337,1365,0,2303;896,1796,1454,2496,2303,0
3.372290;0,1172,957,1590,1717,896;1158,0,1257,2115,1468,1698;938,1252,0,1576,1262,1459;1581,2087,1576,0,1318,2388;1778,1445,1266,1290,0,2228;943,1646,1477,2327,2247,0
3.468450;0,1135,952,1581,1764,947;1177,0,1276,1933,1412,1656;961,1280,0,1515,1257,1468;1590,1867,1520,0,1027,2120;1628,1412,1248,985,0,2575;924,1806,1463,2022,2589,0
3.564590;0,1398,928,1609,1548,919;1384,0,1299,1707,1379,1834;900,1304,0,1524,1252,1454;1599,1660,1510,0,783,1951;1510,1393,1276,750,0,2378;938,1646,1412,2017,2317,0
3.660720;0,1229,867,1538,1534,938;1205,0,1388,1632,1454,1548;858,1407,0,1449,1280,1337;1562,1628,1440,0,558,2167;1698,1613,1313,539,0,2097;928,1581,1341,2181,2059,0
3.756850;0,1187,849,1754,1684,924;1205,0,1421,1660,1674,1595;849,1430,0,1379,1309,1365;1918,1764,1384,0,600,2134;1496,1623,1332,642,0,1979;896,1562,1346,2120,1961,0
3.852980;0,1248,849,1867,1463,896;1243,0,1473,1881,1604,1534;844,1463,0,1426,1430,1313;1801,1895,1421,0,910,2125;1548,1689,1473,947,0,1848;919,1529,1323,2139,1839,0
3.949110;0,1224,839,1848,1552,924;1229,0,1468,2158,1740,1538;849,1468,0,1407,1435,1369;1843,2167,1402,0,1116,2200;1515,1712,1440,1126,0,1895;900,1576,1398,2237,1900,0
