0.096300,0.010000,-0.020000,0.010000
0.096300,0.010000,-0.020000,0.010000
0.096300,0.020000,-0.030000,0.010000
0.096300,0.020000,-0.040000,0.010000
0.096300,0.010000,-0.030000,0.010000
0.192590,0.000000,-0.020000,0.010000
0.192590,0.000000,-0.040000,0.010000
0.192590,0.000000,-0.040000,0.010000
0.192590,0.000000,-0.040000,0.010000
0.192590,0.010000,-0.040000,0.010000
0.288870,0.000000,-0.040000,0.010000
0.288870,0.010000,-0.040000,0.010000
0.288870,0.020000,-0.030000,0.010000
0.288870,0.020000,-0.020000,0.010000
0.288870,0.010000,-0.010000,0.000000
0.385150,0.010000,0.000000,0.000000
0.385150,0.030000,0.000000,0.000000
0.385150,0.030000,-0.010000,0.000000
0.385150,0.020000,-0.020000,0.000000
0.385150,0.010000,-0.030000,0.000000
0.481430,0.020000,-0.020000,0.010000
0.481430,0.020000,-0.040000,0.010000
0.481430,0.010000,-0.040000,0.000000
0.481430,0.000000,-0.030000,0.010000
0.481430,0.000000,-0.020000,0.010000
0.577720,0.020000,-0.030000,0.000000
0.577720,0.030000,-0.030000,0.000000
0.577720,0.020000,-0.010000,0.000000
0.577720,0.020000,-0.010000,0.000000
0.577720,0.020000,-0.010000,0.000000
0.673990,0.030000,-0.020000,0.000000
0.673990,0.010000,-0.040000,0.010000
0.673990,0.000000,-0.050000,0.000000
0.673990,0.010000,-0.050000,0.010000
0.673990,0.020000,-0.030000,0.000000
0.770290,0.010000,-0.040000,0.000000
0.770290,0.000000,-0.040000,0.010000
0.770290,0.000000,-0.050000,0.010000
0.770290,0.010000,-0.050000,0.010000
0.770290,0.020000,-0.060000,0.010000
0.866600,0.000000,-0.040000,0.010000
0.866600,0.000000,-0.020000,0.010000
0.866600,0.000000,-0.040000,0.010000
0.866600,0.000000,-0.050000,0.010000
0.866600,0.010000,-0.050000,0.010000
0.962930,0.010000,-0.040000,0.010000
0.962930,0.000000,-0.040000,0.010000
0.962930,0.000000,-0.040000,0.010000
0.962930,0.010000,-0.050000,0.010000
0.962930,0.010000,-0.050000,0.010000
1.059270,0.000000,-0.050000,0.020000
1.059270,0.000000,-0.050000,0.020000
1.059270,0.000000,-0.050000,0.020000
1.059270,0.010000,-0.050000,0.020000
1.059270,0.010000,-0.060000,0.020000
1.155590,0.000000,-0.050000,0.020000
1.155590,0.000000,-0.050000,0.020000
1.155590,0.000000,-0.050000,0.020000
1.155590,0.010000,-0.050000,0.020000
1.155590,0.010000,-0.050000,0.010000
1.251920,0.000000,-0.040000,0.010000
1.251920,0.000000,-0.030000,0.010000
1.251920,0.010000,-0.030000,0.010000
1.251920,0.020000,-0.030000,0.010000
1.251920,0.010000,-0.040000,0.010000
1.348260,0.000000,-0.030000,0.010000
1.348260,0.010000,-0.030000,0.010000
1.348260,0.030000,-0.040000,0.010000
1.348260,0.030000,-0.040000,0.010000
1.348260,0.020000,-0.030000,0.000000
1.444580,0.010000,-0.010000,0.000000
1.444580,0.020000,-0.020000,0.010000
1.444580,0.030000,-0.040000,0.010000
1.444580,0.020000,-0.050000,0.010000
1.444580,0.020000,-0.030000,0.010000
1.540880,0.010000,-0.010000,0.010000
1.540880,0.010000,-0.030000,0.010000
1.540880,0.020000,-0.030000,0.010000
1.540880,0.020000,-0.030000,0.010000
1.540880,0.010000,-0.040000,0.010000
1.637210,0.010000,-0.030000,0.010000
1.637210,0.020000,-0.020000,0.010000
1.637210,0.020000,-0.030000,0.010000
1.637210,0.020000,-0.040000,0.020000
1.637210,0.010000,-0.050000,0.020000
1.733520,0.020000,-0.030000,0.020000
1.733520,0.020000,-0.030000,0.020000
1.733520,0.010000,-0.040000,0.020000
1.733520,0.010000,-0.040000,0.020000
1.733520,0.010000,-0.030000,0.020000
1.829840,0.020000,-0.030000,0.020000
1.829840,0.020000,-0.030000,0.020000
1.829840,0.010000,-0.020000,0.010000
1.829840,0.010000,-0.020000,0.010000
1.829840,0.020000,-0.030000,0.010000
1.926150,0.020000,-0.020000,0.010000
1.926150,0.020000,-0.010000,0.010000
1.926150,0.020000,-0.010000,0.010000
1.926150,0.020000,-0.010000,0.010000
1.926150,0.020000,-0.010000,0.010000
2.022470,0.000000,-0.020000,0.010000
2.022470,0.010000,-0.020000,0.010000
2.022470,0.020000,-0.020000,0.010000
2.022470,0.010000,-0.020000,0.010000
2.022470,0.000000,-0.020000,0.010000
2.118800,0.000000,-0.020000,0.020000
2.118800,0.010000,-0.040000,0.010000
2.118800,0.020000,-0.020000,0.010000
2.118800,0.020000,-0.010000,0.010000
2.118800,0.000000,0.000000,0.010000
2.215110,0.000000,-0.010000,0.000000
2.215110,0.030000,0.000000,0.000000
2.215110,0.030000,0.070000,0.000000
2.215110,0.020000,0.090000,0.000000
2.215110,0.000000,0.030000,0.000000
2.311430,0.030000,-0.040000,0.010000
2.311430,0.040000,-0.050000,0.010000
2.311430,0.020000,-0.030000,0.010000
2.311430,0.000000,-0.020000,0.010000
2.311430,0.000000,-0.010000,0.010000
2.407750,0.020000,-0.040000,0.010000
2.407750,0.010000,-0.050000,0.010000
2.407750,0.010000,-0.010000,0.010000
2.407750,0.000000,0.000000,0.010000
2.407750,0.000000,0.000000,0.010000
2.504080,0.000000,-0.020000,0.010000
2.504080,0.010000,-0.020000,0.010000
2.504080,0.000000,-0.020000,0.010000
2.504080,0.000000,-0.010000,0.010000
2.504080,0.010000,0.000000,0.000000
2.600390,0.000000,0.000000,0.000000
2.600390,0.010000,0.000000,0.000000
2.600390,0.020000,0.000000,0.010000
2.600390,0.010000,-0.030000,0.000000
2.600390,0.000000,-0.040000,0.010000
2.696660,0.010000,0.000000,0.010000
2.696660,0.000000,-0.030000,0.010000
2.696660,0.000000,-0.030000,0.010000
2.696660,0.000000,-0.030000,0.010000
2.696660,0.000000,-0.040000,0.010000
2.792960,0.000000,-0.060000,0.010000
2.792960,0.000000,-0.030000,0.010000
2.792960,0.000000,-0.020000,0.010000
2.792960,0.000000,-0.030000,0.010000
2.792960,0.000000,-0.040000,0.010000
2.889250,0.010000,-0.020000,0.010000
2.889250,0.000000,-0.020000,0.000000
2.889250,0.000000,-0.020000,0.000000
2.889250,0.000000,-0.020000,0.000000
2.889250,0.010000,-0.030000,0.000000
2.985540,0.010000,-0.030000,0.010000
2.985540,0.010000,-0.030000,0.010000
2.985540,0.000000,-0.040000,0.010000
2.985540,0.000000,-0.040000,0.010000
2.985540,0.010000,-0.040000,0.010000
3.081830,0.010000,-0.040000,0.010000
3.081830,0.000000,-0.030000,0.010000
3.081830,0.010000,-0.040000,0.010000
3.081830,0.010000,-0.040000,0.000000
3.081830,0.020000,-0.030000,0.000000
3.178130,0.010000,-0.010000,0.000000
3.178130,0.010000,-0.020000,0.000000
3.178130,0.020000,-0.020000,0.000000
3.178130,0.020000,-0.030000,0.000000
3.178130,0.020000,-0.040000,0.000000
3.274420,0.020000,-0.020000,0.000000
3.274420,0.010000,-0.040000,0.000000
3.274420,0.010000,-0.040000,0.010000
3.274420,0.020000,-0.050000,0.010000
3.274420,0.020000,-0.050000,0.010000
3.370700,0.010000,-0.040000,0.010000
3.370700,0.010000,-0.020000,0.010000
3.370700,0.010000,-0.040000,0.010000
3.370700,0.010000,-0.040000,0.010000
3.370700,0.010000,-0.050000,0.010000
3.466990,0.020000,-0.030000,0.010000
3.466990,0.020000,-0.040000,0.010000
3.466990,0.010000,-0.040000,0.010000
3.466990,0.000000,-0.040000,0.010000
3.466990,0.000000,-0.050000,0.010000
3.563300,0.020000,-0.040000,0.010000
3.563300,0.010000,-0.030000,0.010000
3.563300,0.000000,-0.050000,0.010000
3.563300,0.000000,-0.050000,0.010000
3.563300,0.020000,-0.050000,0.010000
3.659600,0.020000,-0.040000,0.010000
3.659600,0.000000,-0.040000,0.010000
3.659600,0.000000,-0.040000,0.010000
3.659600,0.000000,-0.050000,0.010000
3.659600,0.020000,-0.050000,0.010000
3.758550,0.020000,-0.050000,0.010000
3.758550,0.000000,-0.050000,0.010000
3.758550,0.000000,-0.030000,0.010000
3.758550,0.000000,-0.040000,0.010000
3.758550,0.010000,-0.060000,0.010000
3.854820,0.020000,-0.070000,0.010000
3.854820,0.000000,-0.050000,0.010000
3.854820,0.000000,-0.040000,0.010000
3.854820,0.010000,-0.040000,0.010000
3.854820,0.020000,-0.040000,0.010000
3.951070,0.000000,-0.050000,0.010000
3.951070,0.000000,-0.050000,0.010000
3.951070,0.000000,-0.030000,0.010000
3.951070,0.010000,-0.040000,0.010000
3.951070,0.020000,-0.040000,0.010000
113.728606,0.220000,-0.040000,-0.100000
113.728606,0.210000,0.180000,-0.130000
113.728606,0.100000,0.610000,-0.130000
113.728606,0.040000,0.810000,-0.140000
113.728606,0.000000,0.960000,-0.110000
113.824946,0.100000,0.590000,-0.060000
113.824946,0.160000,0.040000,-0.020000
113.824946,0.260000,-0.280000,0.000000
113.824946,0.290000,-0.270000,0.030000
113.824946,0.220000,0.000000,0.050000
113.921316,-0.060000,0.350000,0.080000
113.921316,-0.080000,0.270000,0.120000
113.921316,0.080000,-0.030000,0.170000
113.921316,0.160000,-0.210000,0.190000
113.921316,0.190000,-0.510000,0.200000
114.017666,0.040000,-0.410000,0.190000
114.017666,0.040000,-0.160000,0.180000
114.017666,0.050000,0.070000,0.180000
114.017666,0.010000,0.150000,0.170000
114.017666,-0.050000,0.160000,0.160000
114.114036,0.090000,-0.100000,0.150000
114.114036,0.220000,-0.210000,0.150000
114.114036,0.160000,-0.100000,0.120000
114.114036,0.070000,0.000000,0.100000
114.114036,-0.070000,0.200000,0.090000
114.210436,-0.060000,0.130000,0.070000
114.210436,0.050000,-0.160000,0.070000
114.210436,0.120000,-0.360000,0.080000
114.210436,0.120000,-0.370000,0.070000
114.210436,0.000000,-0.270000,0.050000
114.309446,-0.110000,-0.080000,0.020000
114.309446,-0.040000,-0.120000,0.030000
114.309446,0.020000,-0.120000,0.020000
114.309446,-0.010000,-0.300000,0.000000
114.309446,-0.050000,-0.340000,-0.010000
114.405766,0.000000,-0.260000,0.010000
114.405766,0.000000,-0.230000,0.010000
114.405766,-0.060000,-0.200000,0.000000
114.405766,-0.170000,-0.230000,0.000000
114.405766,-0.180000,-0.290000,0.000000
114.502046,-0.010000,-0.780000,-0.040000
114.502046,0.020000,-0.820000,-0.050000
114.502046,-0.020000,-0.610000,-0.070000
114.502046,-0.180000,-0.210000,-0.080000
114.502046,-0.250000,-0.080000,-0.100000
114.598346,-0.120000,-0.200000,-0.100000
114.598346,-0.010000,-0.290000,-0.110000
114.598346,0.120000,-0.420000,-0.120000
114.598346,0.090000,-0.250000,-0.120000
114.598346,0.040000,-0.080000,-0.130000
114.694636,-0.010000,0.500000,-0.110000
114.694636,0.030000,0.500000,-0.100000
114.694636,0.130000,0.400000,-0.080000
114.694636,0.140000,0.270000,-0.070000
114.694636,0.140000,0.200000,-0.080000
114.790946,0.180000,0.310000,-0.030000
114.790946,0.150000,0.430000,-0.030000
114.790946,0.020000,0.540000,-0.030000
114.790946,0.010000,0.390000,-0.040000
114.790946,0.090000,0.330000,-0.020000
114.887286,0.180000,0.390000,0.050000
114.887286,0.060000,0.430000,0.070000
114.887286,-0.130000,0.380000,0.140000
114.887286,-0.110000,-0.040000,0.150000
114.887286,0.000000,-0.370000,0.160000
114.983636,0.290000,-0.860000,0.200000
114.983636,0.200000,-0.700000,0.180000
114.983636,-0.080000,-0.250000,0.150000
114.983636,-0.250000,0.060000,0.110000
114.983636,-0.250000,0.120000,0.110000
115.079976,0.020000,-0.260000,0.120000
115.079976,0.040000,-0.410000,0.130000
115.079976,0.030000,-0.490000,0.100000
115.079976,0.000000,-0.240000,0.100000
115.079976,-0.030000,-0.080000,0.090000
115.176306,-0.120000,0.050000,0.080000
115.176306,-0.080000,0.000000,0.090000
115.176306,0.010000,-0.080000,0.100000
115.176306,0.030000,-0.210000,0.100000
115.176306,0.000000,-0.250000,0.070000
115.272616,-0.030000,-0.220000,0.080000
115.272616,0.000000,-0.140000,0.100000
115.272616,0.010000,-0.120000,0.100000
115.272616,-0.070000,-0.130000,0.080000
115.272616,-0.120000,-0.180000,0.080000
115.364906,-0.030000,-0.350000,0.100000
115.364906,0.070000,-0.490000,0.100000
115.364906,0.020000,-0.520000,0.090000
115.364906,-0.010000,-0.430000,0.070000
115.364906,-0.030000,-0.200000,0.070000
115.461176,-0.060000,0.000000,0.070000
115.461176,-0.070000,0.030000,0.080000
115.461176,-0.110000,-0.040000,0.090000
115.461176,-0.140000,-0.110000,0.100000
115.461176,-0.140000,-0.330000,0.120000
115.557436,-0.030000,-0.560000,0.140000
115.557436,-0.060000,-0.510000,0.150000
115.557436,-0.140000,-0.370000,0.140000
115.557436,-0.170000,-0.290000,0.140000
115.557436,-0.160000,-0.190000,0.130000
115.653686,-0.020000,-0.120000,0.140000
115.653686,0.000000,-0.110000,0.140000
115.653686,-0.030000,-0.040000,0.140000
115.653686,-0.040000,-0.010000,0.150000
115.653686,0.000000,0.010000,0.170000
115.749946,0.100000,-0.050000,0.160000
115.749946,0.130000,-0.040000,0.150000
115.749946,0.110000,0.090000,0.140000
115.749946,0.090000,0.190000,0.140000
115.749946,0.030000,0.350000,0.130000
115.846236,0.020000,0.380000,0.160000
115.846236,0.060000,0.170000,0.150000
115.846236,0.150000,-0.090000,0.140000
115.846236,0.210000,-0.150000,0.140000
115.846236,0.240000,-0.010000,0.140000
115.942466,0.030000,0.350000,0.140000
115.942466,0.000000,0.280000,0.140000
115.942466,0.170000,0.070000,0.140000
115.942466,0.300000,-0.010000,0.150000
115.942466,0.390000,-0.090000,0.130000
116.041446,0.070000,-0.180000,0.050000
116.041446,-0.040000,-0.150000,0.000000
116.041446,0.050000,0.130000,-0.020000
116.041446,0.070000,0.360000,-0.040000
116.041446,-0.010000,0.370000,-0.060000
116.137706,-0.320000,-0.080000,-0.090000
116.137706,-0.200000,-0.260000,-0.060000
116.137706,0.100000,-0.460000,-0.040000
116.137706,0.050000,-0.510000,-0.020000
116.137706,-0.070000,-0.480000,-0.030000
116.233976,-0.290000,-0.240000,-0.070000
116.233976,-0.220000,-0.230000,-0.090000
116.233976,-0.140000,-0.360000,-0.120000
116.233976,-0.210000,-0.510000,-0.190000
116.233976,-0.270000,-0.580000,-0.220000
116.330256,-0.160000,-0.330000,-0.300000
116.330256,-0.150000,-0.200000,-0.320000
116.330256,-0.210000,-0.170000,-0.360000
116.330256,-0.240000,-0.090000,-0.400000
116.330256,-0.210000,-0.100000,-0.410000
116.426486,-0.130000,-0.190000,-0.440000
116.426486,-0.110000,-0.330000,-0.470000
116.426486,-0.080000,-0.590000,-0.530000
116.426486,0.000000,-0.540000,-0.580000
116.426486,0.010000,-0.400000,-0.620000
116.522736,-0.330000,0.410000,-0.750000
116.522736,-0.420000,0.460000,-0.770000
116.522736,-0.390000,0.490000,-0.790000
116.522736,-0.200000,0.350000,-0.780000
116.522736,-0.130000,0.220000,-0.770000
116.618996,-0.140000,0.100000,-0.690000
116.618996,-0.140000,0.230000,-0.660000
116.618996,-0.080000,0.540000,-0.600000
116.618996,-0.020000,0.810000,-0.540000
116.618996,-0.010000,0.860000,-0.520000
116.715236,0.000000,0.740000,-0.500000
116.715236,0.040000,0.620000,-0.470000
116.715236,0.140000,0.420000,-0.430000
116.715236,0.120000,0.230000,-0.360000
116.715236,0.090000,0.210000,-0.310000
116.811476,0.130000,0.900000,-0.170000
116.811476,0.090000,1.230000,-0.130000
116.811476,-0.180000,1.820000,-0.090000
116.811476,-0.500000,2.100000,-0.060000
116.811476,-0.570000,2.080000,-0.050000
116.907736,-0.130000,1.570000,-0.080000
116.907736,-0.030000,1.330000,-0.070000
116.907736,0.030000,0.950000,-0.080000
116.907736,-0.110000,0.890000,-0.080000
116.907736,-0.130000,0.910000,-0.070000
117.003996,0.200000,-0.170000,-0.130000
117.003996,0.210000,-0.610000,-0.140000
117.003996,0.140000,-1.170000,-0.160000
117.003996,0.090000,-1.050000,-0.150000
117.003996,0.100000,-0.800000,-0.140000
117.100246,-0.020000,0.070000,-0.130000
117.100246,-0.100000,0.030000,-0.110000
117.100246,-0.120000,-0.270000,-0.030000
117.100246,-0.080000,-0.290000,0.000000
117.100246,-0.110000,-0.140000,0.030000
117.196486,-0.260000,0.200000,0.050000
117.196486,-0.170000,0.010000,0.090000
117.196486,0.070000,-0.520000,0.180000
117.196486,0.190000,-0.650000,0.170000
117.196486,0.180000,-0.500000,0.120000
117.292736,-0.030000,0.100000,-0.060000
117.292736,0.020000,-0.050000,-0.060000
117.292736,0.300000,-0.670000,-0.030000
117.292736,0.520000,-1.410000,0.000000
117.292736,0.550000,-1.690000,0.030000
117.388996,0.440000,-1.820000,0.080000
117.388996,0.440000,-1.660000,0.100000
117.388996,0.380000,-1.190000,0.140000
117.388996,0.320000,-0.600000,0.150000
117.388996,0.280000,-0.340000,0.140000
117.485246,0.200000,0.010000,0.170000
117.485246,0.160000,0.040000,0.160000
117.485246,0.080000,0.390000,0.130000
117.485246,-0.010000,0.840000,0.080000
117.485246,-0.080000,0.950000,0.090000
117.584166,-0.220000,0.900000,0.090000
117.584166,-0.240000,0.840000,0.070000
117.584166,-0.330000,0.680000,0.040000
117.584166,-0.450000,0.680000,0.050000
117.584166,-0.470000,0.680000,0.040000
195.191120,0.020000,-0.030000,0.020000
195.191120,0.010000,-0.020000,0.020000
195.191120,0.010000,-0.030000,0.010000
195.191120,0.000000,-0.050000,0.020000
195.191120,0.010000,-0.050000,0.020000
195.275400,0.010000,-0.040000,0.010000
195.275400,0.000000,-0.040000,0.010000
195.275400,0.000000,-0.040000,0.010000
195.275400,0.000000,-0.030000,0.010000
195.275400,0.010000,-0.030000,0.010000
195.359660,0.010000,-0.040000,0.010000
195.359660,0.010000,-0.040000,0.010000
195.359660,0.010000,-0.030000,0.010000
195.359660,0.020000,-0.030000,0.010000
195.359660,0.020000,-0.010000,0.020000
195.443920,0.010000,-0.010000,0.010000
195.443920,0.000000,-0.020000,0.010000
195.443920,0.000000,-0.030000,0.010000
195.443920,0.010000,-0.050000,0.010000
195.443920,0.020000,-0.050000,0.010000
195.528160,0.020000,-0.040000,0.010000
195.528160,0.000000,-0.020000,0.010000
195.528160,0.000000,-0.020000,0.010000
195.528160,0.000000,-0.010000,0.010000
195.528160,0.000000,-0.010000,0.010000
195.612410,0.010000,-0.040000,0.010000
195.612410,0.010000,-0.040000,0.020000
195.612410,0.010000,-0.050000,0.010000
195.612410,0.000000,-0.050000,0.020000
195.612410,0.000000,-0.050000,0.020000
195.696660,0.000000,-0.020000,0.020000
195.696660,0.000000,-0.020000,0.030000
195.696660,0.000000,-0.020000,0.020000
195.696660,0.000000,-0.040000,0.020000
195.696660,0.010000,-0.070000,0.020000
195.780910,0.020000,-0.080000,0.020000
195.780910,0.010000,-0.060000,0.020000
195.780910,0.010000,-0.050000,0.020000
195.780910,0.000000,-0.020000,0.020000
195.780910,0.000000,-0.010000,0.010000
195.865150,0.010000,-0.010000,0.020000
195.865150,0.020000,-0.030000,0.020000
195.865150,0.020000,-0.040000,0.020000
195.865150,0.010000,-0.050000,0.020000
195.865150,0.010000,-0.050000,0.020000
195.949410,0.010000,-0.050000,0.020000
195.949410,0.010000,-0.040000,0.020000
195.949410,0.010000,-0.040000,0.020000
195.949410,0.000000,-0.040000,0.010000
195.949410,0.000000,-0.040000,0.010000
196.036320,0.010000,-0.020000,0.010000
196.036320,0.010000,-0.020000,0.010000
196.036320,0.010000,-0.020000,0.010000
196.036320,0.010000,-0.030000,0.010000
196.036320,0.010000,-0.020000,0.010000
196.123260,0.010000,-0.030000,0.010000
196.123260,0.000000,-0.030000,0.010000
196.123260,0.000000,-0.050000,0.010000
196.123260,0.010000,-0.050000,0.010000
196.123260,0.020000,-0.050000,0.010000
196.210180,0.010000,-0.040000,0.010000
196.210180,0.000000,-0.020000,0.010000
196.210180,0.000000,-0.010000,0.010000
196.210180,0.000000,-0.010000,0.010000
196.210180,0.010000,-0.010000,0.010000
196.294410,0.010000,-0.050000,0.010000
196.294410,0.010000,-0.050000,0.020000
196.294410,0.010000,-0.060000,0.020000
196.294410,0.010000,-0.050000,0.020000
196.294410,0.000000,-0.040000,0.020000
196.378650,0.000000,-0.020000,0.020000
196.378650,0.000000,-0.030000,0.020000
196.378650,0.000000,-0.030000,0.020000
196.378650,0.010000,-0.040000,0.020000
196.378650,0.010000,-0.040000,0.010000
196.462890,0.000000,-0.040000,0.010000
196.462890,0.000000,-0.040000,0.020000
196.462890,0.000000,-0.040000,0.010000
196.462890,0.000000,-0.040000,0.020000
196.462890,0.010000,-0.050000,0.020000
196.547120,0.020000,-0.040000,0.010000
196.547120,0.010000,-0.040000,0.010000
196.547120,0.010000,-0.040000,0.010000
196.547120,0.010000,-0.030000,0.010000
196.547120,0.020000,-0.010000,0.010000
196.631380,0.010000,-0.020000,0.010000
196.631380,0.010000,-0.030000,0.010000
196.631380,0.010000,-0.030000,0.010000
196.631380,0.020000,-0.040000,0.010000
196.631380,0.030000,-0.030000,0.010000
196.715620,0.030000,-0.010000,0.010000
196.715620,0.010000,0.000000,0.010000
196.715620,0.000000,0.000000,0.010000
196.715620,0.000000,0.000000,0.010000
196.715620,0.010000,-0.020000,0.010000
196.799870,0.030000,-0.060000,0.010000
196.799870,0.030000,-0.070000,0.010000
196.799870,0.020000,-0.070000,0.010000
196.799870,0.020000,-0.040000,0.020000
196.799870,0.020000,-0.020000,0.010000
196.884080,0.020000,0.000000,0.020000
196.884080,0.010000,0.000000,0.010000
196.884080,0.010000,0.000000,0.020000
196.884080,0.010000,0.000000,0.020000
196.884080,0.010000,-0.040000,0.020000
196.968340,0.020000,-0.090000,0.030000
196.968340,0.030000,-0.100000,0.030000
196.968340,0.040000,-0.090000,0.020000
196.968340,0.030000,-0.080000,0.030000
196.968340,0.020000,-0.030000,0.020000
197.052600,0.010000,0.000000,0.020000
197.052600,0.020000,0.020000,0.010000
197.052600,0.020000,0.010000,0.020000
197.052600,0.020000,0.000000,0.020000
197.052600,0.020000,-0.020000,0.020000
197.136820,0.030000,-0.070000,0.020000
197.136820,0.040000,-0.060000,0.020000
197.136820,0.040000,-0.050000,0.020000
197.136820,0.010000,-0.010000,0.010000
197.136820,0.000000,0.000000,0.010000
197.221080,0.000000,0.010000,0.010000
197.221080,0.020000,-0.010000,0.020000
197.221080,0.020000,-0.040000,0.020000
197.221080,0.020000,-0.070000,0.020000
197.221080,0.020000,-0.100000,0.020000
197.305340,0.030000,-0.060000,0.010000
197.305340,0.020000,-0.030000,0.010000
197.305340,0.000000,0.010000,0.010000
197.305340,0.000000,0.010000,0.010000
197.305340,0.000000,0.000000,0.010000
197.389610,0.020000,-0.040000,0.010000
197.389610,0.040000,-0.050000,0.020000
197.389610,0.040000,-0.060000,0.020000
197.389610,0.030000,-0.060000,0.010000
197.389610,0.010000,-0.050000,0.010000
197.473860,0.010000,-0.010000,0.010000
197.473860,0.010000,0.000000,0.010000
197.473860,0.010000,0.000000,0.020000
197.473860,0.000000,-0.030000,0.010000
197.473860,0.000000,-0.050000,0.010000
197.560760,0.030000,-0.060000,0.010000
197.560760,0.030000,-0.040000,0.020000
197.560760,0.020000,-0.030000,0.020000
197.560760,0.010000,-0.020000,0.010000
197.560760,0.000000,-0.010000,0.010000
197.647700,0.020000,-0.010000,0.010000
197.647700,0.020000,-0.020000,0.020000
197.647700,0.020000,-0.050000,0.010000
197.647700,0.020000,-0.050000,0.010000
197.647700,0.020000,-0.050000,0.010000
197.731950,0.020000,-0.020000,0.010000
197.731950,0.020000,-0.010000,0.010000
197.731950,0.010000,-0.010000,0.010000
197.731950,0.010000,-0.020000,0.010000
197.731950,0.020000,-0.020000,0.010000
197.816220,0.030000,-0.050000,0.010000
197.816220,0.030000,-0.050000,0.010000
197.816220,0.020000,-0.040000,0.010000
197.816220,0.020000,-0.030000,0.010000
197.816220,0.020000,-0.020000,0.010000
197.903140,0.020000,0.000000,0.010000
197.903140,0.020000,-0.010000,0.010000
197.903140,0.010000,-0.030000,0.010000
197.903140,0.010000,-0.040000,0.010000
197.903140,0.020000,-0.050000,0.010000
197.987420,0.040000,-0.050000,0.010000
197.987420,0.030000,-0.030000,0.010000
197.987420,0.010000,-0.010000,0.010000
197.987420,0.010000,-0.010000,0.010000
197.987420,0.010000,0.000000,0.010000
198.071710,0.020000,0.000000,0.010000
198.071710,0.020000,-0.030000,0.010000
198.071710,0.020000,-0.050000,0.010000
198.071710,0.020000,-0.060000,0.010000
198.071710,0.030000,-0.060000,0.010000
198.155990,0.020000,-0.010000,0.010000
198.155990,0.000000,0.020000,0.010000
198.155990,0.000000,0.010000,0.010000
198.155990,0.000000,0.000000,0.010000
198.155990,0.000000,-0.020000,0.010000
198.240280,0.050000,-0.070000,0.020000
198.240280,0.050000,-0.080000,0.010000
198.240280,0.020000,-0.070000,0.010000
198.240280,0.010000,-0.050000,0.010000
198.240280,0.000000,0.000000,0.010000
198.324550,0.010000,0.000000,0.010000
198.324550,0.010000,0.000000,0.010000
198.324550,0.020000,-0.030000,0.010000
198.324550,0.020000,-0.050000,0.010000
198.324550,0.020000,-0.060000,0.010000
198.408830,0.020000,-0.050000,0.020000
198.408830,0.020000,-0.030000,0.010000
198.408830,0.010000,-0.030000,0.010000
198.408830,0.010000,-0.020000,0.010000
198.408830,0.000000,-0.020000,0.010000
198.493130,0.010000,-0.030000,0.010000
198.493130,0.020000,-0.040000,0.020000
198.493130,0.020000,-0.040000,0.020000
198.493130,0.010000,-0.060000,0.020000
198.493130,0.010000,-0.050000,0.020000
198.577410,0.020000,-0.020000,0.020000
198.577410,0.020000,-0.020000,0.020000
198.577410,0.010000,-0.020000,0.020000
198.577410,0.010000,-0.030000,0.020000
198.577410,0.010000,-0.040000,0.020000
198.661670,0.020000,-0.050000,0.020000
198.661670,0.020000,-0.040000,0.020000
198.661670,0.010000,-0.040000,0.010000
198.661670,0.010000,-0.030000,0.020000
198.661670,0.010000,-0.020000,0.020000
198.745950,0.010000,-0.010000,0.010000
198.745950,0.010000,-0.010000,0.020000
198.745950,0.010000,-0.010000,0.020000
198.745950,0.010000,-0.030000,0.020000
198.745950,0.010000,-0.040000,0.020000
198.830230,0.010000,-0.060000,0.020000
198.830230,0.010000,-0.060000,0.020000
198.830230,0.010000,-0.050000,0.020000
198.830230,0.010000,-0.030000,0.020000
198.830230,0.010000,-0.020000,0.020000
198.914480,0.010000,-0.010000,0.020000
198.914480,0.010000,-0.030000,0.020000
198.914480,0.020000,-0.040000,0.020000
198.914480,0.020000,-0.040000,0.020000
198.914480,0.030000,-0.040000,0.020000
198.998740,0.010000,-0.030000,0.020000
198.998740,0.000000,-0.030000,0.020000
198.998740,0.010000,-0.060000,0.020000
198.998740,0.020000,-0.080000,0.020000
198.998740,0.040000,-0.090000,0.020000
199.083040,0.040000,-0.080000,0.020000
199.083040,0.020000,-0.010000,0.010000
199.083040,0.000000,0.000000,0.010000
199.083040,0.000000,0.030000,0.010000
199.083040,0.000000,0.030000,0.010000
786.528475,0.010000,-0.020000,0.010000
786.528475,0.010000,-0.020000,0.010000
786.528475,0.020000,-0.030000,0.010000
786.528475,0.020000,-0.040000,0.010000
786.528475,0.010000,-0.030000,0.010000
786.624765,0.000000,-0.020000,0.010000
786.624765,0.000000,-0.040000,0.010000
786.624765,0.000000,-0.040000,0.010000
786.624765,0.000000,-0.040000,0.010000
786.624765,0.010000,-0.040000,0.010000
786.721045,0.000000,-0.040000,0.010000
786.721045,0.010000,-0.040000,0.010000
786.721045,0.020000,-0.030000,0.010000
786.721045,0.020000,-0.020000,0.010000
786.721045,0.010000,-0.010000,0.000000
786.817325,0.010000,0.000000,0.000000
786.817325,0.030000,0.000000,0.000000
786.817325,0.030000,-0.010000,0.000000
786.817325,0.020000,-0.020000,0.000000
786.817325,0.010000,-0.030000,0.000000
786.913605,0.020000,-0.020000,0.010000
786.913605,0.020000,-0.040000,0.010000
786.913605,0.010000,-0.040000,0.000000
786.913605,0.000000,-0.030000,0.010000
786.913605,0.000000,-0.020000,0.010000
787.009895,0.020000,-0.030000,0.000000
787.009895,0.030000,-0.030000,0.000000
787.009895,0.020000,-0.010000,0.000000
787.009895,0.020000,-0.010000,0.000000
787.009895,0.020000,-0.010000,0.000000
787.106165,0.030000,-0.020000,0.000000
787.106165,0.010000,-0.040000,0.010000
787.106165,0.000000,-0.050000,0.000000
787.106165,0.010000,-0.050000,0.010000
787.106165,0.020000,-0.030000,0.000000
787.202465,0.010000,-0.040000,0.000000
787.202465,0.000000,-0.040000,0.010000
787.202465,0.000000,-0.050000,0.010000
787.202465,0.010000,-0.050000,0.010000
787.202465,0.020000,-0.060000,0.010000
787.298775,0.000000,-0.040000,0.010000
787.298775,0.000000,-0.020000,0.010000
787.298775,0.000000,-0.040000,0.010000
787.298775,0.000000,-0.050000,0.010000
787.298775,0.010000,-0.050000,0.010000
787.395105,0.010000,-0.040000,0.010000
787.395105,0.000000,-0.040000,0.010000
787.395105,0.000000,-0.040000,0.010000
787.395105,0.010000,-0.050000,0.010000
787.395105,0.010000,-0.050000,0.010000
787.491445,0.000000,-0.050000,0.020000
787.491445,0.000000,-0.050000,0.020000
787.491445,0.000000,-0.050000,0.020000
787.491445,0.010000,-0.050000,0.020000
787.491445,0.010000,-0.060000,0.020000
787.587765,0.000000,-0.050000,0.020000
787.587765,0.000000,-0.050000,0.020000
787.587765,0.000000,-0.050000,0.020000
787.587765,0.010000,-0.050000,0.020000
787.587765,0.010000,-0.050000,0.010000
787.684095,0.000000,-0.040000,0.010000
787.684095,0.000000,-0.030000,0.010000
787.684095,0.010000,-0.030000,0.010000
787.684095,0.020000,-0.030000,0.010000
787.684095,0.010000,-0.040000,0.010000
787.780435,0.000000,-0.030000,0.010000
787.780435,0.010000,-0.030000,0.010000
787.780435,0.030000,-0.040000,0.010000
787.780435,0.030000,-0.040000,0.010000
787.780435,0.020000,-0.030000,0.000000
787.876755,0.010000,-0.010000,0.000000
787.876755,0.020000,-0.020000,0.010000
787.876755,0.030000,-0.040000,0.010000
787.876755,0.020000,-0.050000,0.010000
787.876755,0.020000,-0.030000,0.010000
787.973055,0.010000,-0.010000,0.010000
787.973055,0.010000,-0.030000,0.010000
787.973055,0.020000,-0.030000,0.010000
787.973055,0.020000,-0.030000,0.010000
787.973055,0.010000,-0.040000,0.010000
788.069385,0.010000,-0.030000,0.010000
788.069385,0.020000,-0.020000,0.010000
788.069385,0.020000,-0.030000,0.010000
788.069385,0.020000,-0.040000,0.020000
788.069385,0.010000,-0.050000,0.020000
788.165695,0.020000,-0.030000,0.020000
788.165695,0.020000,-0.030000,0.020000
788.165695,0.010000,-0.040000,0.020000
788.165695,0.010000,-0.040000,0.020000
788.165695,0.010000,-0.030000,0.020000
788.262015,0.020000,-0.030000,0.020000
788.262015,0.020000,-0.030000,0.020000
788.262015,0.010000,-0.020000,0.010000
788.262015,0.010000,-0.020000,0.010000
788.262015,0.020000,-0.030000,0.010000
788.358325,0.020000,-0.020000,0.010000
788.358325,0.020000,-0.010000,0.010000
788.358325,0.020000,-0.010000,0.010000
788.358325,0.020000,-0.010000,0.010000
788.358325,0.020000,-0.010000,0.010000
788.454645,0.000000,-0.020000,0.010000
788.454645,0.010000,-0.020000,0.010000
788.454645,0.020000,-0.020000,0.010000
788.454645,0.010000,-0.020000,0.010000
788.454645,0.000000,-0.020000,0.010000
788.550975,0.000000,-0.020000,0.020000
788.550975,0.010000,-0.040000,0.010000
788.550975,0.020000,-0.020000,0.010000
788.550975,0.020000,-0.010000,0.010000
788.550975,0.000000,0.000000,0.010000
788.647285,0.000000,-0.010000,0.000000
788.647285,0.030000,0.000000,0.000000
788.647285,0.030000,0.070000,0.000000
788.647285,0.020000,0.090000,0.000000
788.647285,0.000000,0.030000,0.000000
788.743605,0.030000,-0.040000,0.010000
788.743605,0.040000,-0.050000,0.010000
788.743605,0.020000,-0.030000,0.010000
788.743605,0.000000,-0.020000,0.010000
788.743605,0.000000,-0.010000,0.010000
788.839925,0.020000,-0.040000,0.010000
788.839925,0.010000,-0.050000,0.010000
788.839925,0.010000,-0.010000,0.010000
788.839925,0.000000,0.000000,0.010000
788.839925,0.000000,0.000000,0.010000
788.936255,0.000000,-0.020000,0.010000
788.936255,0.010000,-0.020000,0.010000
788.936255,0.000000,-0.020000,0.010000
788.936255,0.000000,-0.010000,0.010000
788.936255,0.010000,0.000000,0.000000
789.032565,0.000000,0.000000,0.000000
789.032565,0.010000,0.000000,0.000000
789.032565,0.020000,0.000000,0.010000
789.032565,0.010000,-0.030000,0.000000
789.032565,0.000000,-0.040000,0.010000
789.128835,0.010000,0.000000,0.010000
789.128835,0.000000,-0.030000,0.010000
789.128835,0.000000,-0.030000,0.010000
789.128835,0.000000,-0.030000,0.010000
789.128835,0.000000,-0.040000,0.010000
789.225135,0.000000,-0.060000,0.010000
789.225135,0.000000,-0.030000,0.010000
789.225135,0.000000,-0.020000,0.010000
789.225135,0.000000,-0.030000,0.010000
789.225135,0.000000,-0.040000,0.010000
789.321425,0.010000,-0.020000,0.010000
789.321425,0.000000,-0.020000,0.000000
789.321425,0.000000,-0.020000,0.000000
789.321425,0.000000,-0.020000,0.000000
789.321425,0.010000,-0.030000,0.000000
789.417715,0.010000,-0.030000,0.010000
789.417715,0.010000,-0.030000,0.010000
789.417715,0.000000,-0.040000,0.010000
789.417715,0.000000,-0.040000,0.010000
789.417715,0.010000,-0.040000,0.010000
789.514005,0.010000,-0.040000,0.010000
789.514005,0.000000,-0.030000,0.010000
789.514005,0.010000,-0.040000,0.010000
789.514005,0.010000,-0.040000,0.000000
789.514005,0.020000,-0.030000,0.000000
789.610305,0.010000,-0.010000,0.000000
789.610305,0.010000,-0.020000,0.000000
789.610305,0.020000,-0.020000,0.000000
789.610305,0.020000,-0.030000,0.000000
789.610305,0.020000,-0.040000,0.000000
789.706595,0.020000,-0.020000,0.000000
789.706595,0.010000,-0.040000,0.000000
789.706595,0.010000,-0.040000,0.010000
789.706595,0.020000,-0.050000,0.010000
789.706595,0.020000,-0.050000,0.010000
789.802875,0.010000,-0.040000,0.010000
789.802875,0.010000,-0.020000,0.010000
789.802875,0.010000,-0.040000,0.010000
789.802875,0.010000,-0.040000,0.010000
789.802875,0.010000,-0.050000,0.010000
789.899165,0.020000,-0.030000,0.010000
789.899165,0.020000,-0.040000,0.010000
789.899165,0.010000,-0.040000,0.010000
789.899165,0.000000,-0.040000,0.010000
789.899165,0.000000,-0.050000,0.010000
789.995475,0.020000,-0.040000,0.010000
789.995475,0.010000,-0.030000,0.010000
789.995475,0.000000,-0.050000,0.010000
789.995475,0.000000,-0.050000,0.010000
789.995475,0.020000,-0.050000,0.010000
790.091775,0.020000,-0.040000,0.010000
790.091775,0.000000,-0.040000,0.010000
790.091775,0.000000,-0.040000,0.010000
790.091775,0.000000,-0.050000,0.010000
790.091775,0.020000,-0.050000,0.010000
790.190725,0.020000,-0.050000,0.010000
790.190725,0.000000,-0.050000,0.010000
790.190725,0.000000,-0.030000,0.010000
790.190725,0.000000,-0.040000,0.010000
790.190725,0.010000,-0.060000,0.010000
790.286995,0.020000,-0.070000,0.010000
790.286995,0.000000,-0.050000,0.010000
790.286995,0.000000,-0.040000,0.010000
790.286995,0.010000,-0.040000,0.010000
790.286995,0.020000,-0.040000,0.010000
790.383245,0.000000,-0.050000,0.010000
790.383245,0.000000,-0.050000,0.010000
790.383245,0.000000,-0.030000,0.010000
790.383245,0.010000,-0.040000,0.010000
790.383245,0.020000,-0.040000,0.010000
900.160641,-0.460000,0.040000,-0.120000
900.160641,-0.490000,-0.010000,-0.110000
900.160641,-0.540000,-0.180000,-0.100000
900.160641,-0.570000,-0.390000,-0.090000
900.160641,-0.560000,-0.450000,-0.080000
900.256861,-0.530000,-0.230000,-0.060000
900.256861,-0.580000,0.050000,-0.030000
900.256861,-0.570000,0.590000,-0.040000
900.256861,-0.490000,0.540000,-0.050000
900.256861,-0.410000,0.490000,-0.030000
900.353101,-0.120000,0.050000,0.030000
900.353101,-0.090000,0.190000,0.060000
900.353101,0.030000,0.770000,0.120000
900.353101,0.260000,0.860000,0.190000
900.353101,0.400000,0.600000,0.250000
900.449371,0.990000,-0.780000,0.230000
900.449371,1.110000,-1.140000,0.250000
900.449371,1.370000,-1.630000,0.260000
900.449371,1.600000,-1.860000,0.290000
900.449371,1.660000,-1.870000,0.290000
900.545611,1.560000,-2.000000,0.220000
900.545611,1.500000,-2.070000,0.170000
900.545611,1.280000,-2.040000,0.110000
900.545611,0.970000,-0.870000,0.010000
900.545611,0.840000,-0.360000,0.000000
900.641861,0.230000,-0.590000,0.110000
900.641861,0.100000,-0.630000,0.120000
900.641861,-0.190000,-0.220000,0.080000
900.641861,-0.390000,0.490000,0.040000
900.641861,-0.450000,0.740000,0.030000
900.738111,-0.470000,0.560000,0.130000
900.738111,-0.420000,0.670000,0.150000
900.738111,-0.260000,0.840000,0.140000
900.738111,0.000000,0.410000,0.190000
900.738111,0.100000,0.150000,0.200000
900.834351,0.360000,-1.120000,0.220000
900.834351,0.390000,-1.190000,0.180000
900.834351,0.240000,-0.900000,0.130000
900.834351,0.060000,0.490000,0.060000
900.834351,0.050000,0.990000,0.060000
900.930621,-0.070000,1.790000,0.120000
900.930621,-0.020000,1.490000,0.140000
900.930621,0.180000,0.320000,0.230000
900.930621,0.330000,-0.710000,0.180000
900.930621,0.310000,-0.860000,0.200000
901.026831,0.050000,0.200000,0.230000
901.026831,-0.020000,0.370000,0.250000
901.026831,-0.120000,0.370000,0.230000
901.026831,-0.110000,0.230000,0.280000
901.026831,-0.060000,0.130000,0.290000
901.123081,0.040000,-0.340000,0.330000
901.123081,0.000000,-0.380000,0.320000
901.123081,-0.110000,-0.400000,0.340000
901.123081,-0.080000,-0.340000,0.340000
901.123081,-0.050000,-0.320000,0.350000
901.219331,-0.070000,-0.090000,0.370000
901.219331,-0.120000,-0.130000,0.370000
901.219331,-0.140000,-0.330000,0.390000
901.219331,-0.010000,-0.530000,0.390000
901.219331,0.050000,-0.560000,0.400000
901.315561,0.000000,-0.320000,0.410000
901.315561,-0.040000,-0.240000,0.420000
901.315561,-0.070000,-0.160000,0.440000
901.315561,-0.010000,-0.240000,0.440000
901.315561,0.020000,-0.300000,0.450000
901.414451,0.000000,-0.400000,0.450000
901.414451,-0.010000,-0.350000,0.440000
901.414451,-0.070000,-0.230000,0.440000
901.414451,-0.110000,-0.120000,0.450000
901.414451,-0.190000,0.030000,0.460000
901.510661,-0.230000,-0.150000,0.440000
901.510661,-0.150000,-0.280000,0.430000
901.510661,-0.130000,-0.380000,0.430000
901.510661,-0.160000,-0.550000,0.400000
901.510661,-0.240000,-0.340000,0.380000
901.606881,-0.130000,0.050000,0.360000
901.606881,-0.150000,0.140000,0.300000
901.606881,-0.180000,0.100000,0.310000
901.606881,-0.210000,0.040000,0.290000
901.606881,-0.170000,-0.020000,0.280000
901.703091,-0.140000,-0.130000,0.240000
901.703091,-0.110000,0.130000,0.210000
901.703091,-0.130000,0.190000,0.200000
901.703091,-0.150000,-0.020000,0.190000
901.703091,-0.050000,-0.300000,0.170000
901.799311,-0.050000,-0.150000,0.110000
901.799311,-0.120000,0.110000,0.090000
901.799311,-0.170000,0.120000,0.080000
901.799311,-0.160000,-0.030000,0.050000
901.799311,-0.090000,-0.200000,0.040000
901.895531,-0.130000,-0.120000,0.020000
901.895531,-0.220000,0.060000,0.010000
901.895531,-0.240000,0.070000,0.020000
901.895531,-0.200000,-0.030000,0.020000
901.895531,-0.110000,-0.210000,0.030000
901.991751,-0.180000,-0.190000,0.030000
901.991751,-0.220000,0.000000,0.030000
901.991751,-0.210000,0.070000,0.010000
901.991751,-0.140000,0.020000,0.010000
901.991751,-0.100000,-0.040000,0.000000
902.087961,-0.150000,0.130000,0.000000
902.087961,-0.180000,0.310000,-0.010000
902.087961,-0.190000,0.320000,-0.010000
902.087961,-0.200000,0.270000,-0.010000
902.087961,-0.210000,0.330000,-0.020000
902.184201,-0.280000,0.270000,-0.020000
902.184201,-0.250000,0.150000,-0.010000
902.184201,-0.220000,0.210000,-0.010000
902.184201,-0.270000,0.440000,-0.030000
902.184201,-0.410000,0.460000,-0.010000
902.280441,-0.330000,0.360000,0.000000
902.280441,-0.280000,0.130000,0.020000
902.280441,-0.320000,0.000000,0.030000
902.280441,-0.330000,0.030000,0.030000
902.280441,-0.250000,0.200000,0.000000
902.376651,-0.230000,0.070000,0.000000
902.376651,-0.240000,0.120000,-0.010000
902.376651,-0.240000,0.130000,-0.030000
902.376651,-0.220000,0.030000,-0.050000
902.376651,-0.240000,0.020000,-0.090000
902.472881,-0.380000,0.290000,-0.140000
902.472881,-0.500000,0.470000,-0.180000
902.472881,-0.540000,0.470000,-0.190000
902.472881,-0.570000,0.280000,-0.220000
902.472881,-0.600000,0.120000,-0.220000
902.569101,-0.750000,0.240000,-0.240000
902.569101,-0.870000,0.430000,-0.270000
902.569101,-0.910000,0.490000,-0.270000
902.569101,-0.950000,0.560000,-0.300000
902.569101,-0.970000,0.470000,-0.300000
902.665301,-1.080000,0.560000,-0.290000
902.665301,-1.200000,0.990000,-0.290000
902.665301,-1.280000,1.270000,-0.300000
902.665301,-1.520000,1.710000,-0.320000
902.665301,-1.990000,2.000000,-0.280000
902.761521,-1.990000,0.710000,-0.120000
902.761521,-1.700000,0.570000,0.050000
902.761521,-1.700000,0.790000,0.080000
902.761521,-1.830000,1.250000,0.190000
902.761521,-1.530000,1.410000,0.120000
902.857761,-0.780000,1.890000,0.110000
902.857761,-0.180000,3.860000,-0.040000
902.857761,0.050000,4.730000,-0.030000
902.857761,0.790000,6.520000,0.270000
902.857761,2.160000,4.520000,0.500000
902.953961,1.300000,-0.800000,0.800000
902.953961,1.900000,-5.020000,0.440000
902.953961,2.490000,-6.320000,0.370000
902.953961,3.240000,-7.190000,0.330000
902.953961,3.500000,-6.670000,-0.130000
903.050161,2.950000,-2.390000,-0.550000
903.050161,2.620000,0.980000,-0.530000
903.050161,2.540000,1.340000,-0.550000
903.050161,2.500000,-0.110000,-0.330000
903.050161,2.990000,-0.990000,-0.220000
903.146391,2.960000,-2.410000,0.130000
903.146391,2.450000,-2.990000,0.080000
903.146391,2.260000,-3.080000,0.100000
903.146391,2.190000,-2.980000,0.010000
903.146391,2.370000,-2.820000,-0.070000
903.242581,1.850000,-3.420000,0.020000
903.242581,1.380000,-3.730000,-0.020000
903.242581,1.280000,-3.890000,-0.080000
903.242581,1.350000,-4.240000,-0.170000
903.242581,1.400000,-4.680000,-0.060000
903.338791,0.860000,-6.190000,0.170000
903.338791,0.250000,-6.020000,0.330000
903.338791,0.140000,-5.360000,0.310000
903.338791,-0.080000,-3.160000,0.380000
903.338791,-0.840000,-0.420000,0.560000
903.434981,-1.730000,-0.210000,0.900000
903.434981,-0.960000,0.470000,0.720000
903.434981,-0.540000,1.540000,0.720000
903.434981,0.330000,4.170000,0.910000
903.434981,-0.560000,2.040000,0.380000
903.533831,-2.230000,0.840000,0.460000
903.533831,-0.620000,-1.530000,0.460000
903.533831,0.460000,-2.180000,0.550000
903.533831,1.140000,-3.330000,0.760000
903.533831,-0.070000,-2.840000,0.570000
903.629981,-0.510000,-0.680000,0.480000
903.629981,0.110000,1.060000,0.460000
903.629981,0.510000,1.420000,0.320000
903.629981,0.360000,0.820000,0.440000
903.629981,0.000000,0.790000,0.400000
903.726181,-0.020000,-1.000000,0.440000
903.726181,0.700000,-1.630000,0.390000
903.726181,1.020000,-1.790000,0.480000
903.726181,0.930000,-1.740000,0.450000
903.726181,0.510000,-1.070000,0.350000
903.822351,0.170000,0.060000,0.400000
903.822351,0.310000,0.400000,0.340000
903.822351,0.470000,0.250000,0.360000
903.822351,0.480000,0.160000,0.340000
903.822351,0.340000,0.120000,0.330000
903.918541,0.170000,-0.480000,0.290000
903.918541,0.310000,-0.700000,0.290000
903.918541,0.400000,-0.750000,0.270000
903.918541,0.350000,-0.750000,0.260000
903.918541,0.170000,-0.650000,0.270000
904.014741,0.050000,-0.400000,0.270000
904.014741,0.070000,-0.390000,0.260000
904.014741,0.090000,-0.840000,0.260000
904.014741,0.100000,-0.900000,0.260000
904.014741,0.110000,-1.170000,0.260000
1013.067757,0.000000,-0.010000,0.010000
1013.067757,0.000000,-0.050000,0.010000
1013.067757,0.000000,-0.050000,0.010000
1013.067757,0.000000,-0.050000,0.010000
1013.067757,0.000000,-0.030000,0.010000
1013.164037,0.000000,0.000000,0.010000
1013.164037,0.000000,0.000000,0.010000
1013.164037,0.000000,-0.010000,0.010000
1013.164037,0.000000,-0.030000,0.010000
1013.164037,0.000000,-0.040000,0.010000
1013.260287,0.000000,-0.040000,0.010000
1013.260287,0.000000,-0.030000,0.010000
1013.260287,0.000000,-0.020000,0.010000
1013.260287,-0.010000,-0.010000,0.010000
1013.260287,-0.020000,-0.010000,0.010000
1013.356537,0.000000,-0.030000,0.010000
1013.356537,0.010000,-0.060000,0.010000
1013.356537,0.000000,-0.040000,0.010000
1013.356537,0.000000,-0.060000,0.010000
1013.356537,-0.010000,-0.020000,0.010000
1013.452797,0.000000,0.000000,0.010000
1013.452797,0.000000,-0.030000,0.010000
1013.452797,0.000000,-0.020000,0.010000
1013.452797,0.000000,-0.060000,0.010000
1013.452797,0.000000,-0.050000,0.010000
1013.549057,0.010000,-0.020000,0.010000
1013.549057,0.000000,0.000000,0.010000
1013.549057,0.000000,-0.010000,0.010000
1013.549057,0.010000,-0.030000,0.010000
1013.549057,0.020000,-0.040000,0.010000
1013.645307,0.020000,-0.020000,0.010000
1013.645307,0.010000,-0.010000,0.010000
1013.645307,0.010000,-0.010000,0.010000
1013.645307,0.020000,-0.020000,0.010000
1013.645307,0.020000,-0.020000,0.010000
1238.934041,0.010000,-0.020000,0.010000
1238.934041,0.010000,-0.020000,0.010000
1238.934041,0.020000,-0.030000,0.010000
1238.934041,0.020000,-0.040000,0.010000
1238.934041,0.010000,-0.030000,0.010000
1239.030331,0.000000,-0.020000,0.010000
1239.030331,0.000000,-0.040000,0.010000
1239.030331,0.000000,-0.040000,0.010000
1239.030331,0.000000,-0.040000,0.010000
1239.030331,0.010000,-0.040000,0.010000
1239.126611,0.000000,-0.040000,0.010000
1239.126611,0.010000,-0.040000,0.010000
1239.126611,0.020000,-0.030000,0.010000
1239.126611,0.020000,-0.020000,0.010000
1239.126611,0.010000,-0.010000,0.000000
1239.222891,0.010000,0.000000,0.000000
1239.222891,0.030000,0.000000,0.000000
1239.222891,0.030000,-0.010000,0.000000
1239.222891,0.020000,-0.020000,0.000000
1239.222891,0.010000,-0.030000,0.000000
1239.319171,0.020000,-0.020000,0.010000
1239.319171,0.020000,-0.040000,0.010000
1239.319171,0.010000,-0.040000,0.000000
1239.319171,0.000000,-0.030000,0.010000
1239.319171,0.000000,-0.020000,0.010000
1239.415461,0.020000,-0.030000,0.000000
1239.415461,0.030000,-0.030000,0.000000
1239.415461,0.020000,-0.010000,0.000000
1239.415461,0.020000,-0.010000,0.000000
1239.415461,0.020000,-0.010000,0.000000
1239.511731,0.030000,-0.020000,0.000000
1239.511731,0.010000,-0.040000,0.010000
1239.511731,0.000000,-0.050000,0.000000
1239.511731,0.010000,-0.050000,0.010000
1239.511731,0.020000,-0.030000,0.000000
1239.608031,0.010000,-0.040000,0.000000
1239.608031,0.000000,-0.040000,0.010000
1239.608031,0.000000,-0.050000,0.010000
1239.608031,0.010000,-0.050000,0.010000
1239.608031,0.020000,-0.060000,0.010000
1239.704341,0.000000,-0.040000,0.010000
1239.704341,0.000000,-0.020000,0.010000
1239.704341,0.000000,-0.040000,0.010000
1239.704341,0.000000,-0.050000,0.010000
1239.704341,0.010000,-0.050000,0.010000
1239.800671,0.010000,-0.040000,0.010000
1239.800671,0.000000,-0.040000,0.010000
1239.800671,0.000000,-0.040000,0.010000
1239.800671,0.010000,-0.050000,0.010000
1239.800671,0.010000,-0.050000,0.010000
1239.897011,0.000000,-0.050000,0.020000
1239.897011,0.000000,-0.050000,0.020000
1239.897011,0.000000,-0.050000,0.020000
1239.897011,0.010000,-0.050000,0.020000
1239.897011,0.010000,-0.060000,0.020000
1239.993331,0.000000,-0.050000,0.020000
1239.993331,0.000000,-0.050000,0.020000
1239.993331,0.000000,-0.050000,0.020000
1239.993331,0.010000,-0.050000,0.020000
1239.993331,0.010000,-0.050000,0.010000
1240.089661,0.000000,-0.040000,0.010000
1240.089661,0.000000,-0.030000,0.010000
1240.089661,0.010000,-0.030000,0.010000
1240.089661,0.020000,-0.030000,0.010000
1240.089661,0.010000,-0.040000,0.010000
1240.186001,0.000000,-0.030000,0.010000
1240.186001,0.010000,-0.030000,0.010000
1240.186001,0.030000,-0.040000,0.010000
1240.186001,0.030000,-0.040000,0.010000
1240.186001,0.020000,-0.030000,0.000000
1240.282321,0.010000,-0.010000,0.000000
1240.282321,0.020000,-0.020000,0.010000
1240.282321,0.030000,-0.040000,0.010000
1240.282321,0.020000,-0.050000,0.010000
1240.282321,0.020000,-0.030000,0.010000
1240.378621,0.010000,-0.010000,0.010000
1240.378621,0.010000,-0.030000,0.010000
1240.378621,0.020000,-0.030000,0.010000
1240.378621,0.020000,-0.030000,0.010000
1240.378621,0.010000,-0.040000,0.010000
1240.474951,0.010000,-0.030000,0.010000
1240.474951,0.020000,-0.020000,0.010000
1240.474951,0.020000,-0.030000,0.010000
1240.474951,0.020000,-0.040000,0.020000
1240.474951,0.010000,-0.050000,0.020000
1240.571261,0.020000,-0.030000,0.020000
1240.571261,0.020000,-0.030000,0.020000
1240.571261,0.010000,-0.040000,0.020000
1240.571261,0.010000,-0.040000,0.020000
1240.571261,0.010000,-0.030000,0.020000
1240.667581,0.020000,-0.030000,0.020000
1240.667581,0.020000,-0.030000,0.020000
1240.667581,0.010000,-0.020000,0.010000
1240.667581,0.010000,-0.020000,0.010000
1240.667581,0.020000,-0.030000,0.010000
1240.763891,0.020000,-0.020000,0.010000
1240.763891,0.020000,-0.010000,0.010000
1240.763891,0.020000,-0.010000,0.010000
1240.763891,0.020000,-0.010000,0.010000
1240.763891,0.020000,-0.010000,0.010000
1240.860211,0.000000,-0.020000,0.010000
1240.860211,0.010000,-0.020000,0.010000
1240.860211,0.020000,-0.020000,0.010000
1240.860211,0.010000,-0.020000,0.010000
1240.860211,0.000000,-0.020000,0.010000
1240.956541,0.000000,-0.020000,0.020000
1240.956541,0.010000,-0.040000,0.010000
1240.956541,0.020000,-0.020000,0.010000
1240.956541,0.020000,-0.010000,0.010000
1240.956541,0.000000,0.000000,0.010000
1241.052851,0.000000,-0.010000,0.000000
1241.052851,0.030000,0.000000,0.000000
1241.052851,0.030000,0.070000,0.000000
1241.052851,0.020000,0.090000,0.000000
1241.052851,0.000000,0.030000,0.000000
1241.149171,0.030000,-0.040000,0.010000
1241.149171,0.040000,-0.050000,0.010000
1241.149171,0.020000,-0.030000,0.010000
1241.149171,0.000000,-0.020000,0.010000
1241.149171,0.000000,-0.010000,0.010000
1241.245491,0.020000,-0.040000,0.010000
1241.245491,0.010000,-0.050000,0.010000
1241.245491,0.010000,-0.010000,0.010000
1241.245491,0.000000,0.000000,0.010000
1241.245491,0.000000,0.000000,0.010000
1241.341821,0.000000,-0.020000,0.010000
1241.341821,0.010000,-0.020000,0.010000
1241.341821,0.000000,-0.020000,0.010000
1241.341821,0.000000,-0.010000,0.010000
1241.341821,0.010000,0.000000,0.000000
1241.438131,0.000000,0.000000,0.000000
1241.438131,0.010000,0.000000,0.000000
1241.438131,0.020000,0.000000,0.010000
1241.438131,0.010000,-0.030000,0.000000
1241.438131,0.000000,-0.040000,0.010000
1241.534401,0.010000,0.000000,0.010000
1241.534401,0.000000,-0.030000,0.010000
1241.534401,0.000000,-0.030000,0.010000
1241.534401,0.000000,-0.030000,0.010000
1241.534401,0.000000,-0.040000,0.010000
1241.630701,0.000000,-0.060000,0.010000
1241.630701,0.000000,-0.030000,0.010000
1241.630701,0.000000,-0.020000,0.010000
1241.630701,0.000000,-0.030000,0.010000
1241.630701,0.000000,-0.040000,0.010000
1241.726991,0.010000,-0.020000,0.010000
1241.726991,0.000000,-0.020000,0.000000
1241.726991,0.000000,-0.020000,0.000000
1241.726991,0.000000,-0.020000,0.000000
1241.726991,0.010000,-0.030000,0.000000
1241.823281,0.010000,-0.030000,0.010000
1241.823281,0.010000,-0.030000,0.010000
1241.823281,0.000000,-0.040000,0.010000
1241.823281,0.000000,-0.040000,0.010000
1241.823281,0.010000,-0.040000,0.010000
1241.919571,0.010000,-0.040000,0.010000
1241.919571,0.000000,-0.030000,0.010000
1241.919571,0.010000,-0.040000,0.010000
1241.919571,0.010000,-0.040000,0.000000
1241.919571,0.020000,-0.030000,0.000000
1242.015871,0.010000,-0.010000,0.000000
1242.015871,0.010000,-0.020000,0.000000
1242.015871,0.020000,-0.020000,0.000000
1242.015871,0.020000,-0.030000,0.000000
1242.015871,0.020000,-0.040000,0.000000
1242.112161,0.020000,-0.020000,0.000000
1242.112161,0.010000,-0.040000,0.000000
1242.112161,0.010000,-0.040000,0.010000
1242.112161,0.020000,-0.050000,0.010000
1242.112161,0.020000,-0.050000,0.010000
1242.208441,0.010000,-0.040000,0.010000
1242.208441,0.010000,-0.020000,0.010000
1242.208441,0.010000,-0.040000,0.010000
1242.208441,0.010000,-0.040000,0.010000
1242.208441,0.010000,-0.050000,0.010000
1242.304731,0.020000,-0.030000,0.010000
1242.304731,0.020000,-0.040000,0.010000
1242.304731,0.010000,-0.040000,0.010000
1242.304731,0.000000,-0.040000,0.010000
1242.304731,0.000000,-0.050000,0.010000
1242.401041,0.020000,-0.040000,0.010000
1242.401041,0.010000,-0.030000,0.010000
1242.401041,0.000000,-0.050000,0.010000
1242.401041,0.000000,-0.050000,0.010000
1242.401041,0.020000,-0.050000,0.010000
1242.497341,0.020000,-0.040000,0.010000
1242.497341,0.000000,-0.040000,0.010000
1242.497341,0.000000,-0.040000,0.010000
1242.497341,0.000000,-0.050000,0.010000
1242.497341,0.020000,-0.050000,0.010000
1242.596291,0.020000,-0.050000,0.010000
1242.596291,0.000000,-0.050000,0.010000
1242.596291,0.000000,-0.030000,0.010000
1242.596291,0.000000,-0.040000,0.010000
1242.596291,0.010000,-0.060000,0.010000
1242.692561,0.020000,-0.070000,0.010000
1242.692561,0.000000,-0.050000,0.010000
1242.692561,0.000000,-0.040000,0.010000
1242.692561,0.010000,-0.040000,0.010000
1242.692561,0.020000,-0.040000,0.010000
1242.788811,0.000000,-0.050000,0.010000
1242.788811,0.000000,-0.050000,0.010000
1242.788811,0.000000,-0.030000,0.010000
1242.788811,0.010000,-0.040000,0.010000
1242.788811,0.020000,-0.040000,0.010000
1352.566207,1.380000,1.290000,1.930000
1352.566207,0.470000,1.360000,1.730000
1352.566207,-0.200000,1.220000,1.780000
1352.566207,-0.160000,3.250000,0.450000
1352.566207,-0.910000,8.140000,0.280000
1352.662437,-1.990000,-3.070000,0.100000
1352.662437,-1.540000,-8.940000,0.110000
1352.662437,-0.780000,-9.520000,0.580000
1352.662437,0.510000,-1.930000,0.880000
1352.662437,-1.180000,6.330000,0.160000
1352.758657,-2.140000,2.180000,0.930000
1352.758657,0.450000,-0.980000,0.320000
1352.758657,1.060000,-2.870000,0.480000
1352.758657,-0.080000,-0.750000,0.350000
1352.758657,0.330000,2.270000,-0.090000
1352.854867,1.630000,0.630000,0.100000
1352.854867,1.570000,-0.010000,-0.180000
1352.854867,0.870000,-0.200000,-0.140000
1352.854867,-0.940000,0.940000,-0.090000
1352.854867,-1.510000,2.850000,-0.210000
1352.951067,-1.300000,2.340000,-0.360000
1352.951067,-1.240000,3.140000,-0.950000
1352.951067,-1.780000,2.730000,-0.770000
1352.951067,-3.090000,1.150000,-0.230000
1352.951067,-5.020000,-1.080000,-0.640000
1353.047267,-2.750000,-1.940000,0.000000
1353.047267,-0.690000,-2.120000,-0.020000
1353.047267,-0.380000,-2.020000,0.000000
1353.047267,-1.690000,-0.290000,0.110000
1353.047267,-2.780000,2.410000,0.080000
1353.143477,-0.560000,0.620000,0.190000
1353.143477,0.780000,0.280000,0.450000
1353.143477,1.770000,-0.180000,0.650000
1353.143477,3.220000,-0.010000,0.870000
1353.143477,3.340000,0.000000,0.970000
1353.239677,4.520000,0.130000,1.050000
1353.239677,5.340000,0.170000,1.270000
1353.239677,5.670000,0.160000,1.320000
1353.239677,6.100000,0.130000,1.530000
1353.239677,6.050000,0.520000,1.650000
1353.335917,5.500000,0.260000,1.450000
1353.335917,4.660000,0.140000,0.990000
1353.335917,4.010000,0.310000,0.910000
1353.335917,2.410000,1.320000,0.800000
1353.335917,0.430000,1.000000,0.630000
1353.432097,-2.840000,0.650000,0.670000
1353.432097,-5.410000,4.080000,-0.470000
1353.432097,-5.340000,7.290000,-0.570000
1353.432097,-6.300000,10.000000,-2.090000
1353.432097,0.830000,-5.400000,-1.270000
1353.528297,-0.320000,-10.000000,-0.120000
1353.528297,-6.930000,-7.920000,1.270000
1353.528297,-7.030000,-5.360000,0.380000
1353.528297,-2.040000,5.460000,-0.390000
1353.528297,2.530000,7.910000,0.140000
1353.624497,0.060000,1.380000,-0.610000
1353.624497,-2.250000,-1.730000,-0.660000
1353.624497,-1.760000,-2.430000,-0.640000
1353.624497,0.800000,-2.750000,-0.260000
1353.624497,1.820000,-2.620000,-0.320000
1353.720717,-1.530000,-0.570000,-0.210000
1353.720717,-3.230000,0.940000,-0.210000
1353.720717,-3.190000,1.040000,-0.230000
1353.720717,-1.830000,3.710000,-0.540000
1353.720717,-0.840000,4.380000,-1.170000
1353.816947,-5.530000,1.620000,-0.600000
1353.816947,-5.460000,-1.240000,-0.220000
1353.816947,-4.170000,-1.140000,-0.050000
1353.816947,-1.440000,0.420000,-0.220000
1353.816947,-0.580000,1.680000,-0.230000
1353.913167,-1.320000,-1.990000,-0.290000
1353.913167,-0.170000,0.220000,-0.090000
1353.913167,0.630000,-0.180000,0.130000
1353.913167,1.980000,0.610000,0.810000
1353.913167,4.250000,1.000000,1.210000
1354.009387,5.980000,-0.200000,1.710000
1354.009387,6.120000,0.280000,1.530000
1354.009387,6.260000,0.590000,1.590000
1354.009387,6.980000,0.940000,1.740000
1354.009387,8.190000,0.420000,1.920000
1354.105637,6.600000,-0.320000,1.340000
1354.105637,4.670000,-1.010000,1.050000
1354.105637,3.870000,0.070000,0.820000
1354.105637,2.440000,0.650000,0.520000
1354.105637,-0.200000,0.590000,0.080000
1354.201867,-2.370000,-0.320000,-0.100000
1354.201867,-3.140000,1.100000,-0.590000
1354.201867,-3.220000,3.040000,-0.580000
1354.201867,-1.820000,4.610000,-0.310000
1354.201867,-3.110000,-8.600000,-0.960000
1354.298077,-8.680000,0.450000,1.170000
1354.298077,-3.180000,4.960000,-0.360000
1354.298077,-0.090000,7.040000,1.250000
1354.298077,2.900000,-0.260000,0.330000
1354.298077,-1.600000,1.180000,-0.790000
1354.394277,-2.980000,-0.720000,-0.040000
1354.394277,0.800000,-0.330000,-0.140000
1354.394277,2.120000,1.030000,0.310000
1354.394277,1.830000,1.640000,0.130000
1354.394277,-0.880000,2.030000,-0.350000
1354.490487,-3.750000,0.820000,-0.410000
1354.490487,-2.070000,0.490000,-0.430000
1354.490487,-0.750000,0.420000,-0.310000
1354.490487,1.070000,0.090000,-0.300000
1354.490487,-0.740000,-0.080000,-0.870000
1354.586707,-3.290000,1.640000,-1.200000
1354.586707,-5.580000,-1.270000,-0.960000
1354.586707,-5.870000,-2.540000,-0.450000
1354.586707,-3.170000,-1.070000,-0.130000
1354.586707,-0.370000,1.730000,-0.110000
1354.682917,-1.820000,3.160000,-0.610000
1354.682917,-3.810000,0.060000,-0.470000
1354.682917,-2.940000,-1.020000,-0.270000
1354.682917,0.960000,-1.670000,0.110000
1354.682917,5.030000,-0.650000,0.680000
1354.779147,7.340000,0.750000,0.860000
1354.779147,5.680000,1.210000,1.030000
1354.779147,5.140000,1.390000,1.250000
1354.779147,5.600000,1.030000,1.410000
1354.779147,8.010000,-0.330000,1.640000
1354.875377,8.040000,0.550000,1.580000
1354.875377,4.810000,-0.790000,1.380000
1354.875377,3.350000,-1.310000,1.150000
1354.875377,3.220000,-0.530000,0.840000
1354.875377,1.320000,-1.050000,0.580000
1354.971617,-3.730000,-1.140000,0.000000
1354.971617,-3.000000,0.870000,-0.580000
1354.971617,-3.210000,4.160000,-0.610000
1354.971617,-2.800000,2.480000,-0.790000
1354.971617,-4.850000,-9.940000,-0.520000
1355.067847,-5.840000,0.440000,0.160000
1355.067847,-1.470000,6.530000,0.340000
1355.067847,0.810000,9.220000,1.710000
1355.067847,0.760000,0.650000,-0.540000
1355.067847,-3.160000,-0.220000,0.070000
1355.164087,-0.580000,-1.780000,-0.230000
1355.164087,1.960000,1.130000,0.140000
1355.164087,1.550000,2.360000,0.050000
1355.164087,-0.020000,2.020000,0.040000
1355.164087,-2.430000,1.070000,-0.350000
1355.260307,-1.800000,0.390000,-0.290000
1355.260307,0.280000,0.020000,-0.240000
1355.260307,0.800000,-0.070000,-0.070000
1355.260307,-0.350000,-0.400000,-0.190000
1355.260307,-3.910000,0.140000,-0.630000
1355.356527,-4.020000,1.990000,-0.900000
1355.356527,-3.330000,1.560000,-0.540000
1355.356527,-3.660000,1.200000,-0.500000
1355.356527,-3.330000,1.050000,-0.190000
1355.356527,-2.500000,1.890000,-0.390000
1355.452747,-2.330000,0.290000,-0.590000
1355.452747,-1.830000,-1.320000,-0.130000
1355.452747,-0.580000,-1.700000,-0.040000
1355.452747,2.530000,-1.410000,0.310000
1355.452747,5.250000,-0.510000,0.700000
1355.548957,6.060000,-1.810000,0.730000
1355.548957,5.310000,-2.040000,0.660000
1355.548957,5.400000,-2.280000,0.620000
1355.548957,6.810000,-1.340000,0.460000
1355.548957,8.500000,0.340000,0.540000
1355.645187,7.640000,3.140000,1.410000
1355.645187,5.360000,-0.340000,1.640000
1355.645187,4.330000,-2.040000,1.620000
1355.645187,2.950000,-0.430000,1.430000
1355.645187,2.720000,-0.170000,0.450000
1355.741427,-2.290000,-1.390000,0.220000
1355.741427,-3.070000,-1.540000,0.060000
1355.741427,-2.580000,-0.150000,-0.320000
1355.741427,-1.090000,4.500000,0.140000
1355.741427,-4.780000,-8.080000,0.360000
1355.837637,-6.640000,2.460000,0.740000
1355.837637,-3.110000,6.070000,-1.430000
1355.837637,-0.360000,6.380000,1.220000
1355.837637,5.050000,0.240000,1.240000
1355.837637,-1.000000,1.810000,-1.500000
1355.933867,-3.110000,-3.490000,0.520000
1355.933867,0.510000,-0.070000,-0.450000
1355.933867,1.500000,0.450000,-0.220000
1355.933867,1.460000,0.670000,0.410000
1355.933867,-0.420000,1.030000,-0.160000
1356.030077,-1.370000,0.700000,-0.130000
1356.030077,-0.910000,0.040000,-0.020000
1356.030077,-0.490000,-0.330000,-0.130000
1356.030077,-0.380000,-1.340000,-0.130000
1356.030077,-1.360000,-0.830000,-0.090000
1356.126287,-1.370000,1.110000,-0.170000
1356.126287,-1.340000,1.260000,-0.340000
1356.126287,-1.480000,0.940000,-0.250000
1356.126287,-1.880000,0.980000,-0.360000
1356.126287,-2.740000,1.070000,-0.560000
1356.222517,-3.190000,1.140000,-0.860000
1356.222517,-3.680000,1.580000,-1.160000
1356.222517,-4.380000,2.220000,-1.590000
1356.222517,-5.640000,1.220000,-2.520000
1356.222517,-5.530000,-0.860000,-1.430000
1356.318737,-2.460000,-4.810000,-1.730000
1356.318737,-0.530000,-4.970000,-1.910000
1356.318737,0.420000,-3.500000,-2.130000
1356.318737,1.200000,-0.340000,-2.340000
1356.318737,2.330000,0.760000,-2.440000
1356.414907,3.700000,-0.860000,-2.440000
1356.414907,5.050000,-2.490000,-2.580000
1356.414907,5.880000,-2.860000,-2.690000
1356.414907,7.400000,-3.260000,-2.590000
1356.414907,7.770000,-4.490000,-2.280000
1408.131340,-2.430000,1.350000,-1.180000
1408.131340,-3.780000,3.910000,-1.680000
1408.131340,-4.660000,4.790000,-1.960000
1408.131340,-4.940000,0.730000,-2.220000
1408.131340,-2.300000,-2.680000,-1.420000
1408.227640,-1.270000,-3.570000,-1.050000
1408.227640,-2.190000,-0.900000,-1.440000
1408.227640,-1.980000,-0.110000,-1.430000
1408.227640,-0.250000,0.440000,-1.020000
1408.227640,1.900000,0.280000,-1.120000
1408.323920,2.090000,-2.340000,-0.780000
1408.323920,2.220000,-3.950000,-0.980000
1408.323920,2.790000,-4.300000,-1.060000
1408.323920,4.400000,-3.810000,-1.000000
1408.323920,5.750000,-2.570000,-1.060000
1408.420190,5.590000,-3.830000,-1.370000
1408.420190,5.050000,-4.090000,-1.380000
1408.420190,4.980000,-4.210000,-1.390000
1408.420190,5.440000,-4.070000,-1.430000
1408.420190,5.660000,-5.080000,-1.350000
1408.516440,4.080000,-8.690000,-0.760000
1408.516440,3.020000,-10.000000,-0.630000
1408.516440,2.620000,-10.000000,-0.580000
1408.516440,1.550000,-10.000000,-0.500000
1408.516440,0.510000,-10.000000,-0.550000
1408.612720,-0.500000,-2.600000,0.100000
1408.612720,-0.940000,-1.620000,0.660000
1408.612720,-1.440000,-0.870000,0.880000
1408.612720,-1.750000,1.680000,0.750000
1408.612720,0.610000,5.500000,1.060000
1408.709000,0.030000,5.610000,0.450000
1408.709000,-1.450000,4.970000,0.880000
1408.709000,-1.090000,4.050000,0.920000
1408.709000,1.250000,3.480000,0.880000
1408.709000,1.190000,-2.590000,1.050000
1408.805290,0.430000,-9.340000,0.570000
1408.805290,2.150000,-7.170000,0.510000
1408.805290,2.220000,-4.330000,0.940000
1408.805290,1.300000,-0.090000,0.460000
1408.805290,-0.110000,4.220000,0.340000
1408.901580,0.310000,2.280000,0.780000
1408.901580,1.190000,1.470000,0.510000
1408.901580,1.200000,0.370000,0.610000
1408.901580,0.610000,-2.150000,0.570000
1408.901580,0.180000,-3.520000,0.390000
1408.997860,0.500000,-3.440000,0.280000
1408.997860,0.400000,-1.550000,0.180000
1408.997860,0.230000,-0.740000,0.130000
1408.997860,-0.490000,0.090000,0.130000
1408.997860,-0.830000,-0.560000,-0.020000
1409.094150,-0.180000,-0.720000,-0.110000
1409.094150,0.080000,-0.280000,-0.200000
1409.094150,-0.180000,-0.470000,-0.230000
1409.094150,-0.570000,-0.080000,-0.270000
1409.094150,-0.610000,-0.220000,-0.310000
1409.190440,-0.270000,-0.770000,-0.360000
1409.190440,-0.220000,-1.160000,-0.360000
1409.190440,-0.300000,-1.190000,-0.390000
1409.190440,-0.500000,-1.100000,-0.480000
1409.190440,-0.560000,-0.760000,-0.570000
1409.286690,-0.530000,-0.080000,-0.740000
1409.286690,-0.660000,0.010000,-0.860000
1409.286690,-0.740000,-0.130000,-0.920000
1409.286690,-0.810000,-0.200000,-1.060000
1409.286690,-0.800000,-0.140000,-1.150000
1409.382950,-0.830000,-0.080000,-1.320000
1409.382950,-0.960000,0.000000,-1.400000
1409.382950,-0.990000,0.070000,-1.510000
1409.382950,-0.970000,0.210000,-1.600000
1409.382950,-1.180000,0.170000,-1.840000
1409.479210,-1.830000,-0.300000,-2.180000
1409.479210,-1.880000,-1.030000,-2.630000
1409.479210,-1.790000,-1.560000,-2.560000
1409.479210,-1.660000,-2.960000,-2.100000
1409.479210,-1.660000,-6.400000,-1.780000
1409.575520,-2.500000,-3.010000,-1.870000
1409.575520,-1.980000,-3.050000,-1.870000
1409.575520,-1.700000,-2.970000,-0.570000
1409.575520,-0.840000,-6.900000,-0.510000
1409.575520,0.910000,-9.970000,-1.120000
1409.671790,4.780000,-3.560000,-1.180000
1409.671790,2.920000,1.820000,-0.160000
1409.671790,2.010000,4.040000,-0.120000
1409.671790,2.250000,4.740000,-0.050000
1409.671790,4.430000,2.500000,0.810000
1409.768060,4.920000,0.090000,1.400000
1409.768060,4.340000,-2.300000,1.630000
1409.768060,4.210000,-3.510000,1.560000
1409.768060,4.610000,-4.940000,1.360000
1409.768060,5.330000,-3.360000,1.150000
1409.864320,5.830000,-1.080000,0.830000
1409.864320,5.020000,-0.460000,0.930000
1409.864320,4.550000,-0.770000,0.770000
1409.864320,3.760000,-1.300000,0.750000
1409.864320,2.880000,-2.360000,0.690000
1409.960610,1.280000,-1.020000,0.540000
1409.960610,-0.280000,-0.070000,0.400000
1409.960610,-0.980000,-0.020000,0.320000
1409.960610,-2.030000,-0.520000,0.270000
1409.960610,-1.870000,-0.670000,0.030000
1410.056910,-2.070000,6.980000,-0.120000
1410.056910,-1.440000,4.100000,-0.310000
1410.056910,-1.620000,-2.950000,-0.380000
1410.056910,-3.690000,-6.670000,0.660000
1410.056910,-3.250000,-8.130000,-0.530000
1410.153180,-1.250000,0.570000,0.670000
1410.153180,-1.080000,5.770000,-0.040000
1410.153180,-1.320000,6.300000,0.080000
1410.153180,-2.030000,2.620000,0.210000
1410.153180,-1.190000,0.480000,-0.220000
1410.249460,0.450000,-2.630000,0.180000
1410.249460,-0.020000,-2.870000,-0.020000
1410.249460,-0.590000,-1.470000,0.050000
1410.249460,-0.480000,-0.060000,-0.030000
1410.249460,-0.430000,1.730000,0.030000
1410.345720,-0.150000,0.790000,0.000000
1410.345720,-0.160000,0.200000,-0.040000
1410.345720,-0.240000,-0.190000,-0.080000
1410.345720,-0.530000,-0.740000,-0.040000
1410.345720,-0.580000,-0.360000,-0.060000
1410.442010,-0.380000,0.630000,-0.080000
1410.442010,-0.750000,0.460000,-0.100000
1410.442010,-0.830000,0.370000,-0.090000
1410.442010,-0.940000,-0.170000,-0.100000
1410.442010,-0.720000,-0.750000,-0.120000
1410.538280,-0.720000,-0.250000,-0.190000
1410.538280,-0.940000,0.270000,-0.250000
1410.538280,-1.090000,0.170000,-0.280000
1410.538280,-1.250000,-0.480000,-0.310000
1410.538280,-1.440000,-1.040000,-0.360000
1410.634540,-1.770000,0.350000,-0.510000
1410.634540,-1.990000,1.570000,-0.620000
1410.634540,-2.110000,1.790000,-0.680000
1410.634540,-2.140000,1.850000,-0.890000
1410.634540,-2.270000,2.190000,-1.130000
1410.730810,-3.800000,4.960000,-1.460000
1410.730810,-4.550000,0.400000,-1.880000
1410.730810,-4.220000,-1.560000,-1.650000
1410.730810,-1.810000,-4.160000,-1.140000
1410.730810,-0.360000,-4.100000,0.050000
1410.827070,-3.230000,1.140000,-1.540000
1410.827070,-0.910000,1.670000,-0.240000
1410.827070,0.450000,1.110000,-0.470000
1410.827070,1.770000,2.120000,-0.650000
1410.827070,2.390000,-0.220000,-0.030000
1410.923340,2.420000,-2.620000,0.000000
1410.923340,3.200000,-3.110000,0.230000
1410.923340,3.820000,-3.090000,0.150000
1410.923340,5.280000,-2.530000,0.260000
1410.923340,6.180000,-1.310000,0.650000
1411.019610,4.950000,-2.450000,0.320000
1411.019610,5.290000,-0.990000,0.210000
1411.019610,5.790000,-0.040000,0.560000
1411.019610,6.710000,-0.080000,0.820000
1411.019610,6.270000,-1.130000,1.100000
1411.115910,4.500000,-2.910000,1.330000
1411.115910,4.070000,-1.020000,0.780000
1411.115910,3.370000,-0.670000,0.600000
1411.115910,1.180000,-1.930000,0.680000
1411.115910,0.510000,-2.060000,0.660000
1411.212200,-1.090000,-1.480000,0.430000
1411.212200,-1.290000,-0.800000,-0.050000
1411.212200,-1.470000,4.820000,0.150000
1411.212200,-0.640000,7.810000,0.290000
1411.212200,0.770000,1.560000,0.300000
1411.308490,-3.080000,-1.930000,0.860000
1411.308490,-1.230000,-6.440000,-0.200000
1411.308490,-0.460000,-6.760000,0.730000
1411.308490,0.910000,-4.060000,0.560000
1411.308490,0.000000,0.410000,0.260000
1411.404800,-1.660000,4.580000,0.760000
1411.404800,0.530000,0.840000,0.390000
1411.404800,0.810000,-0.060000,0.420000
1411.404800,0.080000,-0.690000,0.290000
1411.404800,-0.640000,-0.600000,0.090000
1411.501090,-0.350000,-1.500000,-0.180000
1411.501090,-0.020000,-1.620000,-0.280000
1411.501090,-0.110000,-0.780000,-0.300000
1411.501090,-0.300000,-0.130000,-0.260000
1411.501090,-0.500000,1.060000,-0.140000
1411.597400,-0.170000,1.450000,-0.240000
1411.597400,-0.080000,1.210000,-0.250000
1411.597400,-0.200000,0.870000,-0.290000
1411.597400,-0.190000,0.520000,-0.280000
1411.597400,0.150000,-0.180000,-0.280000
1411.693660,0.180000,-0.420000,-0.250000
1411.693660,-0.040000,-0.050000,-0.270000
1411.693660,-0.420000,0.410000,-0.210000
1411.693660,-0.410000,0.590000,-0.120000
1411.693660,-0.250000,0.600000,-0.280000
1411.789900,-0.080000,0.070000,-0.230000
1411.789900,-0.340000,-0.010000,-0.210000
1411.789900,-0.480000,-0.440000,-0.170000
1411.789900,-0.380000,-0.620000,-0.190000
1411.789900,-0.060000,-0.730000,-0.060000
1411.886190,-0.030000,-0.680000,-0.070000
1411.886190,-0.230000,-0.630000,-0.090000
1411.886190,-0.220000,-0.580000,-0.140000
1411.886190,-0.170000,-0.570000,-0.170000
1411.886190,-0.080000,-0.470000,-0.170000
1411.982470,-0.020000,-0.030000,-0.210000
1411.982470,-0.100000,0.400000,-0.180000
1411.982470,-0.140000,0.540000,-0.170000
1411.982470,-0.130000,0.510000,-0.150000
1411.982470,-0.090000,0.340000,-0.120000
1495.853685,-0.140000,0.170000,0.420000
1495.853685,-0.190000,-0.270000,0.360000
1495.853685,-0.080000,-0.830000,0.380000
1495.853685,0.020000,-1.050000,0.370000
1495.853685,0.220000,-1.230000,0.350000
1495.949905,0.030000,-0.980000,0.340000
1495.949905,0.040000,-0.370000,0.310000
1495.949905,0.050000,-0.040000,0.290000
1495.949905,0.050000,-0.070000,0.250000
1495.949905,0.060000,-0.200000,0.270000
1496.046125,0.070000,0.000000,0.240000
1496.046125,0.010000,-0.020000,0.220000
1496.046125,-0.060000,-0.100000,0.190000
1496.046125,-0.090000,-0.100000,0.190000
1496.046125,-0.120000,-0.130000,0.160000
1496.142355,-0.080000,-0.240000,0.140000
1496.142355,-0.130000,-0.300000,0.130000
1496.142355,-0.240000,-0.230000,0.130000
1496.142355,-0.280000,-0.200000,0.120000
1496.142355,-0.280000,-0.270000,0.090000
1496.238545,-0.180000,-0.460000,0.060000
1496.238545,-0.220000,-0.390000,0.030000
1496.238545,-0.240000,-0.210000,0.020000
1496.238545,-0.240000,-0.170000,0.010000
1496.238545,-0.240000,-0.290000,-0.020000
1496.337405,-0.180000,-0.410000,-0.050000
1496.337405,-0.130000,-0.340000,-0.070000
1496.337405,-0.120000,-0.360000,-0.080000
1496.337405,-0.120000,-0.350000,-0.090000
1496.337405,-0.110000,-0.300000,-0.090000
1496.433595,-0.050000,-0.440000,-0.100000
1496.433595,-0.040000,-0.470000,-0.100000
1496.433595,-0.040000,-0.460000,-0.110000
1496.433595,-0.040000,-0.340000,-0.110000
1496.433595,-0.040000,-0.320000,-0.110000
1496.529775,-0.020000,-0.510000,-0.120000
1496.529775,-0.020000,-0.510000,-0.130000
1496.529775,-0.010000,-0.420000,-0.140000
1496.529775,-0.050000,-0.400000,-0.160000
1496.529775,-0.060000,-0.420000,-0.170000
1496.625955,-0.090000,-0.330000,-0.220000
1496.625955,-0.070000,-0.290000,-0.230000
1496.625955,-0.080000,-0.190000,-0.240000
1496.625955,-0.090000,-0.190000,-0.250000
1496.625955,-0.100000,-0.230000,-0.270000
1496.722125,-0.150000,-0.530000,-0.310000
1496.722125,-0.150000,-0.560000,-0.330000
1496.722125,-0.090000,-0.450000,-0.360000
1496.722125,-0.040000,-0.270000,-0.390000
1496.722125,-0.050000,-0.220000,-0.410000
1496.818315,-0.140000,0.040000,-0.470000
1496.818315,-0.120000,0.050000,-0.500000
1496.818315,-0.060000,-0.020000,-0.550000
1496.818315,-0.140000,-0.040000,-0.610000
1496.818315,-0.200000,0.020000,-0.640000
1496.914485,-0.310000,0.550000,-0.780000
1496.914485,-0.310000,0.650000,-0.810000
1496.914485,-0.340000,0.660000,-0.890000
1496.914485,-0.480000,0.830000,-0.910000
1496.914485,-0.610000,0.880000,-0.910000
1497.010665,-1.010000,0.370000,-1.010000
1497.010665,-0.970000,0.100000,-1.030000
1497.010665,-0.850000,-0.400000,-1.110000
1497.010665,-0.850000,-0.750000,-1.120000
1497.010665,-0.920000,-0.740000,-1.080000
1497.106875,-1.390000,-0.700000,-1.060000
1497.106875,-1.370000,-0.880000,-1.100000
1497.106875,-1.050000,-1.440000,-1.150000
1497.106875,-0.670000,-2.260000,-1.120000
1497.106875,-0.640000,-2.510000,-1.050000
1497.203085,-0.560000,-2.140000,-1.110000
1497.203085,-0.310000,-2.200000,-1.080000
1497.203085,0.070000,-1.750000,-1.000000
1497.203085,0.120000,-0.970000,-0.760000
1497.203085,0.300000,-1.360000,-0.640000
1497.299285,2.040000,-4.850000,-0.430000
1497.299285,2.480000,-5.200000,-0.400000
1497.299285,3.100000,-4.080000,-0.620000
1497.299285,2.460000,-0.900000,-0.720000
1497.299285,2.250000,0.250000,-0.630000
1497.395485,2.380000,0.570000,-0.250000
1497.395485,2.690000,0.510000,-0.010000
1497.395485,3.300000,-0.990000,0.260000
1497.395485,3.470000,-3.010000,0.600000
1497.395485,3.430000,-4.020000,0.640000
1497.491705,3.590000,-5.820000,0.590000
1497.491705,3.550000,-6.100000,0.560000
1497.491705,3.000000,-4.680000,0.430000
1497.491705,2.560000,-2.740000,0.310000
1497.491705,2.390000,-1.700000,0.380000
1497.587935,2.250000,-0.630000,0.530000
1497.587935,2.170000,-0.650000,0.560000
1497.587935,1.930000,-0.470000,0.640000
1497.587935,1.630000,0.140000,0.670000
1497.587935,1.490000,0.460000,0.680000
1497.684175,0.870000,0.900000,0.770000
1497.684175,0.780000,0.630000,0.800000
1497.684175,0.630000,0.210000,0.880000
1497.684175,0.570000,-0.330000,0.920000
1497.684175,0.560000,-0.660000,0.960000
1497.780415,0.390000,-1.510000,1.020000
1497.780415,0.330000,-1.530000,1.010000
1497.780415,0.230000,-1.550000,1.000000
1497.780415,0.200000,-1.650000,1.000000
1497.780415,0.200000,-1.720000,1.000000
1497.876655,0.150000,-1.590000,0.890000
1497.876655,0.110000,-1.400000,0.850000
1497.876655,0.020000,-1.080000,0.820000
1497.876655,-0.160000,-0.880000,0.770000
1497.876655,-0.250000,-0.860000,0.750000
1497.972855,-0.460000,-1.390000,0.650000
1497.972855,-0.420000,-1.390000,0.620000
1497.972855,-0.530000,-1.390000,0.560000
1497.972855,-0.710000,-1.520000,0.520000
1497.972855,-0.810000,-1.630000,0.490000
1498.069075,-0.980000,-1.260000,0.500000
1498.069075,-0.920000,-0.780000,0.450000
1498.069075,-0.970000,0.640000,0.310000
1498.069075,-1.000000,3.250000,0.170000
1498.069075,-0.640000,4.420000,0.290000
1498.165255,2.610000,-6.920000,0.860000
1498.165255,1.120000,-7.010000,0.640000
1498.165255,-1.990000,-4.140000,0.660000
1498.165255,-1.740000,-2.530000,0.280000
1498.165255,-1.060000,-1.070000,0.650000
1498.261445,0.950000,3.540000,0.340000
1498.261445,0.210000,2.240000,0.410000
1498.261445,-1.280000,2.130000,0.420000
1498.261445,-1.750000,0.440000,0.410000
1498.261445,-1.190000,-0.650000,0.510000
1498.357665,1.060000,-2.430000,0.770000
1498.357665,0.810000,-2.610000,0.700000
1498.357665,-0.080000,-2.330000,0.590000
1498.357665,-0.770000,-1.830000,0.640000
1498.357665,-0.760000,-1.370000,0.540000
1498.453875,0.070000,0.770000,0.480000
1498.453875,0.200000,1.010000,0.420000
1498.453875,-0.240000,1.110000,0.390000
1498.453875,-0.840000,0.820000,0.310000
1498.453875,-0.950000,0.490000,0.280000
1498.550085,-0.280000,-0.320000,0.170000
1498.550085,0.180000,-0.450000,0.180000
1498.550085,0.180000,-0.610000,0.120000
1498.550085,-0.250000,-0.520000,0.090000
1498.550085,-0.500000,-0.260000,0.100000
1498.646305,-0.580000,0.660000,0.120000
1498.646305,-0.220000,0.720000,0.120000
1498.646305,0.000000,0.600000,0.080000
1498.646305,-0.150000,0.250000,0.070000
1498.646305,-0.290000,0.140000,0.050000
1498.742515,-0.350000,-0.310000,0.000000
1498.742515,-0.060000,-0.480000,-0.010000
1498.742515,0.100000,-0.470000,-0.050000
1498.742515,-0.020000,-0.100000,-0.070000
1498.742515,-0.170000,0.100000,-0.070000
1498.838745,-0.440000,0.630000,-0.100000
1498.838745,-0.290000,0.870000,-0.100000
1498.838745,-0.090000,1.030000,-0.100000
1498.838745,-0.090000,0.930000,-0.110000
1498.838745,-0.180000,0.800000,-0.110000
1498.934955,-0.420000,0.200000,-0.120000
1498.934955,-0.300000,-0.020000,-0.110000
1498.934955,-0.090000,-0.170000,-0.110000
1498.934955,-0.060000,-0.340000,-0.120000
1498.934955,-0.140000,-0.380000,-0.120000
1499.031165,-0.440000,-0.060000,-0.140000
1499.031165,-0.480000,0.310000,-0.140000
1499.031165,-0.360000,0.640000,-0.150000
1499.031165,-0.320000,0.830000,-0.130000
1499.031165,-0.360000,0.840000,-0.140000
1499.127375,-0.550000,0.550000,-0.160000
1499.127375,-0.550000,0.330000,-0.170000
1499.127375,-0.450000,0.170000,-0.200000
1499.127375,-0.410000,-0.070000,-0.210000
1499.127375,-0.460000,-0.190000,-0.230000
1499.223615,-0.640000,0.050000,-0.270000
1499.223615,-0.760000,0.410000,-0.280000
1499.223615,-0.800000,0.730000,-0.340000
1499.223615,-0.760000,0.840000,-0.370000
1499.223615,-0.730000,0.790000,-0.390000
1499.319815,-0.630000,0.330000,-0.450000
1499.319815,-0.770000,0.240000,-0.450000
1499.319815,-0.850000,0.780000,-0.480000
1499.319815,-0.760000,1.010000,-0.520000
1499.319815,-0.690000,0.750000,-0.520000
1499.416025,-0.610000,-0.170000,-0.510000
1499.416025,-0.810000,-0.140000,-0.480000
1499.416025,-0.720000,0.670000,-0.540000
1499.416025,-0.700000,0.740000,-0.520000
1499.416025,-0.720000,0.420000,-0.500000
1499.512245,-0.730000,-0.460000,-0.460000
1499.512245,-0.710000,-0.260000,-0.400000
1499.512245,-0.630000,0.460000,-0.460000
1499.512245,-0.760000,0.620000,-0.450000
1499.512245,-0.800000,0.460000,-0.450000
1499.608435,-0.720000,0.130000,-0.410000
1499.608435,-0.730000,0.220000,-0.400000
1499.608435,-0.860000,0.280000,-0.390000
1499.608435,-1.060000,0.190000,-0.370000
1499.608435,-1.150000,0.120000,-0.350000
1499.704655,-1.190000,0.210000,-0.340000
1499.704655,-1.280000,0.190000,-0.380000
1499.704655,-1.420000,0.000000,-0.340000
1499.704655,-1.370000,0.000000,-0.360000
1499.704655,-1.300000,0.020000,-0.330000
1612.936001,0.030000,-0.400000,-0.060000
1612.936001,0.030000,0.100000,-0.110000
1612.936001,0.030000,0.350000,-0.110000
1612.936001,0.020000,0.360000,-0.130000
1612.936001,0.140000,0.110000,-0.130000
1613.032261,0.220000,-0.020000,-0.110000
1613.032261,0.120000,0.180000,-0.130000
1613.032261,0.070000,0.180000,-0.130000
1613.032261,0.050000,0.020000,-0.140000
1613.032261,0.040000,-0.040000,-0.150000
1613.128481,-0.050000,-0.170000,-0.190000
1613.128481,-0.020000,-0.310000,-0.220000
1613.128481,0.000000,-0.390000,-0.250000
1613.128481,0.000000,-0.370000,-0.280000
1613.128481,-0.040000,-0.010000,-0.330000
1613.224691,-0.180000,0.210000,-0.370000
1613.224691,-0.230000,0.040000,-0.440000
1613.224691,-0.240000,-0.100000,-0.450000
1613.224691,-0.240000,-0.460000,-0.510000
1613.224691,-0.240000,-0.650000,-0.550000
1613.320921,-0.340000,-0.460000,-0.650000
1613.320921,-0.400000,-0.210000,-0.750000
1613.320921,-0.410000,-0.210000,-0.790000
1613.320921,-0.430000,-0.200000,-0.870000
1613.320921,-0.530000,-0.050000,-0.970000
1613.417201,-0.780000,-0.030000,-1.100000
1613.417201,-0.760000,-0.330000,-1.120000
1613.417201,-0.730000,-0.470000,-1.110000
1613.417201,-0.750000,-0.330000,-1.120000
1613.417201,-0.950000,0.140000,-1.190000
1613.513461,-1.230000,0.500000,-1.360000
1613.513461,-1.240000,0.170000,-1.560000
1613.513461,-1.280000,-0.080000,-1.720000
1613.513461,-1.420000,-0.880000,-1.790000
1613.513461,-1.210000,-1.890000,-1.580000
1613.609711,-0.670000,-3.170000,-1.090000
1613.609711,-0.420000,-2.280000,-0.880000
1613.609711,-0.340000,-1.360000,-0.960000
1613.609711,-0.780000,-0.900000,-1.070000
1613.609711,-1.060000,-0.720000,-1.140000
1613.705951,-0.590000,-1.820000,-0.890000
1613.705951,-0.900000,-2.470000,-0.590000
1613.705951,-0.850000,-2.800000,-0.530000
1613.705951,-0.540000,-2.950000,-0.300000
1613.705951,-0.590000,-2.860000,-0.060000
1613.802201,-0.890000,-0.810000,-0.020000
1613.802201,-0.700000,0.030000,-0.040000
1613.802201,-0.520000,0.140000,-0.030000
1613.802201,-0.210000,0.170000,-0.040000
1613.802201,-0.040000,0.060000,-0.050000
1613.898441,0.460000,-0.400000,0.120000
1613.898441,1.120000,-0.860000,0.240000
1613.898441,1.430000,-1.190000,0.270000
1613.898441,1.850000,-1.870000,0.350000
1613.898441,2.250000,-1.980000,0.400000
1613.994711,2.900000,-1.380000,0.480000
1613.994711,3.300000,-1.190000,0.540000
1613.994711,3.510000,-1.210000,0.600000
1613.994711,3.980000,-1.380000,0.780000
1613.994711,4.280000,-1.530000,1.080000
1614.090951,4.150000,-2.100000,0.920000
1614.090951,4.250000,-2.910000,0.750000
1614.090951,4.460000,-2.920000,0.660000
1614.090951,4.720000,-1.340000,0.690000
1614.090951,4.470000,-1.620000,0.740000
1614.187221,3.690000,-3.300000,0.470000
1614.187221,2.880000,-2.930000,0.370000
1614.187221,2.560000,-2.240000,0.370000
1614.187221,1.940000,-1.000000,0.340000
1614.187221,1.130000,-0.480000,0.250000
1614.283491,-0.100000,-0.110000,0.120000
1614.283491,-0.700000,-0.040000,0.090000
1614.283491,-0.920000,0.190000,0.150000
1614.283491,-1.110000,1.270000,-0.070000
1614.283491,-1.130000,2.100000,-0.180000
1614.379691,-0.830000,6.790000,-0.100000
1614.379691,-0.020000,9.020000,0.240000
1614.379691,0.330000,3.320000,0.360000
1614.379691,-0.930000,-2.060000,-0.040000
1614.379691,-1.710000,-4.030000,-0.010000
1614.475881,-0.210000,-3.180000,0.310000
1614.475881,0.180000,0.240000,0.250000
1614.475881,-0.050000,1.510000,0.170000
1614.475881,-1.220000,2.600000,0.120000
1614.475881,-1.500000,1.760000,0.190000
1614.572091,-0.500000,1.500000,0.240000
1614.572091,-0.140000,0.000000,0.320000
1614.572091,-0.080000,-0.800000,0.200000
1614.572091,-0.140000,-1.940000,0.150000
1614.572091,-0.070000,-1.850000,0.170000
1614.668311,0.010000,1.100000,0.030000
1614.668311,-0.310000,1.950000,0.040000
1614.668311,-0.470000,1.830000,-0.040000
1614.668311,-0.740000,1.010000,-0.100000
1614.668311,-0.570000,0.920000,-0.080000
1614.764481,-0.260000,0.820000,-0.170000
1614.764481,-0.510000,0.020000,-0.210000
1614.764481,-0.650000,-0.020000,-0.220000
1614.764481,-0.820000,0.250000,-0.260000
1614.764481,-0.780000,0.510000,-0.230000
1614.860691,-0.670000,0.310000,-0.210000
1614.860691,-0.650000,0.590000,-0.230000
1614.860691,-0.710000,0.500000,-0.220000
1614.860691,-0.640000,0.480000,-0.200000
1614.860691,-0.500000,0.330000,-0.160000
1614.956891,-0.470000,-0.060000,-0.160000
1614.956891,-0.460000,-0.200000,-0.140000
1614.956891,-0.420000,-0.120000,-0.140000
1614.956891,-0.290000,0.040000,-0.140000
1614.956891,-0.240000,0.000000,-0.130000
1615.055701,-0.270000,-0.090000,-0.170000
1615.055701,-0.280000,0.060000,-0.180000
1615.055701,-0.360000,0.290000,-0.210000
1615.055701,-0.460000,0.070000,-0.200000
1615.055701,-0.470000,-0.230000,-0.220000
1615.154541,-0.470000,-0.400000,-0.210000
1615.154541,-0.520000,-0.650000,-0.250000
1615.154541,-0.560000,-0.350000,-0.300000
1615.154541,-0.600000,-0.010000,-0.330000
1615.154541,-0.770000,0.180000,-0.390000
1615.250671,-0.640000,-0.520000,-0.400000
1615.250671,-0.590000,-0.480000,-0.400000
1615.250671,-0.710000,-0.050000,-0.490000
1615.250671,-0.870000,0.270000,-0.550000
1615.250671,-0.900000,0.370000,-0.590000
1615.346811,-0.900000,-0.170000,-0.650000
1615.346811,-1.100000,-0.320000,-0.680000
1615.346811,-1.240000,0.170000,-0.750000
1615.346811,-1.260000,-0.190000,-0.770000
1615.346811,-1.260000,-0.380000,-0.790000
1615.442951,-1.400000,0.000000,-0.860000
1615.442951,-1.490000,0.070000,-0.930000
1615.442951,-1.560000,-0.180000,-1.040000
1615.442951,-2.090000,-0.290000,-1.070000
1615.442951,-2.300000,-0.110000,-1.090000
1615.539091,-2.910000,0.870000,-1.160000
1615.539091,-3.110000,1.790000,-1.040000
1615.539091,-1.850000,0.120000,-1.040000
1615.539091,-1.170000,-0.160000,-0.720000
1615.539091,-1.280000,0.080000,-0.730000
1615.635241,-1.250000,0.090000,-0.390000
1615.635241,0.330000,-0.280000,-0.150000
1615.635241,0.470000,-0.240000,0.020000
1615.635241,0.340000,0.100000,0.280000
1615.635241,0.680000,0.420000,0.360000
1615.731391,1.440000,1.180000,0.740000
1615.731391,3.050000,0.250000,1.420000
1615.731391,4.200000,-2.380000,1.590000
1615.731391,4.110000,-3.290000,1.700000
1615.731391,4.140000,-3.130000,1.710000
1615.827511,4.890000,-0.860000,1.960000
1615.827511,4.050000,-1.430000,1.190000
1615.827511,4.300000,-0.420000,1.260000
1615.827511,4.740000,-0.530000,1.530000
1615.827511,5.090000,-0.900000,1.450000
1615.923631,4.570000,-0.860000,1.170000
1615.923631,4.430000,-1.440000,1.140000
1615.923631,4.090000,-1.540000,1.060000
1615.923631,3.830000,-1.490000,1.020000
1615.923631,2.990000,-1.330000,0.960000
1616.019761,1.710000,-1.280000,0.700000
1616.019761,1.020000,-1.460000,0.580000
1616.019761,0.030000,-1.260000,0.410000
1616.019761,-0.450000,-1.250000,0.290000
1616.019761,-1.280000,-1.410000,0.120000
1616.115901,-1.790000,-0.970000,0.000000
1616.115901,-1.900000,-0.370000,-0.050000
1616.115901,-2.010000,1.560000,0.070000
1616.115901,-1.550000,3.580000,0.200000
1616.115901,0.640000,4.940000,0.490000
1616.212041,-0.860000,-8.840000,0.290000
1616.212041,-3.860000,-2.150000,0.250000
1616.212041,-3.070000,-0.950000,0.000000
1616.212041,-2.400000,-0.770000,0.430000
1616.212041,-0.160000,2.460000,0.170000
1616.308201,-0.980000,2.100000,0.150000
1616.308201,-2.050000,1.680000,0.000000
1616.308201,-1.930000,-0.670000,-0.080000
1616.308201,-1.260000,-1.460000,-0.020000
1616.308201,0.190000,-2.170000,0.010000
1616.404341,-0.530000,-1.590000,0.000000
1616.404341,-0.950000,0.190000,-0.090000
1616.404341,-1.010000,2.070000,-0.070000
1616.404341,-0.800000,2.310000,-0.060000
1616.404341,-0.530000,1.530000,-0.030000
1616.500471,-0.450000,0.510000,-0.070000
1616.500471,-0.490000,-0.420000,-0.070000
1616.500471,-0.270000,-0.900000,-0.030000
1616.500471,-0.170000,-0.970000,-0.020000
1616.500471,-0.320000,-0.480000,-0.030000
1616.596601,-0.580000,0.700000,-0.070000
1616.596601,-0.610000,0.660000,-0.100000
1616.596601,-0.400000,0.290000,-0.070000
1616.596601,-0.290000,0.070000,-0.090000
1616.596601,-0.240000,-0.270000,-0.090000
1616.692731,-0.460000,0.130000,-0.180000
1616.692731,-0.530000,0.600000,-0.240000
1616.692731,-0.610000,0.600000,-0.310000
1616.692731,-0.660000,0.490000,-0.330000
1616.692731,-0.770000,0.270000,-0.410000
1616.788861,-0.950000,0.080000,-0.510000
1616.788861,-1.070000,0.150000,-0.600000
1616.788861,-1.200000,0.540000,-0.710000
1616.788861,-1.240000,0.850000,-0.780000
1616.788861,-1.340000,1.310000,-0.880000
