0.096300,-0.040000,-0.100000,0.050000
0.096300,-0.010000,-0.110000,0.040000
0.096300,0.000000,-0.070000,0.030000
0.096300,0.040000,-0.040000,0.020000
0.096300,0.030000,0.000000,0.020000
0.192590,0.000000,0.020000,0.020000
0.192590,0.000000,0.010000,0.020000
0.192590,0.010000,0.000000,0.010000
0.192590,0.010000,0.000000,0.020000
0.192590,0.010000,0.000000,0.020000
0.288870,0.010000,0.000000,0.020000
0.288870,0.020000,0.010000,0.020000
0.288870,0.020000,0.030000,0.020000
0.288870,0.010000,0.040000,0.020000
0.288870,-0.020000,0.080000,0.010000
0.385150,0.020000,0.060000,0.020000
0.385150,0.070000,0.000000,0.000000
0.385150,0.050000,-0.040000,0.000000
0.385150,0.010000,-0.060000,0.000000
0.385150,-0.050000,-0.060000,0.010000
0.481430,-0.020000,-0.010000,0.010000
0.481430,0.050000,0.040000,0.000000
0.481430,0.080000,0.070000,0.000000
0.481430,0.070000,0.070000,0.000000
0.481430,0.010000,0.050000,0.000000
0.577720,-0.030000,0.000000,0.010000
0.577720,-0.010000,-0.020000,0.020000
0.577720,0.030000,-0.030000,0.010000
0.577720,0.060000,-0.040000,0.010000
0.577720,0.050000,-0.040000,0.010000
0.673990,-0.010000,-0.060000,0.010000
0.673990,-0.040000,-0.060000,0.010000
0.673990,-0.020000,-0.040000,0.010000
0.673990,0.010000,-0.010000,0.000000
0.673990,0.030000,0.000000,0.000000
0.770290,0.010000,0.040000,0.000000
0.770290,0.000000,0.020000,0.000000
0.770290,-0.030000,-0.010000,0.000000
0.770290,-0.020000,-0.050000,0.010000
0.770290,0.000000,-0.070000,0.020000
0.866600,0.040000,-0.080000,0.010000
0.866600,0.020000,-0.070000,0.010000
0.866600,-0.010000,-0.070000,0.010000
0.866600,-0.020000,-0.100000,0.020000
0.866600,-0.010000,-0.120000,0.020000
0.962930,0.030000,-0.090000,0.020000
0.962930,0.030000,-0.060000,0.010000
0.962930,0.020000,-0.050000,0.010000
0.962930,0.010000,-0.080000,0.000000
0.962930,0.000000,-0.110000,0.010000
1.059270,-0.020000,-0.070000,0.020000
1.059270,0.000000,-0.010000,0.010000
1.059270,0.010000,0.000000,0.010000
1.059270,0.060000,0.020000,0.000000
1.059270,0.060000,0.020000,0.000000
1.155590,0.000000,0.000000,0.010000
1.155590,-0.010000,-0.050000,0.020000
1.155590,-0.010000,-0.080000,0.020000
1.155590,0.020000,-0.110000,0.020000
1.155590,0.040000,-0.130000,0.010000
1.251920,0.020000,-0.110000,0.000000
1.251920,0.000000,-0.120000,0.000000
1.251920,-0.010000,-0.130000,0.000000
1.251920,-0.020000,-0.140000,0.000000
1.251920,-0.010000,-0.150000,0.000000
1.348260,0.000000,-0.080000,0.000000
1.348260,0.010000,0.010000,0.000000
1.348260,0.010000,0.050000,0.000000
1.348260,0.020000,0.130000,0.000000
1.348260,0.040000,0.130000,0.000000
1.444580,0.010000,0.030000,0.010000
1.444580,-0.010000,-0.040000,0.010000
1.444580,-0.020000,-0.080000,0.020000
1.444580,-0.020000,-0.080000,0.020000
1.444580,0.000000,-0.080000,0.010000
1.540880,0.040000,-0.040000,0.000000
1.540880,0.030000,-0.030000,-0.010000
1.540880,0.000000,-0.030000,-0.010000
1.540880,0.000000,-0.030000,0.000000
1.540880,0.000000,-0.030000,0.010000
1.637210,0.030000,-0.010000,0.000000
1.637210,0.030000,0.020000,0.000000
1.637210,0.010000,0.020000,0.000000
1.637210,0.000000,0.010000,0.000000
1.637210,0.000000,-0.020000,0.000000
1.733520,0.020000,-0.040000,0.010000
1.733520,0.040000,-0.040000,0.000000
1.733520,0.030000,-0.020000,0.000000
1.733520,0.020000,-0.010000,0.000000
1.733520,0.000000,0.000000,0.000000
1.829840,0.010000,-0.010000,0.000000
1.829840,0.050000,-0.050000,0.000000
1.829840,0.050000,-0.100000,0.000000
1.829840,0.000000,-0.120000,0.000000
1.829840,-0.020000,-0.110000,0.010000
1.926150,-0.030000,-0.070000,0.020000
1.926150,0.020000,-0.010000,0.020000
1.926150,0.080000,0.020000,0.000000
1.926150,0.070000,0.030000,0.000000
1.926150,0.040000,0.020000,0.000000
2.022470,-0.050000,-0.010000,0.030000
2.022470,-0.030000,0.000000,0.030000
2.022470,0.030000,0.020000,0.020000
2.022470,0.080000,0.050000,0.020000
2.022470,0.080000,0.050000,0.020000
2.118800,-0.060000,0.040000,0.030000
2.118800,-0.070000,0.050000,0.020000
2.118800,-0.030000,0.100000,0.010000
2.118800,0.050000,0.100000,0.010000
2.118800,0.080000,0.100000,0.010000
2.215110,-0.020000,0.140000,0.010000
2.215110,-0.050000,0.130000,0.020000
2.215110,-0.030000,0.030000,0.020000
2.215110,0.020000,-0.020000,0.040000
2.215110,0.050000,-0.040000,0.040000
2.311430,-0.010000,0.030000,0.010000
2.311430,-0.030000,0.070000,0.000000
2.311430,-0.020000,0.070000,0.000000
2.311430,0.010000,0.070000,0.020000
2.311430,0.040000,0.060000,0.030000
2.407750,0.010000,0.070000,0.040000
2.407750,0.010000,0.060000,0.030000
2.407750,0.020000,0.050000,0.020000
2.407750,0.040000,0.000000,0.020000
2.407750,0.010000,0.000000,0.030000
2.504080,-0.020000,-0.050000,0.040000
2.504080,0.000000,-0.100000,0.040000
2.504080,0.020000,-0.130000,0.030000
2.504080,0.040000,-0.160000,0.030000
2.504080,0.040000,-0.140000,0.020000
2.600390,0.010000,-0.130000,0.020000
2.600390,0.000000,-0.130000,0.010000
2.600390,0.000000,-0.120000,0.000000
2.600390,-0.010000,-0.060000,0.020000
2.600390,-0.040000,-0.060000,0.030000
2.696660,0.020000,0.000000,0.000000
2.696660,0.080000,0.000000,0.020000
2.696660,0.060000,-0.030000,0.020000
2.696660,0.020000,-0.050000,0.030000
2.696660,-0.070000,-0.050000,0.040000
2.792960,-0.040000,0.000000,0.020000
2.792960,0.060000,0.030000,0.010000
2.792960,0.150000,0.000000,0.010000
2.792960,0.140000,-0.010000,0.010000
2.792960,0.040000,-0.040000,0.030000
2.889250,-0.100000,-0.050000,0.020000
2.889250,-0.060000,-0.070000,0.020000
2.889250,0.050000,-0.080000,0.000000
2.889250,0.110000,-0.070000,0.000000
2.889250,0.130000,-0.090000,0.010000
2.985540,0.020000,-0.140000,0.030000
2.985540,-0.060000,-0.150000,0.020000
2.985540,-0.070000,-0.110000,0.010000
2.985540,-0.050000,-0.060000,0.000000
2.985540,0.010000,0.020000,-0.010000
3.081830,0.120000,-0.030000,-0.020000
3.081830,0.070000,-0.060000,-0.030000
3.081830,-0.060000,0.000000,0.000000
3.081830,-0.150000,0.050000,0.000000
3.081830,-0.140000,0.070000,-0.010000
3.178130,0.070000,0.020000,0.000000
3.178130,0.210000,-0.060000,0.000000
3.178130,0.120000,-0.040000,0.020000
3.178130,-0.070000,0.010000,0.000000
3.178130,-0.130000,0.010000,0.000000
3.274420,0.030000,-0.090000,-0.010000
3.274420,0.130000,-0.110000,-0.020000
3.274420,0.190000,-0.130000,0.000000
3.274420,0.080000,0.000000,0.000000
3.274420,0.000000,0.080000,-0.020000
3.370700,-0.010000,-0.040000,-0.010000
3.370700,0.060000,-0.160000,0.010000
3.370700,0.170000,-0.180000,0.040000
3.370700,0.100000,0.070000,-0.010000
3.370700,0.040000,0.150000,-0.040000
3.466990,-0.020000,-0.190000,0.040000
3.466990,0.000000,-0.240000,0.050000
3.466990,0.040000,-0.100000,0.000000
3.466990,0.050000,0.000000,-0.010000
3.466990,0.040000,-0.010000,0.010000
3.563300,-0.030000,-0.150000,0.030000
3.563300,-0.040000,-0.090000,0.040000
3.563300,-0.020000,-0.090000,0.040000
3.563300,0.040000,-0.120000,0.030000
3.563300,0.090000,-0.110000,0.030000
3.659600,0.010000,0.000000,0.010000
3.659600,-0.030000,0.080000,0.000000
3.659600,-0.040000,0.070000,-0.010000
3.659600,-0.010000,-0.020000,-0.010000
3.659600,0.010000,-0.120000,0.020000
3.758550,0.040000,-0.100000,0.000000
3.758550,0.000000,-0.010000,0.000000
3.758550,-0.010000,0.000000,0.000000
3.758550,-0.040000,-0.010000,0.000000
3.758550,-0.020000,-0.050000,0.010000
3.854820,0.050000,-0.060000,0.030000
3.854820,0.060000,-0.080000,0.020000
3.854820,0.040000,-0.080000,0.020000
3.854820,-0.010000,-0.080000,0.030000
3.854820,-0.030000,-0.100000,0.020000
3.951070,0.010000,-0.130000,0.020000
3.951070,0.050000,-0.080000,0.000000
3.951070,0.040000,-0.080000,0.000000
3.951070,0.020000,-0.070000,0.020000
3.951070,-0.010000,-0.070000,0.010000
113.728606,-3.720000,2.190000,-4.040000
113.728606,-2.740000,3.030000,-3.930000
113.728606,-1.650000,2.130000,-4.430000
113.728606,-0.910000,0.990000,-4.510000
113.728606,-0.850000,0.570000,-4.400000
113.824946,-1.770000,0.000000,-4.190000
113.824946,-1.730000,-0.740000,-4.130000
113.824946,-1.540000,-1.450000,-3.400000
113.824946,-1.160000,-0.530000,-2.300000
113.824946,-0.900000,0.410000,-1.840000
113.921316,1.900000,4.810000,-0.890000
113.921316,2.570000,5.000000,-0.760000
113.921316,3.200000,4.700000,0.050000
113.921316,3.060000,3.800000,1.410000
113.921316,2.910000,3.330000,2.020000
114.017666,3.680000,2.720000,3.080000
114.017666,4.150000,2.970000,3.320000
114.017666,4.710000,3.150000,3.470000
114.017666,4.680000,3.200000,3.810000
114.017666,4.130000,2.950000,4.090000
114.114036,3.150000,2.160000,4.100000
114.114036,2.770000,1.840000,4.210000
114.114036,2.810000,1.760000,4.290000
114.114036,3.200000,1.490000,4.250000
114.114036,3.560000,1.450000,4.000000
114.210436,3.690000,2.140000,3.440000
114.210436,3.670000,2.530000,3.140000
114.210436,3.640000,2.590000,3.110000
114.210436,3.460000,2.210000,3.170000
114.210436,3.220000,1.400000,3.150000
114.309446,3.280000,0.850000,2.990000
114.309446,3.460000,0.970000,2.820000
114.309446,3.590000,1.040000,2.670000
114.309446,4.160000,1.350000,2.260000
114.309446,4.930000,2.190000,2.010000
114.405766,4.940000,3.700000,1.710000
114.405766,4.550000,3.960000,1.460000
114.405766,4.530000,3.630000,1.510000
114.405766,4.650000,3.470000,1.590000
114.405766,4.870000,3.590000,1.490000
114.502046,4.780000,4.580000,1.210000
114.502046,4.550000,5.040000,1.340000
114.502046,4.250000,4.790000,1.490000
114.502046,3.810000,3.810000,1.650000
114.502046,3.480000,3.160000,1.740000
114.598346,2.580000,0.810000,1.970000
114.598346,2.260000,-1.220000,1.950000
114.598346,2.270000,-3.460000,1.840000
114.598346,2.040000,-4.750000,1.600000
114.598346,2.060000,-4.570000,1.410000
114.694636,2.470000,-3.910000,-0.350000
114.694636,2.610000,-4.000000,-0.660000
114.694636,2.700000,-4.550000,-1.200000
114.694636,2.400000,-4.990000,-1.680000
114.694636,2.090000,-4.970000,-1.830000
114.790946,0.390000,-4.930000,-2.070000
114.790946,-0.100000,-4.900000,-2.050000
114.790946,-1.030000,-4.780000,-1.820000
114.790946,-2.000000,-4.230000,-1.460000
114.790946,-2.570000,-4.000000,-1.310000
114.887286,-4.860000,-3.970000,-0.910000
114.887286,-5.180000,-3.970000,-0.590000
114.887286,-5.400000,-3.780000,-0.410000
114.887286,-5.510000,-3.100000,-0.190000
114.887286,-5.640000,-3.070000,-0.010000
114.983636,-6.250000,-3.550000,0.200000
114.983636,-6.620000,-3.500000,0.430000
114.983636,-6.810000,-3.330000,0.460000
114.983636,-6.890000,-3.130000,0.450000
114.983636,-6.580000,-3.500000,0.420000
115.079976,-5.680000,-4.410000,0.580000
115.079976,-5.480000,-4.860000,0.720000
115.079976,-5.590000,-4.670000,0.780000
115.079976,-5.720000,-3.990000,0.650000
115.079976,-5.420000,-3.710000,0.200000
115.176306,-4.070000,-3.620000,0.140000
115.176306,-2.980000,-3.940000,0.300000
115.176306,-2.470000,-4.210000,0.210000
115.176306,-2.160000,-3.810000,-0.020000
115.176306,-2.340000,-2.070000,-0.040000
115.272616,-1.670000,-1.180000,-0.010000
115.272616,-0.830000,-1.140000,0.330000
115.272616,-0.460000,-1.340000,0.530000
115.272616,-0.030000,-1.850000,0.460000
115.272616,-0.120000,-1.740000,0.610000
115.364906,0.420000,-1.900000,0.640000
115.364906,0.990000,-1.920000,0.540000
115.364906,1.490000,-1.440000,0.640000
115.364906,1.790000,-1.250000,0.700000
115.364906,2.460000,-0.570000,0.840000
115.461176,3.240000,0.700000,0.950000
115.461176,3.570000,1.150000,1.270000
115.461176,3.760000,1.140000,1.560000
115.461176,4.260000,0.900000,2.160000
115.461176,4.860000,0.640000,2.470000
115.557436,5.520000,0.830000,2.860000
115.557436,6.200000,1.070000,3.310000
115.557436,6.650000,1.160000,3.530000
115.557436,7.560000,1.000000,3.890000
115.557436,7.800000,1.210000,4.220000
115.653686,5.730000,4.280000,4.900000
115.653686,5.580000,3.750000,5.170000
115.653686,5.760000,3.360000,5.310000
115.653686,6.410000,2.650000,5.450000
115.653686,6.760000,1.830000,5.000000
115.749946,4.670000,1.510000,4.750000
115.749946,3.230000,0.930000,4.920000
115.749946,2.810000,1.000000,4.820000
115.749946,2.500000,1.980000,4.320000
115.749946,2.350000,2.310000,4.090000
115.846236,2.130000,1.480000,4.250000
115.846236,2.070000,1.060000,3.930000
115.846236,1.810000,1.330000,3.970000
115.846236,1.090000,2.110000,4.010000
115.846236,1.040000,2.550000,3.820000
115.942466,1.670000,2.840000,3.200000
115.942466,1.810000,2.500000,3.010000
115.942466,1.930000,2.390000,3.010000
115.942466,2.050000,2.260000,2.880000
115.942466,2.690000,2.060000,2.360000
116.041446,3.440000,2.010000,1.790000
116.041446,3.460000,2.500000,1.610000
116.041446,3.370000,2.950000,1.440000
116.041446,3.310000,3.120000,1.340000
116.041446,3.210000,3.520000,1.020000
116.137706,3.130000,-0.120000,-1.190000
116.137706,1.440000,1.130000,-1.850000
116.137706,-0.100000,2.430000,-2.550000
116.137706,-0.940000,1.840000,-3.250000
116.137706,-1.060000,1.980000,-3.580000
116.233976,-0.550000,3.280000,-5.270000
116.233976,-0.500000,4.430000,-5.450000
116.233976,-0.110000,5.560000,-5.640000
116.233976,0.990000,2.750000,-5.830000
116.233976,1.480000,0.630000,-5.990000
116.330256,1.590000,-2.670000,-6.210000
116.330256,1.670000,-3.030000,-6.050000
116.330256,2.180000,-3.890000,-5.860000
116.330256,2.620000,-4.850000,-5.970000
116.330256,2.670000,-5.620000,-6.140000
116.426486,1.730000,-7.330000,-6.180000
116.426486,-0.440000,-4.560000,-6.060000
116.426486,-0.690000,-3.140000,-6.030000
116.426486,-0.940000,-1.950000,-6.640000
116.426486,-0.170000,-1.300000,-7.070000
116.522736,1.360000,-2.350000,-6.830000
116.522736,1.790000,-3.040000,-6.800000
116.522736,1.760000,-3.070000,-6.760000
116.522736,1.280000,-2.690000,-6.620000
116.522736,0.930000,-1.920000,-6.480000
116.618996,0.460000,-0.090000,-6.420000
116.618996,0.150000,0.230000,-6.330000
116.618996,0.350000,0.140000,-6.240000
116.618996,1.600000,-0.450000,-5.940000
116.618996,3.020000,-1.080000,-5.520000
116.715236,2.930000,-1.330000,-4.670000
116.715236,2.090000,-2.600000,-4.410000
116.715236,1.810000,-3.720000,-4.410000
116.715236,1.140000,-5.270000,-4.160000
116.715236,0.140000,-5.470000,-3.630000
116.811476,-0.790000,-5.350000,-3.330000
116.811476,0.390000,-4.470000,-3.300000
116.811476,1.170000,-4.200000,-3.250000
116.811476,1.520000,-3.090000,-2.960000
116.811476,-0.070000,-6.290000,-0.960000
116.907736,-1.230000,-2.810000,-1.690000
116.907736,0.410000,-0.460000,-1.870000
116.907736,1.390000,3.950000,-1.770000
116.907736,1.470000,5.360000,-1.670000
116.907736,0.900000,7.770000,-1.400000
117.003996,0.440000,8.470000,-0.800000
117.003996,0.560000,7.560000,-0.450000
117.003996,0.700000,6.300000,-0.210000
117.003996,0.550000,5.610000,-0.120000
117.003996,-0.260000,4.160000,0.100000
117.100246,-1.600000,2.330000,0.390000
117.100246,-2.040000,1.200000,0.460000
117.100246,-2.160000,-0.030000,0.580000
117.100246,-2.140000,-0.550000,0.680000
117.100246,-1.850000,-1.140000,0.840000
117.196486,-1.100000,-0.610000,0.640000
117.196486,-0.990000,-0.470000,0.580000
117.196486,-1.150000,-1.200000,1.170000
117.196486,-1.270000,-1.810000,1.590000
117.196486,-1.720000,-2.600000,2.260000
117.292736,-2.140000,-2.870000,2.970000
117.292736,-1.520000,-3.000000,3.660000
117.292736,-0.420000,-3.000000,4.410000
117.292736,0.030000,-2.480000,5.140000
117.292736,0.410000,-1.800000,5.480000
117.388996,0.570000,-0.130000,6.140000
117.388996,1.100000,1.080000,6.270000
117.388996,1.420000,2.230000,6.410000
117.388996,1.430000,3.010000,6.410000
117.388996,1.390000,3.250000,6.360000
117.485246,1.260000,3.420000,6.360000
117.485246,1.140000,2.890000,6.300000
117.485246,0.950000,2.010000,6.050000
117.485246,0.900000,1.450000,5.820000
117.485246,1.040000,1.590000,5.720000
117.584166,1.660000,3.150000,4.940000
117.584166,1.540000,3.380000,4.800000
117.584166,1.150000,3.560000,4.760000
117.584166,0.350000,3.510000,4.630000
117.584166,-0.100000,3.340000,4.330000
195.191120,0.060000,-0.010000,-0.020000
195.191120,0.060000,0.000000,-0.020000
195.191120,0.030000,-0.010000,-0.010000
195.191120,0.000000,-0.020000,0.000000
195.191120,-0.020000,-0.040000,0.000000
195.275400,-0.020000,-0.050000,0.010000
195.275400,0.010000,-0.060000,0.010000
195.275400,0.030000,-0.060000,0.010000
195.275400,0.050000,-0.050000,0.000000
195.275400,0.040000,-0.030000,0.000000
195.359660,-0.010000,-0.020000,0.000000
195.359660,-0.020000,-0.040000,0.000000
195.359660,-0.010000,-0.040000,0.000000
195.359660,0.010000,-0.040000,-0.010000
195.359660,0.020000,-0.040000,-0.010000
195.443920,0.030000,-0.020000,-0.010000
195.443920,0.010000,-0.030000,0.000000
195.443920,0.000000,-0.030000,0.000000
195.443920,-0.010000,-0.040000,0.000000
195.443920,-0.010000,-0.040000,0.000000
195.528160,0.020000,-0.040000,0.000000
195.528160,0.020000,-0.050000,0.000000
195.528160,0.020000,-0.050000,0.000000
195.528160,0.020000,-0.040000,0.000000
195.528160,0.000000,-0.040000,0.000000
195.612410,0.000000,-0.030000,0.000000
195.612410,0.000000,-0.030000,0.000000
195.612410,0.020000,-0.030000,0.000000
195.612410,0.020000,-0.030000,0.000000
195.612410,0.010000,-0.030000,0.000000
195.696660,0.000000,-0.030000,0.000000
195.696660,0.000000,-0.040000,0.000000
195.696660,0.000000,-0.040000,0.000000
195.696660,0.000000,-0.030000,0.010000
195.696660,0.010000,-0.020000,0.010000
195.780910,0.040000,-0.040000,0.000000
195.780910,0.030000,-0.030000,0.000000
195.780910,0.010000,-0.020000,0.000000
195.780910,-0.010000,0.000000,0.000000
195.780910,-0.020000,0.000000,0.010000
195.865150,0.000000,-0.010000,0.030000
195.865150,0.040000,-0.010000,0.020000
195.865150,0.050000,-0.020000,0.020000
195.865150,0.050000,-0.020000,0.010000
195.865150,0.030000,-0.020000,0.010000
195.949410,-0.010000,-0.050000,0.020000
195.949410,-0.020000,-0.050000,0.010000
195.949410,-0.010000,-0.050000,0.010000
195.949410,0.000000,-0.050000,0.010000
195.949410,0.040000,-0.030000,0.000000
196.036320,0.050000,0.000000,-0.010000
196.036320,0.030000,0.000000,-0.010000
196.036320,0.000000,-0.020000,-0.010000
196.036320,0.000000,-0.030000,0.000000
196.036320,0.010000,-0.060000,0.000000
196.123260,0.040000,-0.080000,0.000000
196.123260,0.040000,-0.070000,0.000000
196.123260,0.020000,-0.040000,0.000000
196.123260,0.010000,-0.030000,0.000000
196.123260,0.000000,-0.020000,0.000000
196.210180,0.000000,-0.030000,0.000000
196.210180,0.010000,-0.040000,0.010000
196.210180,0.030000,-0.070000,0.020000
196.210180,0.030000,-0.080000,0.030000
196.210180,0.020000,-0.100000,0.030000
196.294410,0.000000,-0.090000,0.030000
196.294410,0.000000,-0.060000,0.020000
196.294410,0.000000,-0.050000,0.010000
196.294410,0.000000,-0.040000,0.010000
196.294410,0.000000,-0.020000,0.010000
196.378650,0.010000,-0.010000,0.000000
196.378650,0.010000,0.000000,0.000000
196.378650,0.000000,-0.010000,0.010000
196.378650,0.000000,-0.030000,0.010000
196.378650,0.000000,-0.070000,0.000000
196.462890,-0.020000,-0.030000,0.000000
196.462890,-0.020000,0.000000,0.000000
196.462890,0.000000,0.050000,0.000000
196.462890,0.020000,0.070000,0.000000
196.462890,0.050000,0.070000,-0.010000
196.547120,0.030000,0.030000,0.000000
196.547120,0.000000,-0.020000,0.000000
196.547120,-0.010000,-0.060000,0.000000
196.547120,-0.020000,-0.120000,0.000000
196.547120,-0.010000,-0.130000,0.000000
196.631380,0.010000,-0.090000,0.000000
196.631380,0.010000,-0.040000,0.000000
196.631380,0.010000,-0.030000,0.000000
196.631380,0.010000,-0.030000,0.010000
196.631380,0.010000,-0.030000,0.010000
196.715620,0.000000,-0.060000,0.010000
196.715620,-0.010000,-0.070000,0.010000
196.715620,-0.010000,-0.080000,0.020000
196.715620,0.000000,-0.090000,0.020000
196.715620,0.000000,-0.090000,0.020000
196.799870,0.000000,-0.040000,0.020000
196.799870,0.000000,-0.030000,0.020000
196.799870,0.000000,-0.010000,0.020000
196.799870,0.000000,-0.010000,0.020000
196.799870,0.000000,-0.020000,0.020000
196.884080,0.010000,-0.040000,0.030000
196.884080,0.010000,-0.030000,0.020000
196.884080,0.030000,-0.010000,0.010000
196.884080,0.040000,0.010000,0.000000
196.884080,0.020000,0.070000,-0.020000
196.968340,-0.010000,0.100000,-0.040000
196.968340,-0.020000,0.090000,-0.040000
196.968340,-0.010000,0.040000,-0.040000
196.968340,0.000000,0.020000,-0.040000
196.968340,0.010000,0.010000,-0.040000
197.052600,0.010000,-0.010000,-0.020000
197.052600,0.000000,-0.020000,-0.010000
197.052600,-0.020000,-0.030000,0.000000
197.052600,-0.030000,-0.050000,0.020000
197.052600,-0.030000,-0.060000,0.030000
197.136820,0.000000,-0.090000,0.050000
197.136820,0.030000,-0.070000,0.040000
197.136820,0.020000,-0.060000,0.040000
197.136820,0.000000,-0.030000,0.030000
197.136820,0.000000,-0.020000,0.030000
197.221080,0.000000,-0.010000,0.020000
197.221080,0.010000,-0.010000,0.020000
197.221080,0.030000,-0.010000,0.010000
197.221080,0.050000,-0.020000,0.010000
197.221080,0.070000,-0.030000,0.000000
197.305340,0.020000,-0.020000,0.000000
197.305340,0.000000,-0.020000,0.000000
197.305340,-0.020000,-0.020000,0.000000
197.305340,-0.020000,-0.020000,0.000000
197.305340,0.000000,-0.020000,0.000000
197.389610,0.050000,-0.010000,0.000000
197.389610,0.050000,-0.010000,0.000000
197.389610,0.020000,-0.010000,0.000000
197.389610,0.000000,-0.010000,0.000000
197.389610,-0.020000,-0.030000,0.020000
197.473860,-0.020000,-0.050000,0.030000
197.473860,0.000000,-0.070000,0.040000
197.473860,0.000000,-0.080000,0.050000
197.473860,0.010000,-0.070000,0.050000
197.473860,0.000000,-0.060000,0.050000
197.560760,-0.030000,-0.010000,0.040000
197.560760,-0.030000,0.000000,0.030000
197.560760,-0.010000,0.000000,0.030000
197.560760,0.010000,-0.010000,0.020000
197.560760,0.020000,-0.020000,0.010000
197.647700,0.010000,-0.020000,0.010000
197.647700,0.000000,-0.010000,0.020000
197.647700,0.000000,-0.010000,0.020000
197.647700,0.000000,-0.010000,0.020000
197.647700,0.010000,-0.010000,0.020000
197.731950,0.040000,-0.030000,0.020000
197.731950,0.030000,-0.030000,0.020000
197.731950,0.030000,-0.030000,0.020000
197.731950,0.020000,-0.010000,0.010000
197.731950,0.010000,-0.010000,0.000000
197.816220,0.000000,-0.020000,0.000000
197.816220,0.020000,-0.040000,0.000000
197.816220,0.030000,-0.040000,0.000000
197.816220,0.030000,-0.040000,0.000000
197.816220,0.030000,-0.040000,0.000000
197.903140,0.000000,-0.040000,0.000000
197.903140,-0.010000,-0.030000,0.000000
197.903140,0.000000,-0.040000,0.000000
197.903140,0.000000,-0.030000,0.000000
197.903140,0.010000,-0.020000,0.000000
197.987420,0.000000,-0.010000,0.000000
197.987420,0.000000,-0.020000,0.000000
197.987420,0.000000,-0.030000,0.000000
197.987420,0.010000,-0.040000,0.000000
197.987420,0.010000,-0.050000,0.000000
198.071710,-0.010000,-0.030000,0.000000
198.071710,-0.010000,-0.030000,0.010000
198.071710,-0.020000,-0.050000,0.030000
198.071710,-0.010000,-0.050000,0.040000
198.071710,0.000000,-0.040000,0.030000
198.155990,0.030000,-0.020000,0.020000
198.155990,0.030000,-0.010000,0.020000
198.155990,0.000000,-0.030000,0.020000
198.155990,0.000000,-0.030000,0.030000
198.155990,-0.020000,-0.060000,0.040000
198.240280,-0.010000,-0.060000,0.040000
198.240280,0.010000,-0.060000,0.030000
198.240280,0.040000,-0.050000,0.010000
198.240280,0.030000,-0.050000,0.010000
198.240280,0.020000,-0.040000,0.000000
198.324550,0.000000,-0.050000,0.000000
198.324550,0.000000,-0.070000,0.000000
198.324550,0.000000,-0.080000,0.000000
198.324550,0.020000,-0.080000,0.000000
198.324550,0.030000,-0.070000,0.000000
198.408830,0.020000,-0.060000,0.000000
198.408830,0.000000,-0.060000,0.000000
198.408830,0.000000,-0.060000,0.000000
198.408830,0.000000,-0.070000,0.000000
198.408830,0.000000,-0.070000,0.000000
198.493130,0.010000,-0.080000,0.000000
198.493130,0.010000,-0.080000,0.000000
198.493130,0.000000,-0.080000,0.000000
198.493130,0.000000,-0.080000,0.010000
198.493130,0.000000,-0.080000,0.010000
198.577410,0.010000,-0.080000,0.010000
198.577410,0.020000,-0.080000,0.010000
198.577410,0.010000,-0.080000,0.010000
198.577410,0.010000,-0.070000,0.000000
198.577410,0.010000,-0.070000,0.000000
198.661670,0.010000,-0.050000,0.000000
198.661670,0.020000,-0.040000,0.000000
198.661670,0.030000,-0.050000,0.000000
198.661670,0.020000,-0.050000,0.000000
198.661670,0.010000,-0.050000,0.000000
198.745950,0.000000,-0.060000,0.010000
198.745950,0.030000,-0.080000,0.000000
198.745950,0.040000,-0.090000,0.000000
198.745950,0.050000,-0.070000,-0.020000
198.745950,0.030000,-0.040000,-0.030000
198.830230,0.000000,-0.030000,-0.010000
198.830230,0.000000,-0.050000,0.000000
198.830230,0.010000,-0.040000,0.000000
198.830230,0.030000,-0.030000,0.010000
198.830230,0.040000,-0.030000,0.010000
198.914480,0.040000,-0.040000,0.000000
198.914480,0.020000,-0.030000,0.000000
198.914480,0.010000,-0.030000,0.000000
198.914480,0.000000,-0.020000,0.010000
198.914480,0.000000,-0.020000,0.010000
198.998740,0.040000,-0.030000,0.010000
198.998740,0.050000,-0.030000,0.010000
198.998740,0.050000,-0.020000,0.000000
198.998740,0.040000,-0.020000,0.000000
198.998740,0.020000,-0.020000,0.000000
199.083040,0.010000,-0.020000,0.000000
199.083040,0.020000,-0.020000,0.000000
199.083040,0.050000,-0.010000,-0.010000
199.083040,0.050000,0.000000,-0.010000
199.083040,0.050000,0.000000,-0.010000
786.528475,-0.040000,-0.100000,0.050000
786.528475,-0.010000,-0.110000,0.040000
786.528475,0.000000,-0.070000,0.030000
786.528475,0.040000,-0.040000,0.020000
786.528475,0.030000,0.000000,0.020000
786.624765,0.000000,0.020000,0.020000
786.624765,0.000000,0.010000,0.020000
786.624765,0.010000,0.000000,0.010000
786.624765,0.010000,0.000000,0.020000
786.624765,0.010000,0.000000,0.020000
786.721045,0.010000,0.000000,0.020000
786.721045,0.020000,0.010000,0.020000
786.721045,0.020000,0.030000,0.020000
786.721045,0.010000,0.040000,0.020000
786.721045,-0.020000,0.080000,0.010000
786.817325,0.020000,0.060000,0.020000
786.817325,0.070000,0.000000,0.000000
786.817325,0.050000,-0.040000,0.000000
786.817325,0.010000,-0.060000,0.000000
786.817325,-0.050000,-0.060000,0.010000
786.913605,-0.020000,-0.010000,0.010000
786.913605,0.050000,0.040000,0.000000
786.913605,0.080000,0.070000,0.000000
786.913605,0.070000,0.070000,0.000000
786.913605,0.010000,0.050000,0.000000
787.009895,-0.030000,0.000000,0.010000
787.009895,-0.010000,-0.020000,0.020000
787.009895,0.030000,-0.030000,0.010000
787.009895,0.060000,-0.040000,0.010000
787.009895,0.050000,-0.040000,0.010000
787.106165,-0.010000,-0.060000,0.010000
787.106165,-0.040000,-0.060000,0.010000
787.106165,-0.020000,-0.040000,0.010000
787.106165,0.010000,-0.010000,0.000000
787.106165,0.030000,0.000000,0.000000
787.202465,0.010000,0.040000,0.000000
787.202465,0.000000,0.020000,0.000000
787.202465,-0.030000,-0.010000,0.000000
787.202465,-0.020000,-0.050000,0.010000
787.202465,0.000000,-0.070000,0.020000
787.298775,0.040000,-0.080000,0.010000
787.298775,0.020000,-0.070000,0.010000
787.298775,-0.010000,-0.070000,0.010000
787.298775,-0.020000,-0.100000,0.020000
787.298775,-0.010000,-0.120000,0.020000
787.395105,0.030000,-0.090000,0.020000
787.395105,0.030000,-0.060000,0.010000
787.395105,0.020000,-0.050000,0.010000
787.395105,0.010000,-0.080000,0.000000
787.395105,0.000000,-0.110000,0.010000
787.491445,-0.020000,-0.070000,0.020000
787.491445,0.000000,-0.010000,0.010000
787.491445,0.010000,0.000000,0.010000
787.491445,0.060000,0.020000,0.000000
787.491445,0.060000,0.020000,0.000000
787.587765,0.000000,0.000000,0.010000
787.587765,-0.010000,-0.050000,0.020000
787.587765,-0.010000,-0.080000,0.020000
787.587765,0.020000,-0.110000,0.020000
787.587765,0.040000,-0.130000,0.010000
787.684095,0.020000,-0.110000,0.000000
787.684095,0.000000,-0.120000,0.000000
787.684095,-0.010000,-0.130000,0.000000
787.684095,-0.020000,-0.140000,0.000000
787.684095,-0.010000,-0.150000,0.000000
787.780435,0.000000,-0.080000,0.000000
787.780435,0.010000,0.010000,0.000000
787.780435,0.010000,0.050000,0.000000
787.780435,0.020000,0.130000,0.000000
787.780435,0.040000,0.130000,0.000000
787.876755,0.010000,0.030000,0.010000
787.876755,-0.010000,-0.040000,0.010000
787.876755,-0.020000,-0.080000,0.020000
787.876755,-0.020000,-0.080000,0.020000
787.876755,0.000000,-0.080000,0.010000
787.973055,0.040000,-0.040000,0.000000
787.973055,0.030000,-0.030000,-0.010000
787.973055,0.000000,-0.030000,-0.010000
787.973055,0.000000,-0.030000,0.000000
787.973055,0.000000,-0.030000,0.010000
788.069385,0.030000,-0.010000,0.000000
788.069385,0.030000,0.020000,0.000000
788.069385,0.010000,0.020000,0.000000
788.069385,0.000000,0.010000,0.000000
788.069385,0.000000,-0.020000,0.000000
788.165695,0.020000,-0.040000,0.010000
788.165695,0.040000,-0.040000,0.000000
788.165695,0.030000,-0.020000,0.000000
788.165695,0.020000,-0.010000,0.000000
788.165695,0.000000,0.000000,0.000000
788.262015,0.010000,-0.010000,0.000000
788.262015,0.050000,-0.050000,0.000000
788.262015,0.050000,-0.100000,0.000000
788.262015,0.000000,-0.120000,0.000000
788.262015,-0.020000,-0.110000,0.010000
788.358325,-0.030000,-0.070000,0.020000
788.358325,0.020000,-0.010000,0.020000
788.358325,0.080000,0.020000,0.000000
788.358325,0.070000,0.030000,0.000000
788.358325,0.040000,0.020000,0.000000
788.454645,-0.050000,-0.010000,0.030000
788.454645,-0.030000,0.000000,0.030000
788.454645,0.030000,0.020000,0.020000
788.454645,0.080000,0.050000,0.020000
788.454645,0.080000,0.050000,0.020000
788.550975,-0.060000,0.040000,0.030000
788.550975,-0.070000,0.050000,0.020000
788.550975,-0.030000,0.100000,0.010000
788.550975,0.050000,0.100000,0.010000
788.550975,0.080000,0.100000,0.010000
788.647285,-0.020000,0.140000,0.010000
788.647285,-0.050000,0.130000,0.020000
788.647285,-0.030000,0.030000,0.020000
788.647285,0.020000,-0.020000,0.040000
788.647285,0.050000,-0.040000,0.040000
788.743605,-0.010000,0.030000,0.010000
788.743605,-0.030000,0.070000,0.000000
788.743605,-0.020000,0.070000,0.000000
788.743605,0.010000,0.070000,0.020000
788.743605,0.040000,0.060000,0.030000
788.839925,0.010000,0.070000,0.040000
788.839925,0.010000,0.060000,0.030000
788.839925,0.020000,0.050000,0.020000
788.839925,0.040000,0.000000,0.020000
788.839925,0.010000,0.000000,0.030000
788.936255,-0.020000,-0.050000,0.040000
788.936255,0.000000,-0.100000,0.040000
788.936255,0.020000,-0.130000,0.030000
788.936255,0.040000,-0.160000,0.030000
788.936255,0.040000,-0.140000,0.020000
789.032565,0.010000,-0.130000,0.020000
789.032565,0.000000,-0.130000,0.010000
789.032565,0.000000,-0.120000,0.000000
789.032565,-0.010000,-0.060000,0.020000
789.032565,-0.040000,-0.060000,0.030000
789.128835,0.020000,0.000000,0.000000
789.128835,0.080000,0.000000,0.020000
789.128835,0.060000,-0.030000,0.020000
789.128835,0.020000,-0.050000,0.030000
789.128835,-0.070000,-0.050000,0.040000
789.225135,-0.040000,0.000000,0.020000
789.225135,0.060000,0.030000,0.010000
789.225135,0.150000,0.000000,0.010000
789.225135,0.140000,-0.010000,0.010000
789.225135,0.040000,-0.040000,0.030000
789.321425,-0.100000,-0.050000,0.020000
789.321425,-0.060000,-0.070000,0.020000
789.321425,0.050000,-0.080000,0.000000
789.321425,0.110000,-0.070000,0.000000
789.321425,0.130000,-0.090000,0.010000
789.417715,0.020000,-0.140000,0.030000
789.417715,-0.060000,-0.150000,0.020000
789.417715,-0.070000,-0.110000,0.010000
789.417715,-0.050000,-0.060000,0.000000
789.417715,0.010000,0.020000,-0.010000
789.514005,0.120000,-0.030000,-0.020000
789.514005,0.070000,-0.060000,-0.030000
789.514005,-0.060000,0.000000,0.000000
789.514005,-0.150000,0.050000,0.000000
789.514005,-0.140000,0.070000,-0.010000
789.610305,0.070000,0.020000,0.000000
789.610305,0.210000,-0.060000,0.000000
789.610305,0.120000,-0.040000,0.020000
789.610305,-0.070000,0.010000,0.000000
789.610305,-0.130000,0.010000,0.000000
789.706595,0.030000,-0.090000,-0.010000
789.706595,0.130000,-0.110000,-0.020000
789.706595,0.190000,-0.130000,0.000000
789.706595,0.080000,0.000000,0.000000
789.706595,0.000000,0.080000,-0.020000
789.802875,-0.010000,-0.040000,-0.010000
789.802875,0.060000,-0.160000,0.010000
789.802875,0.170000,-0.180000,0.040000
789.802875,0.100000,0.070000,-0.010000
789.802875,0.040000,0.150000,-0.040000
789.899165,-0.020000,-0.190000,0.040000
789.899165,0.000000,-0.240000,0.050000
789.899165,0.040000,-0.100000,0.000000
789.899165,0.050000,0.000000,-0.010000
789.899165,0.040000,-0.010000,0.010000
789.995475,-0.030000,-0.150000,0.030000
789.995475,-0.040000,-0.090000,0.040000
789.995475,-0.020000,-0.090000,0.040000
789.995475,0.040000,-0.120000,0.030000
789.995475,0.090000,-0.110000,0.030000
790.091775,0.010000,0.000000,0.010000
790.091775,-0.030000,0.080000,0.000000
790.091775,-0.040000,0.070000,-0.010000
790.091775,-0.010000,-0.020000,-0.010000
790.091775,0.010000,-0.120000,0.020000
790.190725,0.040000,-0.100000,0.000000
790.190725,0.000000,-0.010000,0.000000
790.190725,-0.010000,0.000000,0.000000
790.190725,-0.040000,-0.010000,0.000000
790.190725,-0.020000,-0.050000,0.010000
790.286995,0.050000,-0.060000,0.030000
790.286995,0.060000,-0.080000,0.020000
790.286995,0.040000,-0.080000,0.020000
790.286995,-0.010000,-0.080000,0.030000
790.286995,-0.030000,-0.100000,0.020000
790.383245,0.010000,-0.130000,0.020000
790.383245,0.050000,-0.080000,0.000000
790.383245,0.040000,-0.080000,0.000000
790.383245,0.020000,-0.070000,0.020000
790.383245,-0.010000,-0.070000,0.010000
900.160641,0.250000,0.320000,-0.290000
900.160641,0.270000,0.310000,-0.290000
900.160641,0.260000,0.300000,-0.260000
900.160641,0.210000,0.270000,-0.220000
900.160641,0.190000,0.230000,-0.200000
900.256861,0.240000,0.020000,-0.140000
900.256861,0.270000,0.000000,-0.130000
900.256861,0.280000,0.050000,-0.130000
900.256861,0.240000,0.100000,-0.110000
900.256861,0.210000,0.100000,-0.100000
900.353101,0.170000,0.020000,-0.050000
900.353101,0.190000,0.010000,-0.040000
900.353101,0.250000,0.030000,-0.040000
900.353101,0.260000,0.070000,-0.040000
900.353101,0.260000,-0.070000,0.060000
900.449371,0.130000,-0.760000,0.500000
900.449371,-0.050000,-1.700000,0.990000
900.449371,-0.230000,-2.160000,1.300000
900.449371,-0.660000,-2.840000,1.940000
900.449371,-1.060000,-3.400000,2.430000
900.545611,-0.990000,-3.970000,3.250000
900.545611,-0.560000,-3.550000,3.770000
900.545611,-0.440000,-3.050000,3.940000
900.545611,-0.550000,-1.540000,4.170000
900.545611,-0.910000,-0.050000,4.300000
900.641861,-1.050000,1.770000,4.320000
900.641861,-0.840000,2.530000,4.270000
900.641861,-0.730000,2.640000,4.320000
900.641861,-0.770000,2.510000,4.500000
900.641861,-1.180000,1.910000,4.660000
900.738111,-1.700000,0.900000,5.160000
900.738111,-1.670000,0.340000,5.380000
900.738111,-1.510000,0.200000,5.440000
900.738111,-1.130000,0.140000,5.700000
900.738111,-0.960000,0.430000,5.980000
900.834351,-1.550000,1.390000,6.100000
900.834351,-1.750000,1.490000,5.960000
900.834351,-1.530000,1.360000,5.610000
900.834351,-1.240000,1.440000,5.480000
900.834351,0.070000,1.810000,5.110000
900.930621,2.430000,2.170000,3.990000
900.930621,3.470000,2.160000,3.430000
900.930621,3.610000,2.220000,3.060000
900.930621,3.500000,2.290000,2.880000
900.930621,3.290000,2.510000,2.460000
901.026831,3.770000,3.040000,1.920000
901.026831,4.310000,3.270000,1.600000
901.026831,4.430000,3.310000,1.330000
901.026831,4.310000,3.250000,1.220000
901.026831,3.770000,2.890000,1.060000
901.123081,2.680000,1.590000,0.990000
901.123081,1.990000,0.350000,0.950000
901.123081,1.410000,-0.600000,0.760000
901.123081,1.180000,-0.870000,0.610000
901.123081,0.810000,-1.090000,0.220000
901.219331,0.090000,-1.570000,-0.430000
901.219331,-0.590000,-2.090000,-0.920000
901.219331,-1.130000,-2.740000,-1.710000
901.219331,-1.320000,-3.250000,-2.650000
901.219331,-1.550000,-4.880000,-2.910000
901.315561,-1.750000,-7.960000,-3.330000
901.315561,-2.170000,-8.820000,-3.540000
901.315561,-2.960000,-8.140000,-3.570000
901.315561,-3.880000,-7.500000,-3.600000
901.315561,-4.300000,-7.280000,-3.640000
901.414451,-4.730000,-7.160000,-3.740000
901.414451,-4.390000,-6.970000,-3.710000
901.414451,-4.170000,-6.020000,-3.570000
901.414451,-3.740000,-5.080000,-3.420000
901.414451,-3.090000,-4.720000,-3.250000
901.510661,-2.210000,-1.930000,-2.440000
901.510661,-3.240000,-0.270000,-2.270000
901.510661,-3.690000,0.350000,-2.370000
901.510661,-4.100000,0.950000,-2.940000
901.510661,-3.960000,1.280000,-3.630000
901.606881,-3.530000,1.490000,-4.420000
901.606881,-3.170000,1.140000,-4.480000
901.606881,-2.980000,0.730000,-4.510000
901.606881,-2.600000,-0.260000,-4.790000
901.606881,-2.230000,-0.880000,-5.030000
901.703091,-2.100000,-1.060000,-4.680000
901.703091,-2.030000,-0.800000,-4.160000
901.703091,-1.930000,-0.810000,-3.890000
901.703091,-1.660000,-1.010000,-3.190000
901.703091,-1.320000,-1.280000,-2.340000
901.799311,-0.710000,-1.330000,-1.400000
901.799311,-0.350000,-1.120000,-1.170000
901.799311,-0.100000,-0.990000,-0.960000
901.799311,0.480000,-0.650000,-0.870000
901.799311,0.840000,-0.320000,-0.790000
901.895531,0.770000,-0.660000,-0.340000
901.895531,0.460000,-1.270000,-0.190000
901.895531,0.080000,-1.250000,-0.110000
901.895531,-0.020000,-0.950000,-0.080000
901.895531,0.040000,-0.170000,-0.050000
901.991751,0.460000,0.690000,0.120000
901.991751,0.460000,0.820000,0.280000
901.991751,0.200000,0.830000,0.500000
901.991751,0.040000,0.770000,0.680000
901.991751,-0.230000,0.590000,1.090000
902.087961,-0.220000,0.180000,1.350000
902.087961,-0.050000,0.070000,1.340000
902.087961,0.040000,0.040000,1.400000
902.087961,0.060000,-0.040000,1.520000
902.087961,0.030000,-0.390000,1.820000
902.184201,0.070000,-1.200000,2.130000
902.184201,0.300000,-1.620000,2.450000
902.184201,0.660000,-1.900000,2.890000
902.184201,0.810000,-1.990000,3.040000
902.184201,0.820000,-1.890000,3.130000
902.280441,0.230000,-0.830000,3.140000
902.280441,0.360000,0.510000,3.100000
902.280441,0.950000,1.720000,3.010000
902.280441,1.220000,2.050000,3.130000
902.280441,1.360000,2.080000,3.220000
902.376651,0.730000,1.570000,3.490000
902.376651,0.390000,1.720000,3.600000
902.376651,0.470000,2.290000,3.600000
902.376651,0.830000,3.060000,3.470000
902.376651,0.940000,3.500000,3.360000
902.472881,0.470000,4.980000,2.920000
902.472881,-0.080000,5.600000,2.660000
902.472881,-0.450000,5.760000,2.520000
902.472881,-0.550000,5.530000,2.370000
902.472881,-0.510000,5.280000,2.290000
902.569101,-0.690000,3.290000,2.140000
902.569101,-0.930000,2.480000,2.090000
902.569101,-1.510000,0.670000,2.030000
902.569101,-1.870000,-1.260000,2.240000
902.569101,-1.870000,-2.380000,2.470000
902.665301,-1.200000,-6.450000,3.140000
902.665301,-1.020000,-6.960000,3.160000
902.665301,-0.760000,-7.290000,3.270000
902.665301,-0.550000,-6.590000,3.420000
902.665301,-0.450000,-5.720000,3.320000
902.761521,0.700000,-2.520000,2.390000
902.761521,1.290000,-2.470000,2.460000
902.761521,2.430000,-2.460000,2.730000
902.761521,2.890000,-2.030000,2.450000
902.761521,2.810000,-1.460000,2.080000
902.857761,2.610000,-1.300000,1.780000
902.857761,3.080000,-0.920000,1.050000
902.857761,3.440000,-0.960000,0.760000
902.857761,4.140000,-1.310000,0.600000
902.857761,4.830000,-1.890000,0.400000
902.953961,5.690000,-2.090000,-0.150000
902.953961,5.590000,-1.590000,-0.150000
902.953961,5.310000,-1.230000,-0.110000
902.953961,4.650000,-0.260000,-0.030000
902.953961,4.400000,0.670000,0.310000
903.050161,4.590000,0.520000,0.920000
903.050161,4.520000,-0.060000,1.120000
903.050161,4.280000,-0.530000,1.130000
903.050161,3.510000,-1.580000,1.350000
903.050161,2.730000,-2.360000,1.680000
903.146391,1.790000,-1.270000,1.350000
903.146391,1.380000,-0.380000,1.240000
903.146391,1.180000,-0.260000,1.260000
903.146391,0.710000,-0.360000,1.120000
903.146391,0.330000,-0.560000,1.050000
903.242581,-0.620000,-0.300000,0.830000
903.242581,-1.520000,0.510000,0.490000
903.242581,-1.920000,0.750000,0.130000
903.242581,-2.480000,1.120000,-0.100000
903.242581,-2.870000,1.260000,-0.710000
903.338791,-3.180000,0.800000,-1.310000
903.338791,-3.260000,0.180000,-1.470000
903.338791,-3.580000,0.290000,-1.670000
903.338791,-3.860000,0.500000,-1.700000
903.338791,-4.560000,1.030000,-1.650000
903.434981,-5.370000,2.040000,-1.740000
903.434981,-5.580000,2.650000,-2.060000
903.434981,-5.810000,2.790000,-2.450000
903.434981,-5.940000,2.380000,-2.510000
903.434981,-6.020000,0.960000,-2.080000
903.533831,-6.400000,0.040000,-1.630000
903.533831,-7.790000,-0.160000,-1.860000
903.533831,-7.990000,0.360000,-1.700000
903.533831,-7.480000,0.190000,-2.010000
903.533831,-6.960000,-0.660000,-2.280000
903.629981,-6.870000,0.260000,-2.690000
903.629981,-7.030000,0.720000,-3.190000
903.629981,-7.060000,1.240000,-4.210000
903.629981,-5.950000,-0.250000,-4.180000
903.629981,-5.070000,-1.220000,-3.900000
903.726181,-2.930000,-5.230000,-4.250000
903.726181,-3.670000,-4.630000,-4.060000
903.726181,-5.040000,-0.670000,-3.910000
903.726181,-6.050000,2.810000,-5.360000
903.726181,-5.950000,4.420000,-6.110000
903.822351,-2.580000,6.550000,-7.410000
903.822351,-1.540000,6.310000,-7.510000
903.822351,0.190000,5.430000,-7.330000
903.822351,0.980000,4.010000,-6.540000
903.822351,0.930000,3.050000,-5.340000
903.918541,0.040000,-0.900000,-3.830000
903.918541,-0.060000,-1.650000,-3.130000
903.918541,0.090000,-1.940000,-2.860000
903.918541,0.480000,-2.280000,-2.400000
903.918541,0.980000,-2.130000,-2.060000
904.014741,1.110000,-1.680000,-1.740000
904.014741,0.630000,-1.020000,-1.420000
904.014741,0.400000,-0.700000,-1.290000
904.014741,0.240000,-0.110000,-1.130000
904.014741,0.410000,0.220000,-0.960000
1013.067757,0.050000,-0.070000,-0.010000
1013.067757,0.010000,-0.080000,0.010000
1013.067757,0.000000,-0.080000,0.030000
1013.067757,0.000000,-0.120000,0.020000
1013.067757,0.010000,-0.160000,0.010000
1013.164037,0.000000,-0.090000,0.010000
1013.164037,-0.020000,-0.050000,0.010000
1013.164037,-0.020000,-0.050000,0.010000
1013.164037,-0.010000,-0.070000,0.000000
1013.164037,0.000000,-0.050000,-0.010000
1013.260287,0.000000,-0.070000,0.000000
1013.260287,0.000000,-0.100000,0.000000
1013.260287,0.000000,-0.090000,0.000000
1013.260287,0.010000,-0.070000,0.000000
1013.260287,0.000000,-0.010000,0.000000
1013.356537,0.000000,-0.010000,0.010000
1013.356537,0.010000,-0.100000,0.010000
1013.356537,0.030000,-0.110000,0.010000
1013.356537,0.030000,-0.070000,0.000000
1013.356537,0.010000,-0.040000,0.000000
1013.452797,-0.010000,0.020000,0.000000
1013.452797,0.000000,-0.050000,0.000000
1013.452797,0.020000,-0.110000,0.000000
1013.452797,0.020000,-0.080000,0.000000
1013.452797,0.010000,-0.040000,0.000000
1013.549057,-0.020000,0.100000,0.000000
1013.549057,-0.020000,0.070000,0.000000
1013.549057,0.000000,-0.030000,0.000000
1013.549057,0.030000,-0.110000,0.000000
1013.549057,0.040000,-0.130000,-0.010000
1013.645307,-0.010000,0.050000,0.000000
1013.645307,-0.030000,0.080000,0.000000
1013.645307,-0.010000,0.010000,0.000000
1013.645307,0.020000,-0.100000,0.010000
1013.645307,0.020000,-0.130000,0.010000
1238.934041,-0.040000,-0.100000,0.050000
1238.934041,-0.010000,-0.110000,0.040000
1238.934041,0.000000,-0.070000,0.030000
1238.934041,0.040000,-0.040000,0.020000
1238.934041,0.030000,0.000000,0.020000
1239.030331,0.000000,0.020000,0.020000
1239.030331,0.000000,0.010000,0.020000
1239.030331,0.010000,0.000000,0.010000
1239.030331,0.010000,0.000000,0.020000
1239.030331,0.010000,0.000000,0.020000
1239.126611,0.010000,0.000000,0.020000
1239.126611,0.020000,0.010000,0.020000
1239.126611,0.020000,0.030000,0.020000
1239.126611,0.010000,0.040000,0.020000
1239.126611,-0.020000,0.080000,0.010000
1239.222891,0.020000,0.060000,0.020000
1239.222891,0.070000,0.000000,0.000000
1239.222891,0.050000,-0.040000,0.000000
1239.222891,0.010000,-0.060000,0.000000
1239.222891,-0.050000,-0.060000,0.010000
1239.319171,-0.020000,-0.010000,0.010000
1239.319171,0.050000,0.040000,0.000000
1239.319171,0.080000,0.070000,0.000000
1239.319171,0.070000,0.070000,0.000000
1239.319171,0.010000,0.050000,0.000000
1239.415461,-0.030000,0.000000,0.010000
1239.415461,-0.010000,-0.020000,0.020000
1239.415461,0.030000,-0.030000,0.010000
1239.415461,0.060000,-0.040000,0.010000
1239.415461,0.050000,-0.040000,0.010000
1239.511731,-0.010000,-0.060000,0.010000
1239.511731,-0.040000,-0.060000,0.010000
1239.511731,-0.020000,-0.040000,0.010000
1239.511731,0.010000,-0.010000,0.000000
1239.511731,0.030000,0.000000,0.000000
1239.608031,0.010000,0.040000,0.000000
1239.608031,0.000000,0.020000,0.000000
1239.608031,-0.030000,-0.010000,0.000000
1239.608031,-0.020000,-0.050000,0.010000
1239.608031,0.000000,-0.070000,0.020000
1239.704341,0.040000,-0.080000,0.010000
1239.704341,0.020000,-0.070000,0.010000
1239.704341,-0.010000,-0.070000,0.010000
1239.704341,-0.020000,-0.100000,0.020000
1239.704341,-0.010000,-0.120000,0.020000
1239.800671,0.030000,-0.090000,0.020000
1239.800671,0.030000,-0.060000,0.010000
1239.800671,0.020000,-0.050000,0.010000
1239.800671,0.010000,-0.080000,0.000000
1239.800671,0.000000,-0.110000,0.010000
1239.897011,-0.020000,-0.070000,0.020000
1239.897011,0.000000,-0.010000,0.010000
1239.897011,0.010000,0.000000,0.010000
1239.897011,0.060000,0.020000,0.000000
1239.897011,0.060000,0.020000,0.000000
1239.993331,0.000000,0.000000,0.010000
1239.993331,-0.010000,-0.050000,0.020000
1239.993331,-0.010000,-0.080000,0.020000
1239.993331,0.020000,-0.110000,0.020000
1239.993331,0.040000,-0.130000,0.010000
1240.089661,0.020000,-0.110000,0.000000
1240.089661,0.000000,-0.120000,0.000000
1240.089661,-0.010000,-0.130000,0.000000
1240.089661,-0.020000,-0.140000,0.000000
1240.089661,-0.010000,-0.150000,0.000000
1240.186001,0.000000,-0.080000,0.000000
1240.186001,0.010000,0.010000,0.000000
1240.186001,0.010000,0.050000,0.000000
1240.186001,0.020000,0.130000,0.000000
1240.186001,0.040000,0.130000,0.000000
1240.282321,0.010000,0.030000,0.010000
1240.282321,-0.010000,-0.040000,0.010000
1240.282321,-0.020000,-0.080000,0.020000
1240.282321,-0.020000,-0.080000,0.020000
1240.282321,0.000000,-0.080000,0.010000
1240.378621,0.040000,-0.040000,0.000000
1240.378621,0.030000,-0.030000,-0.010000
1240.378621,0.000000,-0.030000,-0.010000
1240.378621,0.000000,-0.030000,0.000000
1240.378621,0.000000,-0.030000,0.010000
1240.474951,0.030000,-0.010000,0.000000
1240.474951,0.030000,0.020000,0.000000
1240.474951,0.010000,0.020000,0.000000
1240.474951,0.000000,0.010000,0.000000
1240.474951,0.000000,-0.020000,0.000000
1240.571261,0.020000,-0.040000,0.010000
1240.571261,0.040000,-0.040000,0.000000
1240.571261,0.030000,-0.020000,0.000000
1240.571261,0.020000,-0.010000,0.000000
1240.571261,0.000000,0.000000,0.000000
1240.667581,0.010000,-0.010000,0.000000
1240.667581,0.050000,-0.050000,0.000000
1240.667581,0.050000,-0.100000,0.000000
1240.667581,0.000000,-0.120000,0.000000
1240.667581,-0.020000,-0.110000,0.010000
1240.763891,-0.030000,-0.070000,0.020000
1240.763891,0.020000,-0.010000,0.020000
1240.763891,0.080000,0.020000,0.000000
1240.763891,0.070000,0.030000,0.000000
1240.763891,0.040000,0.020000,0.000000
1240.860211,-0.050000,-0.010000,0.030000
1240.860211,-0.030000,0.000000,0.030000
1240.860211,0.030000,0.020000,0.020000
1240.860211,0.080000,0.050000,0.020000
1240.860211,0.080000,0.050000,0.020000
1240.956541,-0.060000,0.040000,0.030000
1240.956541,-0.070000,0.050000,0.020000
1240.956541,-0.030000,0.100000,0.010000
1240.956541,0.050000,0.100000,0.010000
1240.956541,0.080000,0.100000,0.010000
1241.052851,-0.020000,0.140000,0.010000
1241.052851,-0.050000,0.130000,0.020000
1241.052851,-0.030000,0.030000,0.020000
1241.052851,0.020000,-0.020000,0.040000
1241.052851,0.050000,-0.040000,0.040000
1241.149171,-0.010000,0.030000,0.010000
1241.149171,-0.030000,0.070000,0.000000
1241.149171,-0.020000,0.070000,0.000000
1241.149171,0.010000,0.070000,0.020000
1241.149171,0.040000,0.060000,0.030000
1241.245491,0.010000,0.070000,0.040000
1241.245491,0.010000,0.060000,0.030000
1241.245491,0.020000,0.050000,0.020000
1241.245491,0.040000,0.000000,0.020000
1241.245491,0.010000,0.000000,0.030000
1241.341821,-0.020000,-0.050000,0.040000
1241.341821,0.000000,-0.100000,0.040000
1241.341821,0.020000,-0.130000,0.030000
1241.341821,0.040000,-0.160000,0.030000
1241.341821,0.040000,-0.140000,0.020000
1241.438131,0.010000,-0.130000,0.020000
1241.438131,0.000000,-0.130000,0.010000
1241.438131,0.000000,-0.120000,0.000000
1241.438131,-0.010000,-0.060000,0.020000
1241.438131,-0.040000,-0.060000,0.030000
1241.534401,0.020000,0.000000,0.000000
1241.534401,0.080000,0.000000,0.020000
1241.534401,0.060000,-0.030000,0.020000
1241.534401,0.020000,-0.050000,0.030000
1241.534401,-0.070000,-0.050000,0.040000
1241.630701,-0.040000,0.000000,0.020000
1241.630701,0.060000,0.030000,0.010000
1241.630701,0.150000,0.000000,0.010000
1241.630701,0.140000,-0.010000,0.010000
1241.630701,0.040000,-0.040000,0.030000
1241.726991,-0.100000,-0.050000,0.020000
1241.726991,-0.060000,-0.070000,0.020000
1241.726991,0.050000,-0.080000,0.000000
1241.726991,0.110000,-0.070000,0.000000
1241.726991,0.130000,-0.090000,0.010000
1241.823281,0.020000,-0.140000,0.030000
1241.823281,-0.060000,-0.150000,0.020000
1241.823281,-0.070000,-0.110000,0.010000
1241.823281,-0.050000,-0.060000,0.000000
1241.823281,0.010000,0.020000,-0.010000
1241.919571,0.120000,-0.030000,-0.020000
1241.919571,0.070000,-0.060000,-0.030000
1241.919571,-0.060000,0.000000,0.000000
1241.919571,-0.150000,0.050000,0.000000
1241.919571,-0.140000,0.070000,-0.010000
1242.015871,0.070000,0.020000,0.000000
1242.015871,0.210000,-0.060000,0.000000
1242.015871,0.120000,-0.040000,0.020000
1242.015871,-0.070000,0.010000,0.000000
1242.015871,-0.130000,0.010000,0.000000
1242.112161,0.030000,-0.090000,-0.010000
1242.112161,0.130000,-0.110000,-0.020000
1242.112161,0.190000,-0.130000,0.000000
1242.112161,0.080000,0.000000,0.000000
1242.112161,0.000000,0.080000,-0.020000
1242.208441,-0.010000,-0.040000,-0.010000
1242.208441,0.060000,-0.160000,0.010000
1242.208441,0.170000,-0.180000,0.040000
1242.208441,0.100000,0.070000,-0.010000
1242.208441,0.040000,0.150000,-0.040000
1242.304731,-0.020000,-0.190000,0.040000
1242.304731,0.000000,-0.240000,0.050000
1242.304731,0.040000,-0.100000,0.000000
1242.304731,0.050000,0.000000,-0.010000
1242.304731,0.040000,-0.010000,0.010000
1242.401041,-0.030000,-0.150000,0.030000
1242.401041,-0.040000,-0.090000,0.040000
1242.401041,-0.020000,-0.090000,0.040000
1242.401041,0.040000,-0.120000,0.030000
1242.401041,0.090000,-0.110000,0.030000
1242.497341,0.010000,0.000000,0.010000
1242.497341,-0.030000,0.080000,0.000000
1242.497341,-0.040000,0.070000,-0.010000
1242.497341,-0.010000,-0.020000,-0.010000
1242.497341,0.010000,-0.120000,0.020000
1242.596291,0.040000,-0.100000,0.000000
1242.596291,0.000000,-0.010000,0.000000
1242.596291,-0.010000,0.000000,0.000000
1242.596291,-0.040000,-0.010000,0.000000
1242.596291,-0.020000,-0.050000,0.010000
1242.692561,0.050000,-0.060000,0.030000
1242.692561,0.060000,-0.080000,0.020000
1242.692561,0.040000,-0.080000,0.020000
1242.692561,-0.010000,-0.080000,0.030000
1242.692561,-0.030000,-0.100000,0.020000
1242.788811,0.010000,-0.130000,0.020000
1242.788811,0.050000,-0.080000,0.000000
1242.788811,0.040000,-0.080000,0.000000
1242.788811,0.020000,-0.070000,0.020000
1242.788811,-0.010000,-0.070000,0.010000
1352.566207,2.540000,5.630000,0.020000
1352.566207,1.450000,5.620000,0.020000
1352.566207,0.970000,5.300000,-0.040000
1352.566207,0.520000,3.620000,-0.310000
1352.566207,0.710000,2.630000,-0.360000
1352.662437,1.170000,0.770000,-0.580000
1352.662437,1.960000,-0.590000,-0.920000
1352.662437,2.630000,-1.180000,-1.240000
1352.662437,4.440000,-2.810000,-1.980000
1352.662437,6.780000,-7.960000,-2.550000
1352.758657,3.140000,-4.880000,-1.720000
1352.758657,0.770000,-6.350000,-1.140000
1352.758657,-0.620000,-6.650000,-2.260000
1352.758657,-2.650000,-8.010000,-2.310000
1352.758657,-3.700000,-8.180000,-1.690000
1352.854867,-3.360000,-2.600000,-1.970000
1352.854867,-2.850000,1.270000,-2.620000
1352.854867,-2.360000,3.000000,-2.260000
1352.854867,-2.340000,3.100000,-1.820000
1352.854867,-2.540000,2.860000,-0.960000
1352.951067,-2.100000,2.800000,-0.710000
1352.951067,-1.580000,2.960000,-0.520000
1352.951067,-1.070000,2.700000,0.220000
1352.951067,-0.820000,2.360000,0.710000
1352.951067,-0.200000,1.510000,1.530000
1353.047267,1.350000,0.520000,1.980000
1353.047267,2.490000,-0.090000,2.230000
1353.047267,3.400000,-1.020000,2.750000
1353.047267,3.720000,-1.470000,3.050000
1353.047267,3.610000,-2.370000,3.740000
1353.143477,3.370000,-4.200000,4.430000
1353.143477,4.200000,-4.570000,4.240000
1353.143477,5.400000,-2.530000,3.730000
1353.143477,5.750000,-0.870000,3.630000
1353.143477,5.730000,2.490000,3.620000
1353.239677,4.820000,5.410000,3.320000
1353.239677,4.080000,5.480000,2.980000
1353.239677,3.100000,4.550000,2.590000
1353.239677,2.530000,3.900000,2.030000
1353.239677,1.470000,2.770000,1.720000
1353.335917,0.690000,1.940000,0.500000
1353.335917,0.840000,2.050000,-0.160000
1353.335917,1.440000,3.160000,-0.810000
1353.335917,2.360000,4.710000,-1.620000
1353.335917,2.790000,5.520000,-1.990000
1353.432097,3.110000,6.830000,-2.980000
1353.432097,2.330000,4.940000,-3.620000
1353.432097,1.310000,1.010000,-3.980000
1353.432097,0.680000,-3.000000,-4.030000
1353.432097,0.600000,-5.000000,-3.900000
1353.528297,0.350000,-7.790000,-2.970000
1353.528297,0.220000,-8.380000,-2.790000
1353.528297,-2.110000,-9.580000,-2.500000
1353.528297,-4.460000,-10.000000,-1.930000
1353.528297,-5.030000,-9.990000,-1.530000
1353.624497,-4.660000,-5.340000,-0.910000
1353.624497,-4.280000,-3.530000,-0.970000
1353.624497,-3.630000,-0.460000,-0.990000
1353.624497,-3.680000,1.360000,-0.940000
1353.624497,-3.900000,1.780000,-0.920000
1353.720717,-4.440000,2.020000,-0.730000
1353.720717,-4.040000,2.210000,-0.690000
1353.720717,-3.050000,2.530000,-0.570000
1353.720717,-2.070000,2.860000,-0.230000
1353.720717,-1.620000,2.970000,0.200000
1353.816947,-0.130000,2.200000,1.060000
1353.816947,0.970000,1.310000,1.680000
1353.816947,1.770000,0.700000,1.920000
1353.816947,3.390000,-0.840000,2.170000
1353.816947,4.680000,-2.920000,2.390000
1353.913167,5.800000,-5.430000,2.900000
1353.913167,5.190000,-5.060000,3.270000
1353.913167,5.160000,-4.980000,3.280000
1353.913167,5.660000,-3.400000,2.540000
1353.913167,5.790000,-0.110000,1.400000
1354.009387,5.210000,3.270000,1.690000
1354.009387,4.710000,4.450000,1.980000
1354.009387,4.330000,4.700000,1.820000
1354.009387,3.410000,4.860000,1.290000
1354.009387,2.430000,4.660000,1.080000
1354.105637,1.590000,4.420000,0.760000
1354.105637,1.710000,4.220000,0.310000
1354.105637,1.880000,4.060000,0.230000
1354.105637,2.030000,3.830000,0.530000
1354.105637,1.610000,4.290000,0.490000
1354.201867,0.820000,5.690000,-0.720000
1354.201867,0.260000,4.360000,-1.190000
1354.201867,0.000000,2.850000,-1.220000
1354.201867,-0.040000,0.020000,-1.340000
1354.201867,0.320000,-3.610000,-2.060000
1354.298077,0.610000,-8.890000,-2.360000
1354.298077,0.160000,-8.890000,-1.830000
1354.298077,0.000000,-10.000000,-1.860000
1354.298077,-1.440000,-10.000000,-1.620000
1354.298077,-4.290000,-9.850000,-0.360000
1354.394277,-6.960000,-6.230000,-0.160000
1354.394277,-5.150000,-0.350000,-0.510000
1354.394277,-3.240000,3.090000,-0.830000
1354.394277,-3.240000,4.540000,-0.890000
1354.394277,-3.770000,6.190000,-1.000000
1354.490487,-4.010000,5.120000,-1.440000
1354.490487,-4.020000,3.380000,-1.590000
1354.490487,-3.690000,2.230000,-1.040000
1354.490487,-3.360000,1.840000,-0.640000
1354.490487,-2.290000,1.160000,0.020000
1354.586707,-0.130000,0.350000,0.350000
1354.586707,0.910000,-0.200000,0.520000
1354.586707,1.450000,-0.930000,1.040000
1354.586707,1.620000,-1.370000,1.370000
1354.586707,1.880000,-2.290000,1.910000
1354.682917,2.480000,-3.450000,2.430000
1354.682917,2.920000,-5.360000,3.110000
1354.682917,3.550000,-7.510000,3.370000
1354.682917,4.120000,-7.380000,2.620000
1354.682917,5.000000,-5.220000,2.070000
1354.779147,5.010000,-0.570000,1.450000
1354.779147,4.030000,3.100000,1.940000
1354.779147,2.890000,5.400000,1.890000
1354.779147,2.270000,6.290000,1.940000
1354.779147,2.130000,6.270000,2.050000
1354.875377,1.850000,5.390000,2.020000
1354.875377,1.710000,4.770000,1.610000
1354.875377,1.530000,4.590000,1.130000
1354.875377,1.340000,4.770000,0.780000
1354.875377,1.310000,4.830000,0.800000
1354.971617,0.220000,4.370000,1.020000
1354.971617,-0.310000,3.490000,0.710000
1354.971617,-1.170000,1.170000,-0.140000
1354.971617,-1.550000,-0.620000,-0.450000
1354.971617,-1.690000,-1.730000,-0.610000
1355.067847,-1.580000,-7.500000,-2.450000
1355.067847,-1.750000,-8.750000,-2.920000
1355.067847,-2.190000,-8.180000,-2.890000
1355.067847,-2.350000,-9.910000,-2.670000
1355.067847,-3.420000,-9.420000,-2.530000
1355.164087,-5.610000,-3.510000,-1.960000
1355.164087,-5.080000,-1.600000,-2.100000
1355.164087,-4.300000,1.110000,-2.370000
1355.164087,-4.450000,3.320000,-2.230000
1355.164087,-4.620000,4.440000,-2.170000
1355.260307,-3.980000,4.490000,-2.680000
1355.260307,-3.370000,3.840000,-2.870000
1355.260307,-3.070000,3.470000,-2.720000
1355.260307,-2.170000,2.700000,-1.950000
1355.260307,-0.750000,1.620000,-0.870000
1355.356527,1.430000,-0.510000,0.030000
1355.356527,2.230000,-1.530000,0.340000
1355.356527,2.450000,-1.760000,0.580000
1355.356527,2.540000,-1.800000,1.210000
1355.356527,2.040000,-1.780000,1.820000
1355.452747,1.050000,-2.970000,2.470000
1355.452747,1.640000,-5.400000,2.460000
1355.452747,2.470000,-6.500000,2.240000
1355.452747,5.260000,-5.540000,1.460000
1355.452747,6.680000,-0.720000,1.040000
1355.548957,3.630000,4.980000,1.680000
1355.548957,2.460000,6.460000,2.290000
1355.548957,2.200000,6.560000,2.690000
1355.548957,2.030000,5.130000,3.410000
1355.548957,1.840000,3.710000,3.400000
1355.645187,1.480000,2.800000,2.730000
1355.645187,1.280000,2.750000,2.250000
1355.645187,1.220000,2.790000,1.780000
1355.645187,1.220000,2.780000,1.600000
1355.645187,1.290000,2.590000,1.350000
1355.741427,1.250000,2.290000,1.000000
1355.741427,1.010000,2.060000,0.540000
1355.741427,0.510000,1.560000,0.020000
1355.741427,0.250000,1.050000,-0.180000
1355.741427,-0.290000,-0.570000,-0.740000
1355.837637,-1.650000,-2.420000,-2.630000
1355.837637,-1.740000,-4.250000,-4.500000
1355.837637,-1.280000,-6.950000,-5.360000
1355.837637,-0.850000,-7.880000,-5.360000
1355.837637,-1.060000,-7.510000,-4.690000
1355.933867,-3.170000,-6.590000,-2.920000
1355.933867,-4.050000,-5.090000,-2.550000
1355.933867,-4.690000,-2.460000,-2.580000
1355.933867,-4.750000,-0.790000,-2.600000
1355.933867,-4.410000,1.950000,-2.750000
1356.030077,-3.770000,3.610000,-3.140000
1356.030077,-3.400000,3.160000,-3.040000
1356.030077,-3.070000,2.040000,-2.670000
1356.030077,-2.970000,1.380000,-2.510000
1356.030077,-2.900000,-0.030000,-2.240000
1356.126287,-2.760000,-1.600000,-1.630000
1356.126287,-2.460000,-2.220000,-1.070000
1356.126287,-2.150000,-2.390000,-0.570000
1356.126287,-2.010000,-2.390000,0.010000
1356.126287,-1.700000,-2.180000,0.350000
1356.222517,-0.960000,-1.820000,1.250000
1356.222517,-0.340000,-1.640000,1.720000
1356.222517,0.180000,-1.460000,2.130000
1356.222517,0.640000,-1.230000,2.590000
1356.222517,0.860000,-1.220000,2.850000
1356.318737,1.610000,-1.950000,3.340000
1356.318737,2.130000,-2.120000,3.390000
1356.318737,2.290000,-1.650000,3.420000
1356.318737,2.050000,-1.340000,3.550000
1356.318737,1.870000,-1.360000,3.630000
1356.414907,0.760000,-0.720000,3.620000
1356.414907,0.470000,-0.210000,3.540000
1356.414907,-0.130000,0.840000,3.330000
1356.414907,-0.710000,1.720000,3.010000
1356.414907,-0.980000,1.980000,2.820000
1408.131340,1.600000,-1.230000,2.260000
1408.131340,1.650000,-1.210000,2.420000
1408.131340,0.850000,-1.240000,2.880000
1408.131340,0.090000,-1.120000,3.480000
1408.131340,0.350000,-0.600000,3.710000
1408.227640,2.010000,1.170000,3.470000
1408.227640,2.850000,2.380000,3.240000
1408.227640,2.930000,2.900000,3.120000
1408.227640,2.420000,3.570000,2.970000
1408.227640,1.570000,3.720000,2.960000
1408.323920,0.390000,3.520000,2.730000
1408.323920,-0.260000,3.440000,2.670000
1408.323920,-0.430000,3.410000,2.670000
1408.323920,-0.430000,3.240000,2.570000
1408.323920,-0.390000,2.860000,2.320000
1408.420190,-0.840000,2.020000,1.930000
1408.420190,-1.310000,1.220000,1.650000
1408.420190,-1.490000,0.750000,1.320000
1408.420190,-1.740000,-0.240000,1.080000
1408.420190,-1.890000,-1.230000,0.650000
1408.516440,-1.890000,-2.580000,-0.130000
1408.516440,-1.690000,-3.230000,-0.820000
1408.516440,-1.580000,-3.700000,-1.570000
1408.516440,-1.680000,-3.920000,-1.890000
1408.516440,-2.140000,-4.400000,-2.400000
1408.612720,-3.150000,-5.210000,-2.980000
1408.612720,-3.800000,-5.520000,-3.250000
1408.612720,-4.290000,-5.530000,-3.380000
1408.612720,-4.440000,-5.460000,-3.420000
1408.612720,-4.520000,-5.230000,-3.400000
1408.709000,-4.390000,-5.080000,-3.000000
1408.709000,-4.450000,-6.120000,-2.440000
1408.709000,-4.940000,-8.410000,-1.600000
1408.709000,-5.440000,-9.580000,-1.050000
1408.709000,-5.790000,-10.000000,-0.080000
1408.805290,-4.510000,-10.000000,0.520000
1408.805290,-3.640000,-9.310000,0.510000
1408.805290,-3.580000,-5.380000,0.490000
1408.805290,-3.340000,-3.750000,0.100000
1408.805290,-3.400000,-1.730000,-1.270000
1408.901580,-3.290000,0.810000,-2.100000
1408.901580,-2.840000,1.200000,-2.480000
1408.901580,-2.290000,1.380000,-2.880000
1408.901580,-1.660000,1.530000,-2.980000
1408.901580,-1.390000,1.620000,-3.010000
1408.997860,-0.650000,1.540000,-3.160000
1408.997860,-0.310000,1.130000,-3.070000
1408.997860,-0.150000,0.490000,-2.850000
1408.997860,-0.120000,-0.480000,-2.550000
1408.997860,-0.080000,-1.150000,-2.380000
1409.094150,0.340000,-4.660000,-1.900000
1409.094150,0.880000,-5.470000,-1.820000
1409.094150,1.370000,-6.610000,-1.710000
1409.094150,1.140000,-6.200000,-1.660000
1409.094150,0.790000,-5.110000,-1.600000
1409.190440,0.370000,-2.280000,-2.410000
1409.190440,0.540000,-1.600000,-2.470000
1409.190440,1.070000,-1.080000,-2.500000
1409.190440,1.660000,-0.860000,-2.550000
1409.190440,1.860000,-0.910000,-2.580000
1409.286690,1.710000,-1.480000,-2.300000
1409.286690,1.580000,-1.710000,-2.180000
1409.286690,1.390000,-2.310000,-1.880000
1409.286690,1.300000,-2.940000,-1.530000
1409.286690,1.260000,-3.190000,-1.220000
1409.382950,1.220000,-2.390000,-0.780000
1409.382950,1.280000,-1.580000,-0.500000
1409.382950,1.310000,-1.190000,-0.340000
1409.382950,1.340000,-0.420000,0.060000
1409.382950,1.390000,0.260000,0.510000
1409.479210,1.400000,1.140000,1.220000
1409.479210,1.290000,1.470000,1.770000
1409.479210,1.230000,1.600000,2.020000
1409.479210,1.080000,1.900000,2.380000
1409.479210,0.870000,2.370000,2.620000
1409.575520,0.410000,3.030000,2.860000
1409.575520,0.160000,3.150000,3.030000
1409.575520,0.070000,3.120000,3.100000
1409.575520,-0.050000,3.010000,3.200000
1409.575520,-0.300000,2.770000,3.160000
1409.671790,-1.050000,2.120000,3.040000
1409.671790,-1.500000,1.690000,3.070000
1409.671790,-1.550000,1.490000,3.030000
1409.671790,-1.360000,1.090000,2.860000
1409.671790,-0.980000,0.670000,2.800000
1409.768060,-0.350000,0.330000,2.760000
1409.768060,-0.280000,0.480000,2.550000
1409.768060,-0.330000,0.680000,2.380000
1409.768060,-0.530000,0.680000,2.330000
1409.768060,-0.690000,0.630000,2.200000
1409.864320,-0.650000,0.440000,1.950000
1409.864320,-0.540000,0.330000,1.820000
1409.864320,-0.380000,0.240000,1.610000
1409.864320,-0.290000,0.190000,1.470000
1409.864320,-0.160000,0.050000,1.190000
1409.960610,-0.180000,-0.160000,0.840000
1409.960610,-0.200000,-0.290000,0.550000
1409.960610,-0.090000,-0.460000,0.130000
1409.960610,-0.020000,-0.530000,-0.100000
1409.960610,0.060000,-0.660000,-0.590000
1410.056910,-0.090000,-1.060000,-1.270000
1410.056910,-0.170000,-1.420000,-1.720000
1410.056910,-0.100000,-1.610000,-2.240000
1410.056910,-0.040000,-1.600000,-2.490000
1410.056910,0.050000,-1.470000,-2.930000
1410.153180,0.000000,-1.230000,-3.360000
1410.153180,-0.130000,-1.090000,-3.410000
1410.153180,0.100000,-1.160000,-3.270000
1410.153180,0.350000,-1.180000,-3.150000
1410.153180,0.750000,-0.960000,-2.910000
1410.249460,0.760000,-0.470000,-2.430000
1410.249460,0.560000,-0.400000,-2.080000
1410.249460,0.450000,-0.280000,-1.900000
1410.249460,0.410000,0.450000,-1.710000
1410.249460,0.460000,0.870000,-1.590000
1410.345720,0.820000,1.280000,-1.340000
1410.345720,1.030000,0.710000,-1.200000
1410.345720,1.100000,-0.150000,-1.050000
1410.345720,1.010000,-1.030000,-1.010000
1410.345720,0.900000,-1.410000,-1.040000
1410.442010,0.420000,-2.470000,-0.850000
1410.442010,0.370000,-2.700000,-0.770000
1410.442010,0.310000,-3.040000,-0.660000
1410.442010,0.260000,-3.030000,-0.480000
1410.442010,0.230000,-2.900000,-0.370000
1410.538280,0.100000,-2.140000,0.060000
1410.538280,0.130000,-2.000000,0.200000
1410.538280,0.290000,-1.690000,0.460000
1410.538280,0.490000,-1.260000,0.680000
1410.538280,0.580000,-1.000000,0.760000
1410.634540,0.400000,-0.170000,0.950000
1410.634540,0.310000,-0.110000,0.990000
1410.634540,0.250000,-0.090000,0.980000
1410.634540,0.290000,-0.110000,0.900000
1410.634540,0.430000,0.060000,0.890000
1410.730810,0.650000,0.660000,0.760000
1410.730810,0.570000,1.290000,0.650000
1410.730810,0.340000,1.710000,0.660000
1410.730810,-0.210000,2.450000,0.860000
1410.730810,-0.390000,3.050000,1.050000
1410.827070,0.330000,4.010000,0.980000
1410.827070,0.820000,4.630000,0.770000
1410.827070,0.880000,4.800000,0.600000
1410.827070,0.500000,5.160000,0.070000
1410.827070,-0.270000,5.420000,-0.520000
1410.923340,-1.420000,4.440000,-0.550000
1410.923340,-1.470000,3.260000,-0.240000
1410.923340,-1.180000,2.520000,-0.080000
1410.923340,-0.350000,0.580000,0.190000
1410.923340,0.440000,-1.500000,0.260000
1411.019610,1.080000,-3.070000,0.070000
1411.019610,1.000000,-3.540000,0.080000
1411.019610,0.850000,-3.730000,0.070000
1411.019610,0.350000,-4.050000,0.000000
1411.019610,-0.150000,-3.970000,-0.050000
1411.115910,-0.240000,-4.280000,-0.190000
1411.115910,-0.080000,-4.650000,-0.220000
1411.115910,-0.280000,-4.650000,-0.040000
1411.115910,-0.430000,-4.540000,0.060000
1411.115910,-0.790000,-3.920000,0.100000
1411.212200,-0.770000,-3.240000,0.050000
1411.212200,-0.580000,-2.700000,0.070000
1411.212200,-0.470000,-2.190000,0.090000
1411.212200,-0.450000,-1.990000,0.130000
1411.212200,-0.430000,-1.570000,0.290000
1411.308490,-0.270000,-1.510000,0.610000
1411.308490,-0.190000,-1.450000,0.780000
1411.308490,-0.150000,-1.030000,0.800000
1411.308490,-0.110000,-0.680000,0.740000
1411.308490,0.000000,0.100000,0.600000
1411.404800,0.150000,1.080000,0.650000
1411.404800,0.210000,1.470000,0.700000
1411.404800,0.260000,2.010000,0.600000
1411.404800,0.290000,2.470000,0.470000
1411.404800,0.330000,3.370000,0.150000
1411.501090,0.190000,3.890000,-0.280000
1411.501090,-0.060000,3.280000,-0.390000
1411.501090,-0.380000,2.090000,-0.290000
1411.501090,-0.520000,1.350000,-0.130000
1411.501090,-0.670000,-0.240000,-0.050000
1411.597400,-0.460000,-2.330000,0.010000
1411.597400,-0.430000,-2.410000,0.040000
1411.597400,-0.040000,-2.000000,-0.070000
1411.597400,0.330000,-1.490000,-0.360000
1411.597400,0.490000,-1.220000,-0.490000
1411.693660,0.390000,-0.420000,-0.680000
1411.693660,-0.030000,0.070000,-0.670000
1411.693660,-0.330000,0.550000,-0.610000
1411.693660,-0.140000,1.040000,-0.540000
1411.693660,0.120000,1.330000,-0.520000
1411.789900,0.850000,2.260000,-0.430000
1411.789900,0.780000,2.440000,-0.380000
1411.789900,0.480000,2.550000,-0.240000
1411.789900,0.180000,2.420000,-0.030000
1411.789900,0.110000,2.340000,0.080000
1411.886190,0.320000,2.330000,0.330000
1411.886190,0.390000,2.350000,0.330000
1411.886190,0.430000,2.330000,0.290000
1411.886190,0.320000,2.090000,0.260000
1411.886190,0.230000,1.890000,0.260000
1411.982470,-0.650000,-0.060000,0.720000
1411.982470,-0.810000,-1.380000,0.990000
1411.982470,-0.780000,-1.940000,1.050000
1411.982470,-0.340000,-2.920000,1.030000
1411.982470,-0.010000,-3.140000,0.950000
1495.853685,-1.560000,-0.350000,-2.970000
1495.853685,-1.180000,-0.800000,-3.020000
1495.853685,-0.950000,-1.330000,-2.980000
1495.853685,-0.540000,-2.600000,-2.850000
1495.853685,-0.340000,-3.470000,-2.760000
1495.949905,-0.740000,-3.540000,-2.730000
1495.949905,-1.300000,-3.190000,-2.760000
1495.949905,-1.550000,-3.030000,-2.820000
1495.949905,-1.790000,-2.740000,-2.970000
1495.949905,-1.700000,-2.450000,-3.040000
1496.046125,-1.350000,-2.130000,-3.160000
1496.046125,-1.200000,-1.970000,-3.180000
1496.046125,-1.160000,-1.920000,-3.180000
1496.046125,-1.090000,-1.950000,-3.200000
1496.046125,-1.010000,-2.180000,-3.160000
1496.142355,-0.850000,-2.890000,-2.940000
1496.142355,-0.670000,-3.530000,-2.720000
1496.142355,-0.580000,-3.900000,-2.560000
1496.142355,-0.400000,-4.710000,-2.130000
1496.142355,-0.280000,-5.590000,-1.600000
1496.238545,-0.390000,-6.680000,-0.800000
1496.238545,-0.640000,-6.950000,-0.370000
1496.238545,-0.750000,-6.650000,-0.080000
1496.238545,-0.890000,-6.480000,-0.010000
1496.238545,-0.910000,-5.960000,0.040000
1496.337405,-0.750000,-4.620000,0.000000
1496.337405,-0.670000,-3.400000,-0.110000
1496.337405,-0.650000,-2.150000,-0.200000
1496.337405,-0.620000,-1.660000,-0.240000
1496.337405,-0.490000,-0.730000,-0.360000
1496.433595,-0.460000,-0.620000,-0.380000
1496.433595,-0.460000,-0.450000,-0.410000
1496.433595,-0.510000,-0.400000,-0.410000
1496.433595,-0.560000,-0.550000,-0.410000
1496.433595,-0.550000,-0.740000,-0.410000
1496.529775,-0.480000,-1.660000,-0.290000
1496.529775,-0.400000,-2.430000,-0.270000
1496.529775,-0.370000,-3.110000,-0.230000
1496.529775,-0.440000,-3.590000,-0.200000
1496.529775,-0.520000,-3.730000,-0.190000
1496.625955,-0.760000,-4.130000,-0.240000
1496.625955,-0.790000,-4.140000,-0.280000
1496.625955,-0.830000,-4.010000,-0.370000
1496.625955,-0.890000,-3.710000,-0.450000
1496.625955,-0.910000,-3.620000,-0.490000
1496.722125,-1.050000,-3.600000,-0.570000
1496.722125,-1.100000,-3.470000,-0.560000
1496.722125,-1.170000,-2.960000,-0.570000
1496.722125,-1.180000,-2.460000,-0.640000
1496.722125,-1.160000,-2.290000,-0.660000
1496.818315,-1.150000,-1.840000,-0.580000
1496.818315,-1.150000,-1.740000,-0.560000
1496.818315,-1.120000,-1.650000,-0.500000
1496.818315,-1.030000,-1.730000,-0.380000
1496.818315,-0.990000,-1.840000,-0.160000
1496.914485,-0.830000,-1.870000,0.130000
1496.914485,-0.650000,-1.730000,0.280000
1496.914485,-0.550000,-1.630000,0.380000
1496.914485,-0.310000,-1.400000,0.580000
1496.914485,-0.060000,-1.180000,0.800000
1497.010665,0.310000,-0.800000,1.120000
1497.010665,0.660000,-0.610000,1.290000
1497.010665,0.870000,-0.530000,1.380000
1497.010665,1.340000,-0.410000,1.560000
1497.010665,1.790000,-0.280000,1.710000
1497.106875,2.280000,0.140000,1.880000
1497.106875,2.500000,0.540000,1.940000
1497.106875,2.600000,0.740000,1.950000
1497.106875,2.830000,1.040000,2.010000
1497.106875,3.060000,1.160000,2.120000
1497.203085,3.200000,1.270000,2.290000
1497.203085,3.210000,1.360000,2.390000
1497.203085,3.230000,1.360000,2.460000
1497.203085,3.400000,1.020000,2.600000
1497.203085,3.560000,0.320000,2.650000
1497.299285,3.590000,-0.200000,2.670000
1497.299285,3.700000,-0.060000,2.570000
1497.299285,3.790000,0.090000,2.480000
1497.299285,4.040000,0.410000,2.260000
1497.299285,4.340000,0.580000,2.070000
1497.395485,4.540000,0.420000,1.900000
1497.395485,4.370000,-0.150000,1.770000
1497.395485,3.940000,-0.890000,1.810000
1497.395485,3.710000,-1.150000,1.830000
1497.395485,3.380000,-1.460000,1.750000
1497.491705,3.180000,-2.160000,1.430000
1497.491705,2.990000,-2.740000,1.240000
1497.491705,2.740000,-2.870000,1.030000
1497.491705,2.610000,-2.630000,0.870000
1497.491705,2.500000,-1.910000,0.470000
1497.587935,2.330000,-1.490000,0.070000
1497.587935,2.080000,-1.660000,-0.100000
1497.587935,1.850000,-1.940000,-0.490000
1497.587935,1.730000,-2.060000,-0.690000
1497.587935,1.570000,-2.170000,-1.020000
1497.684175,1.370000,-2.320000,-1.480000
1497.684175,1.190000,-2.180000,-1.660000
1497.684175,0.950000,-1.970000,-1.750000
1497.684175,0.850000,-1.810000,-1.770000
1497.684175,0.590000,-1.350000,-1.730000
1497.780415,0.130000,-0.650000,-1.580000
1497.780415,-0.360000,-1.080000,-0.780000
1497.780415,-0.620000,0.110000,0.290000
1497.780415,-0.740000,1.270000,0.850000
1497.780415,-1.090000,2.970000,1.000000
1497.876655,-1.350000,3.380000,1.790000
1497.876655,-1.350000,2.490000,2.050000
1497.876655,-1.440000,1.380000,2.170000
1497.876655,-1.650000,1.190000,2.340000
1497.876655,-1.760000,1.480000,2.350000
1497.972855,-2.300000,2.440000,2.300000
1497.972855,-2.660000,2.750000,2.250000
1497.972855,-2.870000,2.670000,2.120000
1497.972855,-2.950000,2.480000,2.020000
1497.972855,-3.010000,2.480000,1.940000
1498.069075,-3.400000,2.600000,1.570000
1498.069075,-3.450000,2.570000,1.490000
1498.069075,-3.540000,2.530000,1.290000
1498.069075,-3.630000,2.420000,1.130000
1498.069075,-3.660000,2.330000,1.070000
1498.165255,-3.880000,2.210000,0.650000
1498.165255,-3.970000,2.160000,0.510000
1498.165255,-4.170000,1.960000,0.240000
1498.165255,-4.340000,1.560000,-0.020000
1498.165255,-4.380000,1.260000,-0.190000
1498.261445,-4.030000,0.000000,-0.980000
1498.261445,-3.900000,-0.230000,-1.120000
1498.261445,-3.760000,-0.620000,-1.200000
1498.261445,-3.600000,-1.000000,-1.200000
1498.261445,-3.520000,-1.300000,-1.240000
1498.357665,-3.710000,-0.490000,-0.800000
1498.357665,-4.020000,1.100000,-0.750000
1498.357665,-4.120000,1.580000,-0.840000
1498.357665,-4.080000,1.820000,-0.970000
1498.357665,-3.900000,1.160000,-1.030000
1498.453875,-4.000000,0.190000,-1.080000
1498.453875,-4.060000,-0.280000,-1.150000
1498.453875,-4.010000,-0.640000,-1.180000
1498.453875,-3.870000,-1.560000,-1.210000
1498.453875,-3.820000,-2.330000,-1.120000
1498.550085,-3.870000,-1.980000,-1.200000
1498.550085,-3.560000,-1.040000,-1.580000
1498.550085,-3.310000,-0.660000,-1.800000
1498.550085,-2.900000,-0.220000,-2.080000
1498.550085,-2.700000,-0.270000,-2.230000
1498.646305,-2.960000,-0.870000,-2.230000
1498.646305,-3.220000,-1.360000,-2.240000
1498.646305,-3.310000,-1.540000,-2.240000
1498.646305,-3.310000,-1.730000,-2.150000
1498.646305,-3.090000,-1.830000,-2.100000
1498.742515,-2.720000,-1.870000,-2.040000
1498.742515,-2.450000,-1.970000,-1.980000
1498.742515,-2.330000,-2.050000,-1.980000
1498.742515,-2.240000,-2.040000,-1.960000
1498.742515,-2.260000,-1.810000,-1.870000
1498.838745,-1.990000,-1.520000,-1.860000
1498.838745,-1.620000,-1.630000,-1.890000
1498.838745,-1.420000,-1.470000,-1.800000
1498.838745,-1.450000,-1.330000,-1.730000
1498.838745,-1.470000,-1.320000,-1.610000
1498.934955,-1.330000,-1.340000,-1.340000
1498.934955,-1.040000,-0.760000,-1.080000
1498.934955,-0.550000,-0.100000,-0.780000
1498.934955,-0.220000,0.030000,-0.580000
1498.934955,0.360000,0.180000,-0.100000
1499.031165,0.830000,0.670000,0.410000
1499.031165,0.980000,1.130000,0.730000
1499.031165,1.190000,1.580000,1.050000
1499.031165,1.340000,1.780000,1.170000
1499.031165,1.680000,2.110000,1.350000
1499.127375,1.990000,2.150000,1.600000
1499.127375,1.960000,1.910000,1.760000
1499.127375,1.840000,1.720000,1.860000
1499.127375,1.810000,1.700000,1.880000
1499.127375,1.880000,1.830000,1.910000
1499.223615,2.280000,2.400000,1.790000
1499.223615,2.480000,2.710000,1.730000
1499.223615,2.470000,2.760000,1.810000
1499.223615,2.420000,2.700000,1.860000
1499.223615,2.360000,2.330000,1.890000
1499.319815,2.550000,1.790000,1.940000
1499.319815,2.900000,1.620000,1.940000
1499.319815,3.210000,1.650000,1.880000
1499.319815,3.300000,1.850000,1.850000
1499.319815,3.300000,1.880000,1.840000
1499.416025,3.480000,1.730000,1.690000
1499.416025,3.790000,1.620000,1.590000
1499.416025,4.050000,1.660000,1.560000
1499.416025,4.190000,1.890000,1.570000
1499.416025,4.250000,2.040000,1.570000
1499.512245,4.520000,2.600000,1.500000
1499.512245,4.730000,2.660000,1.480000
1499.512245,4.860000,2.630000,1.540000
1499.512245,4.880000,2.480000,1.690000
1499.512245,4.850000,2.360000,1.710000
1499.608435,4.940000,2.040000,1.680000
1499.608435,5.010000,1.990000,1.680000
1499.608435,5.170000,1.920000,1.640000
1499.608435,5.290000,1.910000,1.590000
1499.608435,5.300000,1.850000,1.560000
1499.704655,5.150000,1.860000,1.440000
1499.704655,5.110000,1.810000,1.440000
1499.704655,4.950000,1.620000,1.550000
1499.704655,4.710000,1.260000,1.660000
1499.704655,4.550000,1.020000,1.660000
1612.936001,0.520000,-0.250000,0.270000
1612.936001,0.450000,-0.510000,0.260000
1612.936001,0.510000,-0.780000,0.290000
1612.936001,0.510000,-0.620000,0.360000
1612.936001,0.410000,-0.440000,0.390000
1613.032261,-0.490000,0.040000,0.460000
1613.032261,-0.650000,0.080000,0.480000
1613.032261,-0.860000,0.130000,0.470000
1613.032261,-1.210000,0.330000,0.500000
1613.032261,-1.500000,0.500000,0.530000
1613.128481,-2.400000,1.230000,0.550000
1613.128481,-2.500000,1.350000,0.540000
1613.128481,-2.850000,1.520000,0.530000
1613.128481,-3.410000,1.530000,0.640000
1613.128481,-3.720000,1.580000,0.700000
1613.224691,-4.530000,2.250000,0.490000
1613.224691,-4.650000,2.410000,0.370000
1613.224691,-4.960000,2.410000,0.090000
1613.224691,-5.230000,1.960000,-0.140000
1613.224691,-5.360000,1.660000,-0.470000
1613.320921,-5.790000,1.560000,-1.060000
1613.320921,-5.650000,1.000000,-1.210000
1613.320921,-5.440000,0.550000,-1.210000
1613.320921,-5.330000,-0.170000,-1.410000
1613.320921,-5.830000,-0.100000,-1.810000
1613.417201,-6.650000,0.290000,-2.260000
1613.417201,-6.280000,-0.230000,-2.330000
1613.417201,-5.960000,-0.670000,-2.400000
1613.417201,-5.800000,-1.180000,-2.730000
1613.417201,-6.300000,-0.890000,-2.940000
1613.513461,-6.820000,0.020000,-3.170000
1613.513461,-6.100000,-0.240000,-3.510000
1613.513461,-5.930000,-0.730000,-3.730000
1613.513461,-6.370000,-2.890000,-3.710000
1613.513461,-7.580000,-5.210000,-2.760000
1613.609711,-6.470000,-6.840000,-1.780000
1613.609711,-5.470000,-5.670000,-1.160000
1613.609711,-5.180000,-4.420000,-0.860000
1613.609711,-4.520000,-2.000000,-0.900000
1613.609711,-4.050000,-0.540000,-1.470000
1613.705951,-3.900000,0.680000,-1.780000
1613.705951,-3.820000,0.660000,-2.240000
1613.705951,-3.740000,0.600000,-2.400000
1613.705951,-3.510000,0.360000,-2.300000
1613.705951,-3.150000,-0.320000,-2.140000
1613.802201,-2.330000,-2.530000,-2.330000
1613.802201,-1.830000,-3.860000,-2.150000
1613.802201,-1.450000,-4.430000,-1.840000
1613.802201,-1.340000,-4.470000,-1.760000
1613.802201,-1.690000,-3.600000,-1.690000
1613.898441,-1.800000,-1.980000,-1.940000
1613.898441,-1.530000,-1.510000,-2.130000
1613.898441,-1.000000,-1.300000,-1.970000
1613.898441,-0.730000,-1.350000,-1.900000
1613.898441,-0.200000,-1.350000,-1.830000
1613.994711,0.290000,-0.930000,-1.640000
1613.994711,0.470000,-0.890000,-1.480000
1613.994711,0.550000,-0.950000,-1.290000
1613.994711,0.580000,-0.930000,-1.180000
1613.994711,0.680000,-0.630000,-0.950000
1614.090951,1.070000,0.290000,-0.640000
1614.090951,1.410000,0.890000,-0.450000
1614.090951,1.720000,1.160000,-0.190000
1614.090951,1.800000,1.400000,0.000000
1614.090951,1.830000,1.760000,0.370000
1614.187221,1.270000,4.590000,0.350000
1614.187221,1.900000,3.610000,0.490000
1614.187221,1.860000,3.900000,0.980000
1614.187221,1.980000,3.950000,0.890000
1614.187221,1.890000,4.360000,0.790000
1614.283491,1.290000,3.510000,1.060000
1614.283491,0.670000,2.780000,1.560000
1614.283491,0.010000,2.970000,1.730000
1614.283491,0.170000,2.680000,1.360000
1614.283491,0.290000,2.670000,1.410000
1614.379691,0.590000,2.530000,1.450000
1614.379691,0.550000,2.390000,1.380000
1614.379691,0.250000,2.130000,1.370000
1614.379691,-0.100000,1.840000,1.330000
1614.379691,-0.220000,1.590000,1.280000
1614.475881,-0.110000,0.730000,1.110000
1614.475881,-0.010000,0.660000,1.030000
1614.475881,0.160000,0.870000,0.870000
1614.475881,0.310000,1.260000,0.770000
1614.475881,0.380000,1.440000,0.750000
1614.572091,0.850000,2.120000,0.900000
1614.572091,0.950000,2.290000,0.960000
1614.572091,1.030000,2.610000,1.080000
1614.572091,1.020000,2.810000,1.180000
1614.572091,0.990000,2.820000,1.190000
1614.668311,0.770000,2.410000,0.890000
1614.668311,0.720000,1.720000,0.660000
1614.668311,0.640000,1.370000,0.560000
1614.668311,0.620000,0.610000,0.410000
1614.668311,0.560000,0.070000,0.240000
1614.764481,0.440000,-0.080000,-0.080000
1614.764481,0.430000,0.070000,-0.340000
1614.764481,0.440000,0.170000,-0.460000
1614.764481,0.480000,0.340000,-0.670000
1614.764481,0.420000,0.430000,-0.850000
1614.860691,0.160000,0.380000,-1.080000
1614.860691,0.020000,0.240000,-1.230000
1614.860691,0.000000,0.260000,-1.330000
1614.860691,0.010000,0.070000,-1.480000
1614.860691,0.000000,-0.040000,-1.580000
1614.956891,-0.130000,-0.310000,-1.660000
1614.956891,-0.270000,-0.460000,-1.650000
1614.956891,-0.330000,-0.540000,-1.640000
1614.956891,-0.410000,-0.680000,-1.610000
1614.956891,-0.410000,-0.750000,-1.540000
1615.055701,-0.370000,-0.840000,-1.410000
1615.055701,-0.380000,-0.900000,-1.290000
1615.055701,-0.390000,-0.920000,-1.230000
1615.055701,-0.380000,-0.980000,-1.100000
1615.055701,-0.350000,-1.040000,-0.970000
1615.154541,-0.260000,-1.080000,-0.770000
1615.154541,-0.180000,-1.050000,-0.660000
1615.154541,-0.100000,-0.960000,-0.570000
1615.154541,-0.050000,-0.890000,-0.530000
1615.154541,0.010000,-0.740000,-0.430000
1615.250671,0.070000,-0.540000,-0.270000
1615.250671,0.140000,-0.420000,-0.160000
1615.250671,0.280000,-0.240000,-0.060000
1615.250671,0.400000,-0.040000,0.030000
1615.250671,0.440000,0.000000,0.100000
1615.346811,0.560000,-0.130000,0.350000
1615.346811,0.600000,-0.180000,0.410000
1615.346811,0.620000,-0.230000,0.430000
1615.346811,0.560000,-0.220000,0.480000
1615.346811,0.510000,-0.210000,0.530000
1615.442951,0.590000,-0.110000,0.570000
1615.442951,0.720000,0.000000,0.560000
1615.442951,0.770000,0.060000,0.550000
1615.442951,0.770000,0.190000,0.570000
1615.442951,0.630000,0.210000,0.640000
1615.539091,0.200000,-0.040000,0.870000
1615.539091,-0.030000,-0.340000,1.090000
1615.539091,-0.070000,-0.480000,1.170000
1615.539091,0.030000,-0.590000,1.240000
1615.539091,0.330000,-0.400000,1.160000
1615.635241,0.610000,0.180000,0.850000
1615.635241,0.440000,0.480000,0.720000
1615.635241,0.250000,0.510000,0.690000
1615.635241,-0.210000,0.310000,0.680000
1615.635241,-0.570000,-0.030000,0.760000
1615.731391,-0.340000,-0.480000,0.810000
1615.731391,0.050000,-0.470000,0.720000
1615.731391,0.190000,-0.390000,0.680000
1615.731391,0.220000,-0.220000,0.600000
1615.731391,0.000000,-0.170000,0.540000
1615.827511,-0.260000,-0.260000,0.350000
1615.827511,-0.250000,-0.240000,0.150000
1615.827511,-0.220000,-0.210000,0.040000
1615.827511,-0.160000,-0.150000,-0.130000
1615.827511,-0.130000,-0.150000,-0.290000
1615.923631,-0.190000,-0.310000,-0.530000
1615.923631,-0.270000,-0.440000,-0.650000
1615.923631,-0.280000,-0.530000,-0.780000
1615.923631,-0.240000,-0.530000,-0.860000
1615.923631,-0.150000,-0.490000,-1.000000
1616.019761,-0.130000,-0.460000,-1.110000
1616.019761,-0.230000,-0.500000,-1.120000
1616.019761,-0.290000,-0.610000,-1.100000
1616.019761,-0.300000,-0.670000,-1.090000
1616.019761,-0.280000,-0.780000,-1.060000
1616.115901,-0.340000,-0.910000,-0.940000
1616.115901,-0.420000,-1.010000,-0.830000
1616.115901,-0.450000,-1.090000,-0.730000
1616.115901,-0.420000,-1.120000,-0.690000
1616.115901,-0.260000,-1.130000,-0.660000
1616.212041,-0.110000,-1.140000,-0.690000
1616.212041,-0.340000,-1.320000,-0.650000
1616.212041,-0.690000,-1.620000,-0.560000
1616.212041,-0.810000,-1.740000,-0.520000
1616.212041,-0.900000,-1.770000,-0.450000
1616.308201,-0.780000,-1.000000,-0.290000
1616.308201,-0.530000,-0.140000,-0.060000
1616.308201,0.040000,0.760000,0.230000
1616.308201,0.470000,1.120000,0.350000
1616.308201,1.260000,1.610000,0.530000
1616.404341,1.240000,1.810000,1.100000
1616.404341,0.560000,1.250000,1.530000
1616.404341,-0.130000,0.300000,1.740000
1616.404341,-0.390000,-0.600000,2.000000
1616.404341,-0.480000,-0.750000,2.080000
1616.500471,0.170000,-0.590000,1.790000
1616.500471,0.600000,-0.110000,1.570000
1616.500471,0.680000,0.090000,1.370000
1616.500471,0.390000,0.090000,1.190000
1616.500471,0.180000,0.020000,1.120000
1616.596601,-0.210000,0.050000,0.830000
1616.596601,-0.100000,0.120000,0.520000
1616.596601,0.150000,0.170000,0.230000
1616.596601,0.340000,0.100000,-0.020000
1616.596601,0.370000,0.020000,-0.140000
1616.692731,0.140000,-0.550000,-0.530000
1616.692731,0.070000,-0.650000,-0.610000
1616.692731,0.030000,-0.720000,-0.790000
1616.692731,0.120000,-0.630000,-1.000000
1616.692731,0.190000,-0.570000,-1.120000
1616.788861,0.240000,-0.530000,-1.440000
1616.788861,0.180000,-0.570000,-1.470000
1616.788861,0.050000,-0.760000,-1.500000
1616.788861,-0.040000,-0.980000,-1.490000
1616.788861,-0.050000,-1.060000,-1.480000
