0.096300,0.000000,-0.050000,0.000000
0.096300,0.000000,-0.050000,0.000000
0.096300,0.000000,-0.050000,0.000000
0.096300,0.000000,-0.050000,0.000000
0.096300,0.000000,-0.050000,0.000000
0.192590,0.000000,-0.060000,0.000000
0.192590,0.000000,-0.070000,0.000000
0.192590,0.000000,-0.060000,0.000000
0.192590,0.000000,-0.060000,0.000000
0.192590,0.000000,-0.060000,0.000000
0.288870,0.000000,-0.060000,0.000000
0.288870,0.000000,-0.060000,0.000000
0.288870,0.000000,-0.060000,0.000000
0.288870,0.000000,-0.050000,0.000000
0.288870,-0.010000,-0.060000,0.000000
0.385150,-0.020000,-0.050000,0.000000
0.385150,-0.020000,-0.050000,0.000000
0.385150,-0.020000,-0.040000,0.000000
0.385150,-0.020000,-0.030000,0.000000
0.385150,-0.020000,-0.030000,0.000000
0.481430,-0.010000,-0.030000,0.000000
0.481430,-0.010000,-0.040000,0.000000
0.481430,-0.010000,-0.050000,0.000000
0.481430,0.000000,-0.050000,0.000000
0.481430,0.000000,-0.050000,0.000000
0.577720,0.000000,-0.050000,0.010000
0.577720,0.000000,-0.040000,0.000000
0.577720,0.000000,-0.050000,0.010000
0.577720,0.000000,-0.060000,0.010000
0.577720,0.000000,-0.050000,0.000000
0.673990,0.000000,-0.040000,0.000000
0.673990,0.000000,-0.040000,0.000000
0.673990,0.000000,-0.040000,0.000000
0.673990,0.000000,-0.040000,0.000000
0.673990,0.000000,-0.030000,0.000000
0.770290,0.000000,-0.030000,0.010000
0.770290,0.000000,-0.030000,0.010000
0.770290,0.000000,-0.030000,0.010000
0.770290,0.000000,-0.040000,0.010000
0.770290,0.010000,-0.040000,0.010000
0.866600,0.020000,-0.030000,0.010000
0.866600,0.020000,-0.040000,0.010000
0.866600,0.020000,-0.040000,0.010000
0.866600,0.020000,-0.050000,0.010000
0.866600,0.020000,-0.050000,0.010000
0.962930,0.020000,-0.050000,0.010000
0.962930,0.020000,-0.060000,0.010000
0.962930,0.020000,-0.060000,0.010000
0.962930,0.030000,-0.050000,0.010000
0.962930,0.020000,-0.060000,0.010000
1.059270,0.020000,-0.040000,0.010000
1.059270,0.020000,-0.040000,0.010000
1.059270,0.030000,-0.040000,0.010000
1.059270,0.030000,-0.050000,0.010000
1.059270,0.030000,-0.060000,0.020000
1.155590,0.030000,-0.060000,0.020000
1.155590,0.020000,-0.060000,0.020000
1.155590,0.020000,-0.060000,0.020000
1.155590,0.020000,-0.060000,0.020000
1.155590,0.020000,-0.060000,0.020000
1.251920,0.020000,-0.060000,0.010000
1.251920,0.010000,-0.070000,0.010000
1.251920,0.010000,-0.070000,0.010000
1.251920,0.000000,-0.070000,0.010000
1.251920,0.000000,-0.060000,0.010000
1.348260,0.000000,-0.050000,0.000000
1.348260,0.000000,-0.060000,0.000000
1.348260,0.000000,-0.060000,0.000000
1.348260,0.000000,-0.070000,0.010000
1.348260,0.000000,-0.060000,0.010000
1.444580,0.000000,-0.030000,0.000000
1.444580,0.000000,-0.040000,0.000000
1.444580,0.000000,-0.040000,0.000000
1.444580,0.000000,-0.040000,0.000000
1.444580,0.000000,-0.040000,0.000000
1.540880,0.000000,-0.020000,0.000000
1.540880,-0.010000,-0.020000,0.000000
1.540880,-0.010000,-0.020000,0.000000
1.540880,0.000000,-0.020000,0.000000
1.540880,0.000000,-0.030000,0.000000
1.637210,0.000000,-0.070000,0.010000
1.637210,0.000000,-0.080000,0.010000
1.637210,0.000000,-0.060000,0.010000
1.637210,0.010000,-0.040000,0.000000
1.637210,0.010000,-0.010000,0.010000
1.733520,0.020000,-0.050000,0.010000
1.733520,0.030000,-0.060000,0.010000
1.733520,0.030000,-0.050000,0.010000
1.733520,0.020000,-0.050000,0.010000
1.733520,0.020000,-0.050000,0.010000
1.829840,0.020000,-0.070000,0.010000
1.829840,0.020000,-0.060000,0.010000
1.829840,0.010000,-0.060000,0.010000
1.829840,0.020000,-0.050000,0.010000
1.829840,0.020000,-0.050000,0.000000
1.926150,0.010000,-0.050000,0.000000
1.926150,0.010000,-0.050000,0.000000
1.926150,0.010000,-0.050000,0.000000
1.926150,0.010000,-0.070000,0.000000
1.926150,0.000000,-0.070000,0.000000
2.022470,0.000000,-0.070000,0.000000
2.022470,0.000000,-0.060000,0.000000
2.022470,0.000000,-0.070000,0.000000
2.022470,-0.010000,-0.080000,0.000000
2.022470,-0.010000,-0.080000,0.000000
2.118800,-0.010000,-0.070000,0.000000
2.118800,-0.010000,-0.080000,0.000000
2.118800,0.000000,-0.060000,0.000000
2.118800,0.000000,-0.060000,0.000000
2.118800,-0.010000,-0.070000,0.000000
2.215110,-0.010000,-0.060000,0.000000
2.215110,0.000000,-0.050000,0.000000
2.215110,0.000000,-0.050000,0.000000
2.215110,0.000000,-0.050000,0.000000
2.215110,0.000000,-0.080000,0.000000
2.311430,0.000000,-0.060000,0.000000
2.311430,0.000000,-0.050000,0.000000
2.311430,0.000000,-0.040000,0.000000
2.311430,0.000000,-0.040000,0.000000
2.311430,0.010000,-0.060000,0.000000
2.407750,0.000000,-0.080000,0.010000
2.407750,0.010000,-0.070000,0.010000
2.407750,0.010000,-0.070000,0.010000
2.407750,0.000000,-0.050000,0.010000
2.407750,0.000000,-0.050000,0.010000
2.504080,0.010000,-0.070000,0.010000
2.504080,0.010000,-0.070000,0.010000
2.504080,0.010000,-0.070000,0.010000
2.504080,0.010000,-0.060000,0.010000
2.504080,0.020000,-0.030000,0.000000
2.600390,0.000000,-0.050000,0.010000
2.600390,0.000000,-0.030000,0.010000
2.600390,0.010000,-0.010000,0.000000
2.600390,0.020000,-0.010000,0.000000
2.600390,0.000000,-0.040000,0.020000
2.696660,0.000000,-0.020000,0.020000
2.696660,0.010000,-0.030000,0.000000
2.696660,0.010000,-0.010000,0.010000
2.696660,0.000000,-0.040000,0.010000
2.696660,0.010000,-0.040000,0.010000
2.792960,0.010000,-0.030000,0.020000
2.792960,0.020000,-0.030000,0.020000
2.792960,0.010000,-0.040000,0.020000
2.792960,0.010000,-0.050000,0.010000
2.792960,0.010000,-0.050000,0.010000
2.889250,0.000000,-0.060000,0.010000
2.889250,0.000000,-0.040000,0.010000
2.889250,0.000000,-0.040000,0.010000
2.889250,0.000000,-0.030000,0.010000
2.889250,0.000000,-0.030000,0.010000
2.985540,0.000000,-0.050000,0.010000
2.985540,0.000000,-0.050000,0.010000
2.985540,0.000000,-0.040000,0.010000
2.985540,0.000000,-0.030000,0.010000
2.985540,0.020000,-0.010000,0.010000
3.081830,0.020000,-0.060000,0.010000
3.081830,0.030000,-0.060000,0.010000
3.081830,0.030000,-0.050000,0.010000
3.081830,0.020000,-0.040000,0.010000
3.081830,0.040000,-0.020000,0.010000
3.178130,0.020000,-0.050000,0.000000
3.178130,0.020000,-0.050000,0.000000
3.178130,0.020000,-0.050000,0.000000
3.178130,0.020000,-0.040000,0.000000
3.178130,0.020000,-0.040000,0.000000
3.274420,0.020000,-0.050000,0.010000
3.274420,0.020000,-0.040000,0.000000
3.274420,0.030000,-0.040000,0.000000
3.274420,0.010000,-0.030000,0.010000
3.274420,0.010000,-0.050000,0.010000
3.370700,0.020000,-0.040000,0.010000
3.370700,0.020000,-0.070000,0.010000
3.370700,0.030000,-0.060000,0.000000
3.370700,0.030000,-0.040000,0.010000
3.370700,0.030000,-0.030000,0.010000
3.466990,0.010000,-0.030000,0.010000
3.466990,0.010000,-0.050000,0.020000
3.466990,0.000000,-0.060000,0.020000
3.466990,0.020000,-0.020000,0.020000
3.466990,0.020000,-0.020000,0.020000
3.563300,0.020000,-0.070000,0.010000
3.563300,0.020000,-0.070000,0.010000
3.563300,0.020000,-0.050000,0.010000
3.563300,0.020000,-0.030000,0.010000
3.563300,0.020000,-0.030000,0.010000
3.659600,0.020000,-0.060000,0.010000
3.659600,0.020000,-0.050000,0.010000
3.659600,0.020000,-0.040000,0.010000
3.659600,0.030000,-0.030000,0.010000
3.659600,0.020000,-0.040000,0.010000
3.758550,0.030000,-0.020000,0.010000
3.758550,0.040000,-0.020000,0.010000
3.758550,0.030000,-0.030000,0.010000
3.758550,0.030000,-0.050000,0.010000
3.758550,0.030000,-0.050000,0.010000
3.854820,0.040000,-0.040000,0.020000
3.854820,0.040000,-0.040000,0.020000
3.854820,0.040000,-0.050000,0.020000
3.854820,0.030000,-0.060000,0.020000
3.854820,0.030000,-0.060000,0.020000
3.951070,0.030000,-0.050000,0.020000
3.951070,0.030000,-0.040000,0.020000
3.951070,0.030000,-0.040000,0.010000
3.951070,0.030000,-0.040000,0.020000
3.951070,0.030000,-0.040000,0.020000
113.728606,-0.650000,0.100000,0.120000
113.728606,-0.940000,0.070000,0.150000
113.728606,-1.020000,0.070000,0.140000
113.728606,-1.080000,0.060000,0.120000
113.728606,-1.110000,-0.020000,0.090000
113.824946,-1.150000,-0.110000,0.070000
113.824946,-1.090000,-0.110000,0.030000
113.824946,-1.070000,-0.120000,0.020000
113.824946,-1.040000,-0.200000,0.000000
113.824946,-0.800000,-0.160000,-0.020000
113.921316,-0.580000,-0.130000,0.030000
113.921316,-0.420000,-0.040000,0.040000
113.921316,-0.360000,-0.020000,0.040000
113.921316,-0.330000,-0.090000,0.100000
113.921316,-0.320000,-0.110000,0.160000
114.017666,-0.160000,-0.020000,0.150000
114.017666,-0.100000,-0.010000,0.100000
114.017666,-0.120000,-0.040000,0.100000
114.017666,-0.130000,-0.070000,0.100000
114.017666,-0.100000,-0.100000,0.080000
114.114036,0.010000,-0.200000,0.050000
114.114036,0.130000,-0.160000,0.020000
114.114036,0.180000,-0.130000,0.010000
114.114036,0.280000,-0.100000,0.000000
114.114036,0.350000,-0.060000,0.010000
114.210436,0.440000,0.050000,0.040000
114.210436,0.330000,-0.060000,0.060000
114.210436,0.360000,-0.130000,0.050000
114.210436,0.400000,-0.180000,0.020000
114.210436,0.440000,-0.250000,0.000000
114.309446,0.490000,-0.190000,-0.040000
114.309446,0.470000,-0.190000,-0.060000
114.309446,0.550000,-0.130000,-0.080000
114.309446,0.670000,-0.100000,-0.110000
114.309446,0.820000,-0.030000,-0.130000
114.405766,0.820000,-0.060000,-0.130000
114.405766,0.840000,-0.100000,-0.150000
114.405766,0.930000,-0.100000,-0.140000
114.405766,0.910000,-0.080000,-0.140000
114.405766,1.010000,-0.050000,-0.130000
114.502046,1.090000,-0.020000,-0.130000
114.502046,1.130000,-0.010000,-0.160000
114.502046,1.120000,-0.050000,-0.180000
114.502046,1.060000,-0.080000,-0.160000
114.502046,0.980000,-0.180000,-0.110000
114.598346,0.880000,-0.250000,-0.110000
114.598346,0.810000,-0.160000,-0.130000
114.598346,0.740000,-0.120000,-0.080000
114.598346,0.600000,-0.090000,-0.070000
114.598346,0.520000,-0.150000,-0.090000
114.694636,0.140000,-0.290000,-0.080000
114.694636,-0.090000,-0.350000,-0.060000
114.694636,-0.180000,-0.300000,-0.070000
114.694636,-0.290000,-0.180000,-0.060000
114.694636,-0.410000,-0.100000,-0.020000
114.790946,-0.570000,-0.070000,0.000000
114.790946,-0.650000,-0.100000,0.010000
114.790946,-0.680000,-0.070000,0.020000
114.790946,-0.760000,-0.080000,0.040000
114.790946,-0.840000,-0.080000,0.060000
114.887286,-0.800000,0.000000,0.050000
114.887286,-0.800000,0.000000,0.090000
114.887286,-0.780000,0.000000,0.110000
114.887286,-0.730000,0.030000,0.110000
114.887286,-0.630000,0.100000,0.070000
114.983636,-0.450000,0.120000,0.040000
114.983636,-0.330000,0.110000,0.070000
114.983636,-0.290000,0.120000,0.080000
114.983636,-0.240000,0.120000,0.080000
114.983636,-0.190000,0.070000,0.060000
115.079976,-0.150000,0.000000,0.060000
115.079976,-0.090000,-0.050000,0.090000
115.079976,-0.070000,-0.100000,0.110000
115.079976,-0.030000,-0.100000,0.090000
115.079976,-0.020000,-0.090000,0.070000
115.176306,0.020000,-0.100000,0.060000
115.176306,0.010000,-0.120000,0.060000
115.176306,0.000000,-0.120000,0.070000
115.176306,0.010000,-0.040000,0.090000
115.176306,0.000000,-0.010000,0.100000
115.272616,0.040000,-0.020000,0.090000
115.272616,0.150000,0.020000,0.070000
115.272616,0.200000,0.040000,0.060000
115.272616,0.280000,0.020000,0.060000
115.272616,0.290000,-0.020000,0.060000
115.364906,0.500000,0.010000,-0.010000
115.364906,0.620000,0.000000,-0.030000
115.364906,0.630000,-0.020000,-0.020000
115.364906,0.620000,-0.020000,0.000000
115.364906,0.570000,-0.030000,-0.010000
115.461176,0.560000,-0.130000,-0.040000
115.461176,0.660000,-0.120000,-0.090000
115.461176,0.680000,-0.110000,-0.100000
115.461176,0.640000,-0.080000,-0.090000
115.461176,0.620000,-0.080000,-0.090000
115.557436,0.650000,-0.300000,-0.090000
115.557436,0.690000,-0.330000,-0.110000
115.557436,0.620000,-0.320000,-0.100000
115.557436,0.460000,-0.330000,-0.080000
115.557436,0.450000,-0.300000,-0.080000
115.653686,0.490000,-0.230000,-0.080000
115.653686,0.460000,-0.240000,-0.070000
115.653686,0.360000,-0.220000,-0.050000
115.653686,0.240000,-0.150000,-0.050000
115.653686,0.200000,-0.070000,-0.060000
115.749946,0.130000,0.000000,-0.060000
115.749946,0.100000,-0.040000,-0.060000
115.749946,0.000000,-0.030000,-0.050000
115.749946,-0.020000,-0.100000,-0.040000
115.749946,-0.010000,-0.140000,-0.040000
115.846236,-0.090000,-0.200000,-0.080000
115.846236,-0.200000,-0.160000,-0.090000
115.846236,-0.290000,-0.140000,-0.090000
115.846236,-0.350000,-0.180000,-0.090000
115.846236,-0.380000,-0.210000,-0.120000
115.942466,-0.420000,-0.200000,-0.180000
115.942466,-0.740000,-0.240000,-0.200000
115.942466,-0.340000,0.080000,-0.470000
115.942466,0.010000,0.140000,-0.660000
115.942466,0.060000,0.120000,-0.710000
116.041446,0.070000,0.290000,-0.930000
116.041446,0.300000,0.270000,-0.950000
116.041446,0.480000,-0.120000,-0.810000
116.041446,0.450000,-0.190000,-0.750000
116.041446,0.020000,-0.680000,-0.440000
116.137706,-0.040000,-0.790000,-0.370000
116.137706,0.070000,-0.880000,-0.310000
116.137706,0.180000,-0.920000,-0.280000
116.137706,0.340000,-0.840000,-0.200000
116.137706,0.480000,-0.410000,-0.110000
116.233976,0.730000,0.150000,0.020000
116.233976,0.920000,0.190000,0.030000
116.233976,0.990000,0.240000,0.000000
116.233976,0.960000,0.300000,0.000000
116.233976,0.800000,0.260000,0.080000
116.330256,0.680000,0.330000,0.120000
116.330256,0.580000,0.230000,0.100000
116.330256,0.540000,0.220000,0.100000
116.330256,0.480000,-0.010000,0.070000
116.330256,0.450000,-0.180000,0.070000
116.426486,0.600000,-0.220000,0.050000
116.426486,0.630000,-0.200000,0.100000
116.426486,0.620000,-0.220000,0.170000
116.426486,0.690000,0.250000,0.090000
116.426486,0.690000,0.430000,0.090000
116.522736,0.390000,-0.080000,0.060000
116.522736,0.290000,-0.180000,0.040000
116.522736,0.180000,-0.090000,0.020000
116.522736,0.160000,0.010000,0.010000
116.522736,0.180000,0.090000,0.000000
116.618996,0.120000,0.240000,0.000000
116.618996,0.000000,0.150000,0.010000
116.618996,-0.280000,-0.020000,0.120000
116.618996,-0.540000,-0.010000,0.220000
116.618996,-0.650000,0.030000,0.260000
116.715236,-1.250000,0.020000,0.370000
116.715236,-1.240000,0.020000,0.370000
116.715236,-1.050000,0.080000,0.360000
116.715236,-1.050000,0.020000,0.430000
116.715236,-1.090000,0.000000,0.460000
116.811476,-0.780000,0.160000,0.400000
116.811476,-0.710000,0.170000,0.400000
116.811476,-0.770000,0.160000,0.500000
116.811476,-0.840000,-0.100000,0.610000
116.811476,-0.780000,-0.190000,0.600000
116.907736,-0.460000,-0.450000,0.500000
116.907736,-0.650000,-0.540000,0.510000
116.907736,-0.760000,-0.560000,0.480000
116.907736,-0.550000,-0.470000,0.390000
116.907736,-0.410000,-0.450000,0.370000
117.003996,0.020000,-0.160000,0.330000
117.003996,0.000000,-0.160000,0.310000
117.003996,-0.100000,-0.190000,0.260000
117.003996,-0.040000,-0.160000,0.180000
117.003996,-0.020000,-0.240000,0.160000
117.100246,-0.030000,-0.260000,0.160000
117.100246,-0.030000,-0.160000,0.170000
117.100246,-0.080000,-0.130000,0.190000
117.100246,-0.160000,-0.160000,0.190000
117.100246,-0.180000,-0.190000,0.190000
117.196486,0.160000,0.300000,0.370000
117.196486,0.250000,0.550000,0.510000
117.196486,0.060000,0.780000,1.000000
117.196486,0.300000,0.970000,1.360000
117.196486,0.350000,0.980000,1.620000
117.292736,0.440000,-1.080000,1.020000
117.292736,0.680000,-0.890000,0.820000
117.292736,0.660000,-0.540000,0.600000
117.292736,0.700000,-0.410000,0.480000
117.292736,0.600000,-0.320000,0.510000
117.388996,0.240000,-0.530000,0.420000
117.388996,0.320000,-0.390000,0.320000
117.388996,0.460000,0.100000,0.170000
117.388996,0.350000,-0.040000,0.130000
117.388996,0.230000,-0.330000,0.110000
117.485246,0.030000,-0.300000,0.070000
117.485246,-0.070000,-0.300000,0.060000
117.485246,-0.180000,-0.090000,0.000000
117.485246,-0.200000,0.190000,-0.050000
117.485246,-0.190000,0.290000,-0.040000
117.584166,-0.480000,0.180000,-0.080000
117.584166,-0.480000,0.250000,-0.150000
117.584166,-0.560000,0.270000,-0.310000
117.584166,-0.730000,0.630000,-0.620000
117.584166,-0.870000,0.980000,-0.860000
195.191120,0.020000,-0.030000,0.000000
195.191120,0.010000,-0.030000,0.000000
195.191120,0.010000,-0.030000,0.000000
195.191120,0.010000,-0.030000,0.000000
195.191120,0.010000,-0.030000,0.010000
195.275400,0.010000,-0.030000,0.010000
195.275400,0.010000,-0.030000,0.010000
195.275400,0.010000,-0.030000,0.010000
195.275400,0.000000,-0.030000,0.010000
195.275400,0.010000,-0.030000,0.010000
195.359660,0.010000,-0.030000,0.000000
195.359660,0.020000,-0.030000,0.000000
195.359660,0.010000,-0.030000,0.000000
195.359660,0.000000,-0.030000,0.010000
195.359660,0.000000,-0.030000,0.010000
195.443920,0.000000,-0.030000,0.000000
195.443920,0.010000,-0.030000,0.000000
195.443920,0.010000,-0.030000,0.000000
195.443920,0.010000,-0.030000,0.000000
195.443920,0.010000,-0.030000,0.000000
195.528160,0.010000,-0.030000,0.000000
195.528160,0.010000,-0.030000,0.000000
195.528160,0.010000,-0.030000,0.000000
195.528160,0.010000,-0.030000,0.010000
195.528160,0.010000,-0.030000,0.010000
195.612410,0.010000,-0.030000,0.010000
195.612410,0.010000,-0.040000,0.010000
195.612410,0.010000,-0.040000,0.010000
195.612410,0.010000,-0.040000,0.010000
195.612410,0.000000,-0.040000,0.010000
195.696660,0.000000,-0.030000,0.010000
195.696660,0.010000,-0.040000,0.010000
195.696660,0.010000,-0.030000,0.010000
195.696660,0.000000,-0.030000,0.010000
195.696660,0.000000,-0.030000,0.010000
195.780910,0.010000,-0.030000,0.010000
195.780910,0.000000,-0.030000,0.010000
195.780910,0.000000,-0.030000,0.010000
195.780910,0.010000,-0.030000,0.010000
195.780910,0.010000,-0.020000,0.010000
195.865150,0.020000,-0.030000,0.010000
195.865150,0.020000,-0.030000,0.010000
195.865150,0.010000,-0.030000,0.010000
195.865150,0.000000,-0.040000,0.010000
195.865150,0.000000,-0.030000,0.010000
195.949410,0.000000,-0.030000,0.010000
195.949410,0.000000,-0.030000,0.010000
195.949410,0.000000,-0.040000,0.010000
195.949410,0.000000,-0.040000,0.010000
195.949410,0.010000,-0.040000,0.010000
196.036320,0.000000,-0.040000,0.010000
196.036320,0.000000,-0.050000,0.010000
196.036320,0.000000,-0.040000,0.010000
196.036320,0.000000,-0.040000,0.010000
196.036320,0.000000,-0.040000,0.010000
196.123260,0.000000,-0.040000,0.010000
196.123260,0.000000,-0.040000,0.000000
196.123260,0.000000,-0.040000,0.000000
196.123260,0.000000,-0.040000,0.000000
196.123260,0.000000,-0.040000,0.000000
196.210180,0.000000,-0.040000,0.000000
196.210180,0.000000,-0.040000,0.000000
196.210180,0.000000,-0.040000,0.010000
196.210180,0.000000,-0.050000,0.010000
196.210180,0.000000,-0.040000,0.010000
196.294410,0.000000,-0.040000,0.010000
196.294410,0.000000,-0.040000,0.010000
196.294410,0.000000,-0.040000,0.010000
196.294410,0.000000,-0.040000,0.010000
196.294410,0.010000,-0.040000,0.010000
196.378650,0.010000,-0.040000,0.010000
196.378650,0.010000,-0.040000,0.010000
196.378650,0.020000,-0.030000,0.010000
196.378650,0.020000,-0.040000,0.010000
196.378650,0.020000,-0.040000,0.010000
196.462890,0.020000,-0.040000,0.010000
196.462890,0.020000,-0.040000,0.010000
196.462890,0.030000,-0.040000,0.000000
196.462890,0.030000,-0.050000,0.010000
196.462890,0.040000,-0.060000,0.010000
196.547120,0.030000,-0.060000,0.000000
196.547120,0.020000,-0.060000,0.000000
196.547120,0.020000,-0.050000,0.010000
196.547120,0.020000,-0.050000,0.010000
196.547120,0.030000,-0.040000,0.010000
196.631380,0.030000,-0.050000,0.000000
196.631380,0.020000,-0.040000,0.000000
196.631380,0.010000,-0.040000,0.000000
196.631380,0.000000,-0.040000,0.000000
196.631380,0.000000,-0.040000,0.000000
196.715620,0.000000,-0.050000,0.000000
196.715620,0.000000,-0.050000,0.000000
196.715620,0.000000,-0.050000,0.000000
196.715620,0.000000,-0.040000,0.000000
196.715620,0.000000,-0.040000,0.000000
196.799870,0.010000,-0.040000,0.000000
196.799870,0.010000,-0.040000,0.000000
196.799870,0.010000,-0.040000,0.010000
196.799870,0.020000,-0.040000,0.000000
196.799870,0.020000,-0.050000,0.010000
196.884080,0.020000,-0.050000,0.010000
196.884080,0.020000,-0.050000,0.010000
196.884080,0.020000,-0.040000,0.010000
196.884080,0.020000,-0.030000,0.010000
196.884080,0.020000,-0.040000,0.010000
196.968340,0.040000,-0.040000,0.010000
196.968340,0.050000,-0.050000,0.010000
196.968340,0.050000,-0.050000,0.010000
196.968340,0.060000,-0.060000,0.010000
196.968340,0.070000,-0.050000,0.010000
197.052600,0.050000,-0.040000,0.020000
197.052600,0.040000,-0.040000,0.020000
197.052600,0.030000,-0.040000,0.020000
197.052600,0.020000,-0.040000,0.010000
197.052600,0.010000,-0.040000,0.010000
197.136820,0.000000,-0.030000,0.010000
197.136820,0.000000,-0.040000,0.000000
197.136820,0.000000,-0.040000,0.000000
197.136820,0.000000,-0.040000,0.000000
197.136820,0.000000,-0.040000,0.000000
197.221080,0.000000,-0.040000,0.000000
197.221080,0.000000,-0.040000,0.000000
197.221080,0.000000,-0.050000,0.000000
197.221080,0.000000,-0.050000,0.000000
197.221080,0.010000,-0.060000,0.010000
197.305340,0.010000,-0.070000,0.000000
197.305340,0.000000,-0.070000,0.000000
197.305340,0.000000,-0.070000,0.010000
197.305340,0.020000,-0.050000,0.000000
197.305340,0.020000,-0.060000,0.000000
197.389610,0.020000,-0.070000,0.000000
197.389610,0.010000,-0.070000,0.000000
197.389610,0.000000,-0.060000,0.000000
197.389610,0.000000,-0.060000,0.000000
197.389610,0.000000,-0.070000,0.000000
197.473860,0.000000,-0.070000,0.010000
197.473860,0.000000,-0.070000,0.010000
197.473860,0.000000,-0.070000,0.010000
197.473860,0.000000,-0.070000,0.010000
197.473860,0.000000,-0.070000,0.010000
197.560760,0.000000,-0.080000,0.000000
197.560760,0.000000,-0.070000,0.000000
197.560760,0.010000,-0.070000,0.000000
197.560760,0.000000,-0.080000,0.010000
197.560760,0.010000,-0.080000,0.010000
197.647700,0.010000,-0.070000,0.010000
197.647700,0.010000,-0.070000,0.010000
197.647700,0.010000,-0.060000,0.010000
197.647700,0.020000,-0.050000,0.010000
197.647700,0.020000,-0.050000,0.010000
197.731950,0.010000,-0.060000,0.010000
197.731950,0.010000,-0.060000,0.010000
197.731950,0.010000,-0.060000,0.010000
197.731950,0.010000,-0.060000,0.000000
197.731950,0.010000,-0.060000,0.000000
197.816220,0.010000,-0.060000,0.000000
197.816220,0.010000,-0.060000,0.000000
197.816220,0.010000,-0.060000,0.000000
197.816220,0.000000,-0.070000,0.000000
197.816220,0.000000,-0.070000,0.000000
197.903140,0.010000,-0.070000,0.000000
197.903140,0.010000,-0.070000,0.000000
197.903140,0.010000,-0.070000,0.000000
197.903140,0.020000,-0.070000,0.000000
197.903140,0.010000,-0.060000,0.000000
197.987420,0.000000,-0.060000,0.000000
197.987420,0.000000,-0.060000,0.000000
197.987420,0.010000,-0.060000,0.000000
197.987420,0.010000,-0.070000,0.000000
197.987420,0.000000,-0.070000,0.000000
198.071710,0.000000,-0.070000,0.000000
198.071710,0.000000,-0.070000,0.000000
198.071710,0.020000,-0.060000,0.000000
198.071710,0.020000,-0.070000,0.000000
198.071710,0.020000,-0.070000,0.000000
198.155990,0.020000,-0.070000,0.000000
198.155990,0.010000,-0.060000,0.000000
198.155990,0.010000,-0.050000,0.010000
198.155990,0.010000,-0.060000,0.010000
198.155990,0.020000,-0.050000,0.010000
198.240280,0.030000,-0.050000,0.010000
198.240280,0.020000,-0.050000,0.010000
198.240280,0.020000,-0.050000,0.010000
198.240280,0.020000,-0.050000,0.010000
198.240280,0.020000,-0.050000,0.010000
198.324550,0.030000,-0.040000,0.010000
198.324550,0.020000,-0.040000,0.010000
198.324550,0.020000,-0.050000,0.010000
198.324550,0.020000,-0.040000,0.000000
198.324550,0.020000,-0.040000,0.000000
198.408830,0.020000,-0.040000,0.000000
198.408830,0.020000,-0.040000,0.000000
198.408830,0.020000,-0.040000,0.000000
198.408830,0.020000,-0.040000,0.000000
198.408830,0.020000,-0.040000,0.000000
198.493130,0.020000,-0.040000,0.010000
198.493130,0.020000,-0.040000,0.010000
198.493130,0.030000,-0.040000,0.010000
198.493130,0.030000,-0.040000,0.010000
198.493130,0.030000,-0.040000,0.010000
198.577410,0.030000,-0.040000,0.010000
198.577410,0.030000,-0.040000,0.010000
198.577410,0.030000,-0.040000,0.010000
198.577410,0.030000,-0.040000,0.010000
198.577410,0.030000,-0.040000,0.010000
198.661670,0.020000,-0.040000,0.010000
198.661670,0.020000,-0.050000,0.010000
198.661670,0.020000,-0.050000,0.010000
198.661670,0.020000,-0.040000,0.010000
198.661670,0.020000,-0.050000,0.010000
198.745950,0.010000,-0.050000,0.010000
198.745950,0.010000,-0.050000,0.010000
198.745950,0.020000,-0.050000,0.010000
198.745950,0.010000,-0.050000,0.010000
198.745950,0.010000,-0.040000,0.010000
198.830230,0.000000,-0.040000,0.010000
198.830230,0.010000,-0.030000,0.010000
198.830230,0.010000,-0.030000,0.010000
198.830230,0.010000,-0.050000,0.010000
198.830230,0.010000,-0.040000,0.010000
198.914480,0.000000,-0.050000,0.010000
198.914480,0.000000,-0.050000,0.010000
198.914480,0.000000,-0.050000,0.010000
198.914480,0.000000,-0.050000,0.010000
198.914480,0.000000,-0.040000,0.010000
198.998740,0.000000,-0.040000,0.000000
198.998740,0.000000,-0.040000,0.000000
198.998740,0.000000,-0.050000,0.000000
198.998740,0.000000,-0.040000,0.000000
198.998740,0.000000,-0.030000,0.000000
199.083040,0.000000,-0.040000,0.000000
199.083040,-0.010000,-0.040000,0.010000
199.083040,-0.010000,-0.040000,0.000000
199.083040,-0.010000,-0.040000,0.000000
199.083040,0.000000,-0.040000,0.000000
786.528475,0.000000,-0.050000,0.000000
786.528475,0.000000,-0.050000,0.000000
786.528475,0.000000,-0.050000,0.000000
786.528475,0.000000,-0.050000,0.000000
786.528475,0.000000,-0.050000,0.000000
786.624765,0.000000,-0.060000,0.000000
786.624765,0.000000,-0.070000,0.000000
786.624765,0.000000,-0.060000,0.000000
786.624765,0.000000,-0.060000,0.000000
786.624765,0.000000,-0.060000,0.000000
786.721045,0.000000,-0.060000,0.000000
786.721045,0.000000,-0.060000,0.000000
786.721045,0.000000,-0.060000,0.000000
786.721045,0.000000,-0.050000,0.000000
786.721045,-0.010000,-0.060000,0.000000
786.817325,-0.020000,-0.050000,0.000000
786.817325,-0.020000,-0.050000,0.000000
786.817325,-0.020000,-0.040000,0.000000
786.817325,-0.020000,-0.030000,0.000000
786.817325,-0.020000,-0.030000,0.000000
786.913605,-0.010000,-0.030000,0.000000
786.913605,-0.010000,-0.040000,0.000000
786.913605,-0.010000,-0.050000,0.000000
786.913605,0.000000,-0.050000,0.000000
786.913605,0.000000,-0.050000,0.000000
787.009895,0.000000,-0.050000,0.010000
787.009895,0.000000,-0.040000,0.000000
787.009895,0.000000,-0.050000,0.010000
787.009895,0.000000,-0.060000,0.010000
787.009895,0.000000,-0.050000,0.000000
787.106165,0.000000,-0.040000,0.000000
787.106165,0.000000,-0.040000,0.000000
787.106165,0.000000,-0.040000,0.000000
787.106165,0.000000,-0.040000,0.000000
787.106165,0.000000,-0.030000,0.000000
787.202465,0.000000,-0.030000,0.010000
787.202465,0.000000,-0.030000,0.010000
787.202465,0.000000,-0.030000,0.010000
787.202465,0.000000,-0.040000,0.010000
787.202465,0.010000,-0.040000,0.010000
787.298775,0.020000,-0.030000,0.010000
787.298775,0.020000,-0.040000,0.010000
787.298775,0.020000,-0.040000,0.010000
787.298775,0.020000,-0.050000,0.010000
787.298775,0.020000,-0.050000,0.010000
787.395105,0.020000,-0.050000,0.010000
787.395105,0.020000,-0.060000,0.010000
787.395105,0.020000,-0.060000,0.010000
787.395105,0.030000,-0.050000,0.010000
787.395105,0.020000,-0.060000,0.010000
787.491445,0.020000,-0.040000,0.010000
787.491445,0.020000,-0.040000,0.010000
787.491445,0.030000,-0.040000,0.010000
787.491445,0.030000,-0.050000,0.010000
787.491445,0.030000,-0.060000,0.020000
787.587765,0.030000,-0.060000,0.020000
787.587765,0.020000,-0.060000,0.020000
787.587765,0.020000,-0.060000,0.020000
787.587765,0.020000,-0.060000,0.020000
787.587765,0.020000,-0.060000,0.020000
787.684095,0.020000,-0.060000,0.010000
787.684095,0.010000,-0.070000,0.010000
787.684095,0.010000,-0.070000,0.010000
787.684095,0.000000,-0.070000,0.010000
787.684095,0.000000,-0.060000,0.010000
787.780435,0.000000,-0.050000,0.000000
787.780435,0.000000,-0.060000,0.000000
787.780435,0.000000,-0.060000,0.000000
787.780435,0.000000,-0.070000,0.010000
787.780435,0.000000,-0.060000,0.010000
787.876755,0.000000,-0.030000,0.000000
787.876755,0.000000,-0.040000,0.000000
787.876755,0.000000,-0.040000,0.000000
787.876755,0.000000,-0.040000,0.000000
787.876755,0.000000,-0.040000,0.000000
787.973055,0.000000,-0.020000,0.000000
787.973055,-0.010000,-0.020000,0.000000
787.973055,-0.010000,-0.020000,0.000000
787.973055,0.000000,-0.020000,0.000000
787.973055,0.000000,-0.030000,0.000000
788.069385,0.000000,-0.070000,0.010000
788.069385,0.000000,-0.080000,0.010000
788.069385,0.000000,-0.060000,0.010000
788.069385,0.010000,-0.040000,0.000000
788.069385,0.010000,-0.010000,0.010000
788.165695,0.020000,-0.050000,0.010000
788.165695,0.030000,-0.060000,0.010000
788.165695,0.030000,-0.050000,0.010000
788.165695,0.020000,-0.050000,0.010000
788.165695,0.020000,-0.050000,0.010000
788.262015,0.020000,-0.070000,0.010000
788.262015,0.020000,-0.060000,0.010000
788.262015,0.010000,-0.060000,0.010000
788.262015,0.020000,-0.050000,0.010000
788.262015,0.020000,-0.050000,0.000000
788.358325,0.010000,-0.050000,0.000000
788.358325,0.010000,-0.050000,0.000000
788.358325,0.010000,-0.050000,0.000000
788.358325,0.010000,-0.070000,0.000000
788.358325,0.000000,-0.070000,0.000000
788.454645,0.000000,-0.070000,0.000000
788.454645,0.000000,-0.060000,0.000000
788.454645,0.000000,-0.070000,0.000000
788.454645,-0.010000,-0.080000,0.000000
788.454645,-0.010000,-0.080000,0.000000
788.550975,-0.010000,-0.070000,0.000000
788.550975,-0.010000,-0.080000,0.000000
788.550975,0.000000,-0.060000,0.000000
788.550975,0.000000,-0.060000,0.000000
788.550975,-0.010000,-0.070000,0.000000
788.647285,-0.010000,-0.060000,0.000000
788.647285,0.000000,-0.050000,0.000000
788.647285,0.000000,-0.050000,0.000000
788.647285,0.000000,-0.050000,0.000000
788.647285,0.000000,-0.080000,0.000000
788.743605,0.000000,-0.060000,0.000000
788.743605,0.000000,-0.050000,0.000000
788.743605,0.000000,-0.040000,0.000000
788.743605,0.000000,-0.040000,0.000000
788.743605,0.010000,-0.060000,0.000000
788.839925,0.000000,-0.080000,0.010000
788.839925,0.010000,-0.070000,0.010000
788.839925,0.010000,-0.070000,0.010000
788.839925,0.000000,-0.050000,0.010000
788.839925,0.000000,-0.050000,0.010000
788.936255,0.010000,-0.070000,0.010000
788.936255,0.010000,-0.070000,0.010000
788.936255,0.010000,-0.070000,0.010000
788.936255,0.010000,-0.060000,0.010000
788.936255,0.020000,-0.030000,0.000000
789.032565,0.000000,-0.050000,0.010000
789.032565,0.000000,-0.030000,0.010000
789.032565,0.010000,-0.010000,0.000000
789.032565,0.020000,-0.010000,0.000000
789.032565,0.000000,-0.040000,0.020000
789.128835,0.000000,-0.020000,0.020000
789.128835,0.010000,-0.030000,0.000000
789.128835,0.010000,-0.010000,0.010000
789.128835,0.000000,-0.040000,0.010000
789.128835,0.010000,-0.040000,0.010000
789.225135,0.010000,-0.030000,0.020000
789.225135,0.020000,-0.030000,0.020000
789.225135,0.010000,-0.040000,0.020000
789.225135,0.010000,-0.050000,0.010000
789.225135,0.010000,-0.050000,0.010000
789.321425,0.000000,-0.060000,0.010000
789.321425,0.000000,-0.040000,0.010000
789.321425,0.000000,-0.040000,0.010000
789.321425,0.000000,-0.030000,0.010000
789.321425,0.000000,-0.030000,0.010000
789.417715,0.000000,-0.050000,0.010000
789.417715,0.000000,-0.050000,0.010000
789.417715,0.000000,-0.040000,0.010000
789.417715,0.000000,-0.030000,0.010000
789.417715,0.020000,-0.010000,0.010000
789.514005,0.020000,-0.060000,0.010000
789.514005,0.030000,-0.060000,0.010000
789.514005,0.030000,-0.050000,0.010000
789.514005,0.020000,-0.040000,0.010000
789.514005,0.040000,-0.020000,0.010000
789.610305,0.020000,-0.050000,0.000000
789.610305,0.020000,-0.050000,0.000000
789.610305,0.020000,-0.050000,0.000000
789.610305,0.020000,-0.040000,0.000000
789.610305,0.020000,-0.040000,0.000000
789.706595,0.020000,-0.050000,0.010000
789.706595,0.020000,-0.040000,0.000000
789.706595,0.030000,-0.040000,0.000000
789.706595,0.010000,-0.030000,0.010000
789.706595,0.010000,-0.050000,0.010000
789.802875,0.020000,-0.040000,0.010000
789.802875,0.020000,-0.070000,0.010000
789.802875,0.030000,-0.060000,0.000000
789.802875,0.030000,-0.040000,0.010000
789.802875,0.030000,-0.030000,0.010000
789.899165,0.010000,-0.030000,0.010000
789.899165,0.010000,-0.050000,0.020000
789.899165,0.000000,-0.060000,0.020000
789.899165,0.020000,-0.020000,0.020000
789.899165,0.020000,-0.020000,0.020000
789.995475,0.020000,-0.070000,0.010000
789.995475,0.020000,-0.070000,0.010000
789.995475,0.020000,-0.050000,0.010000
789.995475,0.020000,-0.030000,0.010000
789.995475,0.020000,-0.030000,0.010000
790.091775,0.020000,-0.060000,0.010000
790.091775,0.020000,-0.050000,0.010000
790.091775,0.020000,-0.040000,0.010000
790.091775,0.030000,-0.030000,0.010000
790.091775,0.020000,-0.040000,0.010000
790.190725,0.030000,-0.020000,0.010000
790.190725,0.040000,-0.020000,0.010000
790.190725,0.030000,-0.030000,0.010000
790.190725,0.030000,-0.050000,0.010000
790.190725,0.030000,-0.050000,0.010000
790.286995,0.040000,-0.040000,0.020000
790.286995,0.040000,-0.040000,0.020000
790.286995,0.040000,-0.050000,0.020000
790.286995,0.030000,-0.060000,0.020000
790.286995,0.030000,-0.060000,0.020000
790.383245,0.030000,-0.050000,0.020000
790.383245,0.030000,-0.040000,0.020000
790.383245,0.030000,-0.040000,0.010000
790.383245,0.030000,-0.040000,0.020000
790.383245,0.030000,-0.040000,0.020000
900.160641,-0.130000,0.040000,0.200000
900.160641,-0.130000,0.050000,0.200000
900.160641,-0.120000,0.070000,0.210000
900.160641,-0.090000,0.110000,0.220000
900.160641,-0.090000,0.130000,0.220000
900.256861,-0.100000,0.130000,0.220000
900.256861,-0.110000,0.170000,0.220000
900.256861,-0.110000,0.210000,0.230000
900.256861,-0.110000,0.180000,0.240000
900.256861,-0.100000,0.160000,0.240000
900.353101,-0.070000,0.130000,0.210000
900.353101,-0.050000,0.100000,0.190000
900.353101,-0.050000,0.060000,0.190000
900.353101,-0.050000,0.060000,0.180000
900.353101,-0.040000,0.060000,0.170000
900.449371,0.010000,0.110000,0.140000
900.449371,0.020000,0.070000,0.130000
900.449371,0.000000,0.070000,0.120000
900.449371,0.010000,0.100000,0.100000
900.449371,0.020000,0.080000,0.100000
900.545611,0.080000,0.060000,0.080000
900.545611,0.090000,0.040000,0.060000
900.545611,0.120000,0.010000,0.030000
900.545611,0.190000,-0.010000,0.010000
900.545611,0.220000,-0.020000,0.000000
900.641861,0.260000,-0.040000,-0.030000
900.641861,0.250000,-0.060000,-0.040000
900.641861,0.270000,-0.070000,-0.050000
900.641861,0.290000,-0.090000,-0.060000
900.641861,0.280000,-0.110000,-0.060000
900.738111,0.270000,-0.140000,-0.090000
900.738111,0.310000,-0.140000,-0.090000
900.738111,0.320000,-0.140000,-0.110000
900.738111,0.280000,-0.160000,-0.100000
900.738111,0.250000,-0.180000,-0.100000
900.834351,0.240000,-0.200000,-0.080000
900.834351,0.280000,-0.220000,-0.070000
900.834351,0.290000,-0.190000,-0.080000
900.834351,0.260000,-0.130000,-0.090000
900.834351,0.170000,-0.130000,-0.090000
900.930621,0.070000,-0.030000,-0.090000
900.930621,0.030000,0.000000,-0.100000
900.930621,-0.020000,-0.030000,-0.080000
900.930621,-0.040000,-0.040000,-0.090000
900.930621,-0.100000,-0.050000,-0.090000
901.026831,-0.180000,-0.120000,-0.060000
901.026831,-0.210000,-0.090000,-0.040000
901.026831,-0.240000,-0.060000,-0.010000
901.026831,-0.260000,-0.060000,0.000000
901.026831,-0.310000,-0.090000,0.040000
901.123081,-0.430000,-0.060000,0.040000
901.123081,-0.370000,-0.140000,0.030000
901.123081,-0.290000,-0.180000,0.060000
901.123081,-0.230000,-0.140000,0.050000
901.123081,-0.150000,-0.110000,0.030000
901.219331,-0.080000,-0.110000,0.000000
901.219331,-0.060000,-0.100000,-0.020000
901.219331,-0.020000,-0.090000,-0.030000
901.219331,-0.010000,-0.080000,-0.040000
901.219331,0.030000,-0.070000,-0.050000
901.315561,0.080000,0.000000,0.000000
901.315561,0.130000,0.060000,0.050000
901.315561,0.200000,0.110000,0.110000
901.315561,0.200000,0.160000,0.160000
901.315561,0.230000,0.210000,0.240000
901.414451,0.300000,0.110000,0.300000
901.414451,0.220000,0.050000,0.280000
901.414451,0.220000,0.000000,0.210000
901.414451,0.150000,0.010000,0.170000
901.414451,0.200000,-0.030000,0.050000
901.510661,0.270000,-0.090000,-0.050000
901.510661,0.140000,-0.270000,-0.020000
901.510661,0.040000,-0.260000,-0.050000
901.510661,-0.140000,-0.170000,-0.110000
901.510661,-0.170000,-0.150000,-0.140000
901.606881,0.060000,-0.050000,-0.180000
901.606881,0.080000,-0.090000,-0.190000
901.606881,-0.030000,-0.160000,-0.170000
901.606881,-0.180000,-0.160000,-0.150000
901.606881,-0.220000,-0.150000,-0.140000
901.703091,-0.220000,-0.190000,-0.040000
901.703091,-0.230000,-0.180000,-0.010000
901.703091,-0.280000,-0.180000,0.020000
901.703091,-0.260000,-0.180000,0.010000
901.703091,-0.190000,-0.120000,0.000000
901.799311,0.020000,-0.270000,-0.040000
901.799311,0.000000,-0.290000,-0.020000
901.799311,-0.030000,-0.210000,-0.010000
901.799311,0.020000,-0.180000,0.010000
901.799311,0.060000,-0.170000,0.030000
901.895531,0.100000,-0.190000,0.130000
901.895531,0.220000,-0.180000,0.140000
901.895531,0.450000,-0.210000,0.150000
901.895531,0.580000,-0.210000,0.170000
901.895531,0.630000,-0.160000,0.180000
901.991751,0.560000,-0.160000,0.200000
901.991751,0.570000,-0.220000,0.190000
901.991751,0.460000,-0.190000,0.110000
901.991751,0.350000,-0.120000,-0.020000
901.991751,0.270000,-0.110000,-0.100000
902.087961,0.170000,-0.030000,-0.150000
902.087961,0.010000,-0.070000,-0.170000
902.087961,-0.180000,-0.090000,-0.210000
902.087961,-0.360000,-0.080000,-0.220000
902.087961,-0.430000,-0.080000,-0.220000
902.184201,-0.580000,-0.110000,-0.200000
902.184201,-0.630000,-0.040000,-0.160000
902.184201,-0.660000,-0.090000,-0.100000
902.184201,-0.640000,-0.030000,-0.030000
902.184201,-0.630000,0.030000,-0.010000
902.280441,-0.720000,0.030000,0.060000
902.280441,-0.740000,0.080000,0.090000
902.280441,-0.740000,0.120000,0.170000
902.280441,-0.730000,0.130000,0.240000
902.280441,-0.700000,0.120000,0.250000
902.376651,-0.580000,0.120000,0.240000
902.376651,-0.560000,0.110000,0.210000
902.376651,-0.560000,0.100000,0.160000
902.376651,-0.470000,0.120000,0.100000
902.376651,-0.460000,0.150000,0.080000
902.472881,-0.350000,0.230000,0.040000
902.472881,-0.410000,0.230000,0.040000
902.472881,-0.480000,0.180000,0.040000
902.472881,-0.500000,0.160000,0.060000
902.472881,-0.480000,0.160000,0.080000
902.569101,-0.330000,0.150000,0.060000
902.569101,-0.310000,0.120000,0.060000
902.569101,-0.410000,0.100000,0.120000
902.569101,-0.500000,0.120000,0.180000
902.569101,-0.630000,0.130000,0.200000
902.665301,-0.660000,0.050000,0.250000
902.665301,-0.530000,0.010000,0.260000
902.665301,-0.440000,-0.040000,0.270000
902.665301,-0.440000,-0.060000,0.270000
902.665301,-0.440000,-0.050000,0.270000
902.761521,-0.440000,-0.030000,0.210000
902.761521,-0.410000,0.030000,0.130000
902.761521,-0.350000,0.050000,0.040000
902.761521,-0.310000,0.000000,0.010000
902.761521,-0.190000,0.010000,-0.020000
902.857761,0.010000,0.180000,-0.060000
902.857761,0.180000,0.240000,-0.070000
902.857761,0.410000,0.170000,-0.070000
902.857761,0.510000,0.040000,-0.050000
902.857761,0.640000,-0.260000,0.050000
902.953961,0.740000,-0.260000,0.160000
902.953961,0.700000,-0.250000,0.170000
902.953961,0.640000,-0.200000,0.120000
902.953961,0.620000,-0.160000,0.090000
902.953961,0.530000,-0.040000,0.060000
903.050161,0.270000,0.080000,0.100000
903.050161,0.160000,0.100000,0.120000
903.050161,0.120000,0.090000,0.100000
903.050161,0.130000,0.060000,0.090000
903.050161,0.200000,-0.010000,0.050000
903.146391,0.390000,-0.020000,0.020000
903.146391,0.550000,-0.010000,0.000000
903.146391,0.720000,-0.030000,-0.030000
903.146391,0.800000,-0.030000,-0.050000
903.146391,0.910000,-0.010000,-0.110000
903.242581,1.030000,-0.020000,-0.160000
903.242581,1.110000,-0.030000,-0.210000
903.242581,1.190000,-0.040000,-0.240000
903.242581,1.210000,-0.060000,-0.250000
903.242581,1.240000,-0.090000,-0.270000
903.338791,1.260000,-0.110000,-0.320000
903.338791,1.320000,-0.150000,-0.330000
903.338791,1.420000,-0.200000,-0.340000
903.338791,1.490000,-0.240000,-0.350000
903.338791,1.610000,-0.320000,-0.390000
903.434981,1.730000,-0.360000,-0.470000
903.434981,1.740000,-0.380000,-0.510000
903.434981,1.750000,-0.340000,-0.540000
903.434981,1.760000,-0.330000,-0.530000
903.434981,1.770000,-0.280000,-0.480000
903.533831,1.660000,-0.130000,-0.360000
903.533831,1.550000,-0.130000,-0.290000
903.533831,1.390000,-0.140000,-0.240000
903.533831,1.310000,-0.120000,-0.240000
903.533831,1.250000,-0.070000,-0.300000
903.629981,1.380000,-0.170000,-0.430000
903.629981,1.510000,-0.200000,-0.510000
903.629981,1.630000,-0.190000,-0.570000
903.629981,1.630000,-0.200000,-0.560000
903.629981,1.600000,-0.210000,-0.560000
903.726181,1.420000,-0.160000,-0.590000
903.726181,1.350000,-0.140000,-0.600000
903.726181,1.320000,-0.050000,-0.560000
903.726181,1.260000,0.050000,-0.500000
903.726181,1.220000,0.070000,-0.470000
903.822351,1.170000,0.040000,-0.420000
903.822351,1.210000,0.030000,-0.420000
903.822351,1.230000,0.010000,-0.410000
903.822351,1.210000,-0.010000,-0.380000
903.822351,1.110000,-0.030000,-0.370000
903.918541,0.960000,0.000000,-0.340000
903.918541,0.890000,-0.040000,-0.330000
903.918541,0.960000,-0.060000,-0.350000
903.918541,1.020000,-0.030000,-0.390000
903.918541,1.180000,-0.020000,-0.410000
904.014741,1.440000,0.020000,-0.450000
904.014741,1.590000,0.000000,-0.480000
904.014741,1.690000,0.030000,-0.500000
904.014741,1.710000,0.030000,-0.500000
904.014741,1.780000,0.020000,-0.530000
1013.067757,0.020000,-0.070000,0.010000
1013.067757,0.020000,-0.080000,0.010000
1013.067757,0.020000,-0.080000,0.010000
1013.067757,0.010000,-0.070000,0.010000
1013.067757,0.010000,-0.060000,0.010000
1013.164037,0.010000,-0.060000,0.020000
1013.164037,0.010000,-0.060000,0.010000
1013.164037,0.010000,-0.060000,0.010000
1013.164037,0.010000,-0.060000,0.010000
1013.164037,0.010000,-0.060000,0.010000
1013.260287,0.010000,-0.060000,0.010000
1013.260287,0.010000,-0.060000,0.010000
1013.260287,0.010000,-0.060000,0.010000
1013.260287,0.020000,-0.060000,0.010000
1013.260287,0.020000,-0.070000,0.010000
1013.356537,0.010000,-0.060000,0.010000
1013.356537,0.010000,-0.060000,0.010000
1013.356537,0.010000,-0.060000,0.010000
1013.356537,0.010000,-0.050000,0.010000
1013.356537,0.010000,-0.060000,0.010000
1013.452797,0.010000,-0.070000,0.010000
1013.452797,0.010000,-0.070000,0.010000
1013.452797,0.010000,-0.060000,0.010000
1013.452797,0.010000,-0.060000,0.010000
1013.452797,0.010000,-0.050000,0.010000
1013.549057,0.010000,-0.060000,0.010000
1013.549057,0.010000,-0.060000,0.010000
1013.549057,0.010000,-0.060000,0.010000
1013.549057,0.010000,-0.060000,0.010000
1013.549057,0.010000,-0.060000,0.000000
1013.645307,0.010000,-0.060000,0.000000
1013.645307,0.010000,-0.060000,0.000000
1013.645307,0.000000,-0.050000,0.000000
1013.645307,0.000000,-0.040000,0.000000
1013.645307,0.000000,-0.040000,0.000000
1238.934041,0.000000,-0.050000,0.000000
1238.934041,0.000000,-0.050000,0.000000
1238.934041,0.000000,-0.050000,0.000000
1238.934041,0.000000,-0.050000,0.000000
1238.934041,0.000000,-0.050000,0.000000
1239.030331,0.000000,-0.060000,0.000000
1239.030331,0.000000,-0.070000,0.000000
1239.030331,0.000000,-0.060000,0.000000
1239.030331,0.000000,-0.060000,0.000000
1239.030331,0.000000,-0.060000,0.000000
1239.126611,0.000000,-0.060000,0.000000
1239.126611,0.000000,-0.060000,0.000000
1239.126611,0.000000,-0.060000,0.000000
1239.126611,0.000000,-0.050000,0.000000
1239.126611,-0.010000,-0.060000,0.000000
1239.222891,-0.020000,-0.050000,0.000000
1239.222891,-0.020000,-0.050000,0.000000
1239.222891,-0.020000,-0.040000,0.000000
1239.222891,-0.020000,-0.030000,0.000000
1239.222891,-0.020000,-0.030000,0.000000
1239.319171,-0.010000,-0.030000,0.000000
1239.319171,-0.010000,-0.040000,0.000000
1239.319171,-0.010000,-0.050000,0.000000
1239.319171,0.000000,-0.050000,0.000000
1239.319171,0.000000,-0.050000,0.000000
1239.415461,0.000000,-0.050000,0.010000
1239.415461,0.000000,-0.040000,0.000000
1239.415461,0.000000,-0.050000,0.010000
1239.415461,0.000000,-0.060000,0.010000
1239.415461,0.000000,-0.050000,0.000000
1239.511731,0.000000,-0.040000,0.000000
1239.511731,0.000000,-0.040000,0.000000
1239.511731,0.000000,-0.040000,0.000000
1239.511731,0.000000,-0.040000,0.000000
1239.511731,0.000000,-0.030000,0.000000
1239.608031,0.000000,-0.030000,0.010000
1239.608031,0.000000,-0.030000,0.010000
1239.608031,0.000000,-0.030000,0.010000
1239.608031,0.000000,-0.040000,0.010000
1239.608031,0.010000,-0.040000,0.010000
1239.704341,0.020000,-0.030000,0.010000
1239.704341,0.020000,-0.040000,0.010000
1239.704341,0.020000,-0.040000,0.010000
1239.704341,0.020000,-0.050000,0.010000
1239.704341,0.020000,-0.050000,0.010000
1239.800671,0.020000,-0.050000,0.010000
1239.800671,0.020000,-0.060000,0.010000
1239.800671,0.020000,-0.060000,0.010000
1239.800671,0.030000,-0.050000,0.010000
1239.800671,0.020000,-0.060000,0.010000
1239.897011,0.020000,-0.040000,0.010000
1239.897011,0.020000,-0.040000,0.010000
1239.897011,0.030000,-0.040000,0.010000
1239.897011,0.030000,-0.050000,0.010000
1239.897011,0.030000,-0.060000,0.020000
1239.993331,0.030000,-0.060000,0.020000
1239.993331,0.020000,-0.060000,0.020000
1239.993331,0.020000,-0.060000,0.020000
1239.993331,0.020000,-0.060000,0.020000
1239.993331,0.020000,-0.060000,0.020000
1240.089661,0.020000,-0.060000,0.010000
1240.089661,0.010000,-0.070000,0.010000
1240.089661,0.010000,-0.070000,0.010000
1240.089661,0.000000,-0.070000,0.010000
1240.089661,0.000000,-0.060000,0.010000
1240.186001,0.000000,-0.050000,0.000000
1240.186001,0.000000,-0.060000,0.000000
1240.186001,0.000000,-0.060000,0.000000
1240.186001,0.000000,-0.070000,0.010000
1240.186001,0.000000,-0.060000,0.010000
1240.282321,0.000000,-0.030000,0.000000
1240.282321,0.000000,-0.040000,0.000000
1240.282321,0.000000,-0.040000,0.000000
1240.282321,0.000000,-0.040000,0.000000
1240.282321,0.000000,-0.040000,0.000000
1240.378621,0.000000,-0.020000,0.000000
1240.378621,-0.010000,-0.020000,0.000000
1240.378621,-0.010000,-0.020000,0.000000
1240.378621,0.000000,-0.020000,0.000000
1240.378621,0.000000,-0.030000,0.000000
1240.474951,0.000000,-0.070000,0.010000
1240.474951,0.000000,-0.080000,0.010000
1240.474951,0.000000,-0.060000,0.010000
1240.474951,0.010000,-0.040000,0.000000
1240.474951,0.010000,-0.010000,0.010000
1240.571261,0.020000,-0.050000,0.010000
1240.571261,0.030000,-0.060000,0.010000
1240.571261,0.030000,-0.050000,0.010000
1240.571261,0.020000,-0.050000,0.010000
1240.571261,0.020000,-0.050000,0.010000
1240.667581,0.020000,-0.070000,0.010000
1240.667581,0.020000,-0.060000,0.010000
1240.667581,0.010000,-0.060000,0.010000
1240.667581,0.020000,-0.050000,0.010000
1240.667581,0.020000,-0.050000,0.000000
1240.763891,0.010000,-0.050000,0.000000
1240.763891,0.010000,-0.050000,0.000000
1240.763891,0.010000,-0.050000,0.000000
1240.763891,0.010000,-0.070000,0.000000
1240.763891,0.000000,-0.070000,0.000000
1240.860211,0.000000,-0.070000,0.000000
1240.860211,0.000000,-0.060000,0.000000
1240.860211,0.000000,-0.070000,0.000000
1240.860211,-0.010000,-0.080000,0.000000
1240.860211,-0.010000,-0.080000,0.000000
1240.956541,-0.010000,-0.070000,0.000000
1240.956541,-0.010000,-0.080000,0.000000
1240.956541,0.000000,-0.060000,0.000000
1240.956541,0.000000,-0.060000,0.000000
1240.956541,-0.010000,-0.070000,0.000000
1241.052851,-0.010000,-0.060000,0.000000
1241.052851,0.000000,-0.050000,0.000000
1241.052851,0.000000,-0.050000,0.000000
1241.052851,0.000000,-0.050000,0.000000
1241.052851,0.000000,-0.080000,0.000000
1241.149171,0.000000,-0.060000,0.000000
1241.149171,0.000000,-0.050000,0.000000
1241.149171,0.000000,-0.040000,0.000000
1241.149171,0.000000,-0.040000,0.000000
1241.149171,0.010000,-0.060000,0.000000
1241.245491,0.000000,-0.080000,0.010000
1241.245491,0.010000,-0.070000,0.010000
1241.245491,0.010000,-0.070000,0.010000
1241.245491,0.000000,-0.050000,0.010000
1241.245491,0.000000,-0.050000,0.010000
1241.341821,0.010000,-0.070000,0.010000
1241.341821,0.010000,-0.070000,0.010000
1241.341821,0.010000,-0.070000,0.010000
1241.341821,0.010000,-0.060000,0.010000
1241.341821,0.020000,-0.030000,0.000000
1241.438131,0.000000,-0.050000,0.010000
1241.438131,0.000000,-0.030000,0.010000
1241.438131,0.010000,-0.010000,0.000000
1241.438131,0.020000,-0.010000,0.000000
1241.438131,0.000000,-0.040000,0.020000
1241.534401,0.000000,-0.020000,0.020000
1241.534401,0.010000,-0.030000,0.000000
1241.534401,0.010000,-0.010000,0.010000
1241.534401,0.000000,-0.040000,0.010000
1241.534401,0.010000,-0.040000,0.010000
1241.630701,0.010000,-0.030000,0.020000
1241.630701,0.020000,-0.030000,0.020000
1241.630701,0.010000,-0.040000,0.020000
1241.630701,0.010000,-0.050000,0.010000
1241.630701,0.010000,-0.050000,0.010000
1241.726991,0.000000,-0.060000,0.010000
1241.726991,0.000000,-0.040000,0.010000
1241.726991,0.000000,-0.040000,0.010000
1241.726991,0.000000,-0.030000,0.010000
1241.726991,0.000000,-0.030000,0.010000
1241.823281,0.000000,-0.050000,0.010000
1241.823281,0.000000,-0.050000,0.010000
1241.823281,0.000000,-0.040000,0.010000
1241.823281,0.000000,-0.030000,0.010000
1241.823281,0.020000,-0.010000,0.010000
1241.919571,0.020000,-0.060000,0.010000
1241.919571,0.030000,-0.060000,0.010000
1241.919571,0.030000,-0.050000,0.010000
1241.919571,0.020000,-0.040000,0.010000
1241.919571,0.040000,-0.020000,0.010000
1242.015871,0.020000,-0.050000,0.000000
1242.015871,0.020000,-0.050000,0.000000
1242.015871,0.020000,-0.050000,0.000000
1242.015871,0.020000,-0.040000,0.000000
1242.015871,0.020000,-0.040000,0.000000
1242.112161,0.020000,-0.050000,0.010000
1242.112161,0.020000,-0.040000,0.000000
1242.112161,0.030000,-0.040000,0.000000
1242.112161,0.010000,-0.030000,0.010000
1242.112161,0.010000,-0.050000,0.010000
1242.208441,0.020000,-0.040000,0.010000
1242.208441,0.020000,-0.070000,0.010000
1242.208441,0.030000,-0.060000,0.000000
1242.208441,0.030000,-0.040000,0.010000
1242.208441,0.030000,-0.030000,0.010000
1242.304731,0.010000,-0.030000,0.010000
1242.304731,0.010000,-0.050000,0.020000
1242.304731,0.000000,-0.060000,0.020000
1242.304731,0.020000,-0.020000,0.020000
1242.304731,0.020000,-0.020000,0.020000
1242.401041,0.020000,-0.070000,0.010000
1242.401041,0.020000,-0.070000,0.010000
1242.401041,0.020000,-0.050000,0.010000
1242.401041,0.020000,-0.030000,0.010000
1242.401041,0.020000,-0.030000,0.010000
1242.497341,0.020000,-0.060000,0.010000
1242.497341,0.020000,-0.050000,0.010000
1242.497341,0.020000,-0.040000,0.010000
1242.497341,0.030000,-0.030000,0.010000
1242.497341,0.020000,-0.040000,0.010000
1242.596291,0.030000,-0.020000,0.010000
1242.596291,0.040000,-0.020000,0.010000
1242.596291,0.030000,-0.030000,0.010000
1242.596291,0.030000,-0.050000,0.010000
1242.596291,0.030000,-0.050000,0.010000
1242.692561,0.040000,-0.040000,0.020000
1242.692561,0.040000,-0.040000,0.020000
1242.692561,0.040000,-0.050000,0.020000
1242.692561,0.030000,-0.060000,0.020000
1242.692561,0.030000,-0.060000,0.020000
1242.788811,0.030000,-0.050000,0.020000
1242.788811,0.030000,-0.040000,0.020000
1242.788811,0.030000,-0.040000,0.010000
1242.788811,0.030000,-0.040000,0.020000
1242.788811,0.030000,-0.040000,0.020000
1352.566207,-2.930000,-0.370000,0.070000
1352.566207,-2.440000,0.470000,0.050000
1352.566207,-1.980000,0.030000,0.000000
1352.566207,-2.310000,-0.700000,0.090000
1352.566207,-2.660000,-1.740000,0.380000
1352.662437,-1.480000,-1.910000,0.040000
1352.662437,-1.130000,-1.400000,-0.160000
1352.662437,-1.030000,0.010000,-0.270000
1352.662437,-1.070000,0.960000,-0.270000
1352.662437,-0.490000,2.470000,-0.110000
1352.758657,-1.780000,0.570000,0.230000
1352.758657,-2.350000,-0.200000,-0.020000
1352.758657,-1.770000,0.830000,-0.490000
1352.758657,-1.590000,0.980000,-0.630000
1352.758657,-1.130000,1.550000,-0.890000
1352.854867,-2.800000,-0.570000,-0.490000
1352.854867,-2.450000,-0.060000,-0.550000
1352.854867,-1.560000,0.850000,-0.790000
1352.854867,-1.320000,1.010000,-0.900000
1352.854867,-1.210000,0.990000,-0.760000
1352.951067,-1.140000,0.670000,-0.310000
1352.951067,-0.970000,-0.530000,-0.020000
1352.951067,-0.920000,-1.680000,0.220000
1352.951067,-0.900000,-2.230000,0.340000
1352.951067,-0.930000,-2.170000,0.620000
1353.047267,-0.620000,-2.070000,0.450000
1353.047267,0.070000,-1.250000,0.180000
1353.047267,-0.380000,-0.830000,0.010000
1353.047267,-0.640000,-0.640000,-0.020000
1353.047267,-0.500000,-0.150000,-0.020000
1353.143477,-0.240000,0.620000,0.000000
1353.143477,0.890000,1.110000,-0.240000
1353.143477,-0.250000,-1.630000,-0.230000
1353.143477,-0.360000,-2.120000,-0.040000
1353.143477,0.170000,-1.300000,0.220000
1353.239677,1.280000,-0.050000,0.300000
1353.239677,1.290000,-0.190000,0.220000
1353.239677,0.620000,-0.190000,0.210000
1353.239677,0.340000,0.000000,0.230000
1353.239677,-0.020000,0.310000,0.200000
1353.335917,-0.680000,0.200000,0.320000
1353.335917,-0.950000,0.010000,0.370000
1353.335917,-1.070000,-0.700000,0.240000
1353.335917,-1.620000,-1.030000,0.260000
1353.335917,-0.960000,0.760000,-0.030000
1353.432097,-0.560000,-0.860000,-0.380000
1353.432097,-0.910000,-2.740000,-0.170000
1353.432097,-0.060000,-2.040000,-0.280000
1353.432097,0.120000,-1.050000,-0.430000
1353.432097,-0.030000,0.990000,-0.520000
1353.528297,0.040000,0.690000,-0.270000
1353.528297,0.150000,0.110000,-0.150000
1353.528297,0.520000,0.680000,0.100000
1353.528297,0.630000,0.550000,0.180000
1353.528297,1.240000,2.060000,0.130000
1353.624497,0.050000,0.120000,-0.120000
1353.624497,-0.660000,-0.720000,-0.410000
1353.624497,-0.300000,0.570000,-0.740000
1353.624497,0.440000,1.210000,-0.820000
1353.624497,0.120000,0.990000,-0.820000
1353.720717,-0.030000,0.220000,-0.840000
1353.720717,-0.090000,-0.530000,-0.460000
1353.720717,-0.130000,-0.590000,0.130000
1353.720717,-0.500000,-0.230000,0.340000
1353.720717,-0.560000,0.110000,0.380000
1353.816947,-0.870000,-0.160000,0.630000
1353.816947,-1.370000,-2.320000,0.160000
1353.816947,-1.220000,-2.060000,0.530000
1353.816947,0.670000,-1.960000,0.300000
1353.816947,0.320000,-2.130000,0.020000
1353.913167,-0.080000,-0.850000,-0.050000
1353.913167,-0.370000,0.390000,-0.280000
1353.913167,0.210000,1.010000,-0.340000
1353.913167,1.770000,2.400000,-0.180000
1353.913167,0.510000,-0.280000,-0.420000
1354.009387,0.630000,-0.100000,0.200000
1354.009387,0.430000,-0.080000,0.250000
1354.009387,0.250000,-0.070000,0.210000
1354.009387,-0.190000,0.120000,0.220000
1354.009387,-1.200000,-0.270000,0.560000
1354.105637,-1.060000,-0.050000,0.420000
1354.105637,-0.840000,0.200000,0.270000
1354.105637,-1.080000,-0.240000,0.300000
1354.105637,-1.450000,-0.790000,0.220000
1354.105637,-0.970000,-0.470000,-0.100000
1354.201867,-0.470000,-0.670000,-0.580000
1354.201867,-0.990000,-1.660000,-0.390000
1354.201867,-0.780000,-1.870000,-0.260000
1354.201867,-0.240000,-1.150000,-0.200000
1354.201867,0.090000,0.170000,-0.250000
1354.298077,1.500000,3.410000,-0.350000
1354.298077,1.290000,2.790000,0.400000
1354.298077,0.040000,0.950000,0.910000
1354.298077,-0.360000,-0.440000,0.970000
1354.298077,0.160000,-0.160000,0.320000
1354.394277,-0.380000,0.190000,-0.230000
1354.394277,-0.370000,0.030000,-0.310000
1354.394277,-0.390000,0.160000,-0.310000
1354.394277,-0.240000,0.400000,-0.490000
1354.394277,-0.300000,0.790000,-0.640000
1354.490487,-0.340000,-0.520000,-0.740000
1354.490487,0.090000,0.430000,-0.540000
1354.490487,0.130000,0.970000,-0.370000
1354.490487,-0.080000,0.760000,0.060000
1354.490487,-0.730000,-0.420000,0.600000
1354.586707,-0.300000,-0.960000,0.730000
1354.586707,0.270000,-0.980000,0.370000
1354.586707,0.320000,-1.110000,0.370000
1354.586707,0.100000,-0.850000,0.380000
1354.586707,-0.420000,-1.230000,0.410000
1354.682917,-0.110000,-0.590000,0.070000
1354.682917,-0.530000,-0.040000,-0.170000
1354.682917,-0.270000,0.720000,-0.290000
1354.682917,0.640000,1.990000,-0.030000
1354.682917,-0.620000,-0.930000,-0.310000
1354.779147,0.190000,-0.590000,0.190000
1354.779147,0.630000,-0.490000,0.270000
1354.779147,0.850000,-0.230000,0.280000
1354.779147,0.860000,0.030000,0.310000
1354.779147,0.360000,-0.180000,0.410000
1354.875377,0.110000,-0.210000,0.420000
1354.875377,-0.140000,-0.070000,0.460000
1354.875377,-0.220000,-0.150000,0.470000
1354.875377,-0.230000,-0.200000,0.260000
1354.875377,-0.260000,0.010000,-0.090000
1354.971617,-0.070000,0.000000,-0.250000
1354.971617,-0.280000,-0.510000,-0.060000
1354.971617,-0.190000,-0.850000,-0.030000
1354.971617,0.060000,-1.360000,-0.070000
1354.971617,0.230000,-1.160000,-0.010000
1355.067847,1.580000,0.170000,0.040000
1355.067847,0.930000,1.310000,0.620000
1355.067847,0.490000,0.260000,0.860000
1355.067847,0.620000,-0.960000,0.490000
1355.067847,0.910000,-0.250000,-0.170000
1355.164087,0.070000,0.490000,-0.630000
1355.164087,-0.160000,0.700000,-0.670000
1355.164087,-0.110000,0.850000,-0.680000
1355.164087,-0.250000,1.000000,-0.710000
1355.164087,-0.400000,1.250000,-0.750000
1355.260307,0.070000,0.410000,-0.750000
1355.260307,0.360000,0.690000,-0.540000
1355.260307,0.060000,0.110000,-0.300000
1355.260307,-0.240000,0.110000,0.090000
1355.260307,-0.860000,-0.380000,0.580000
1355.356527,-0.210000,-0.540000,0.610000
1355.356527,-0.250000,-1.000000,0.610000
1355.356527,-0.490000,-1.160000,0.550000
1355.356527,-0.390000,-1.160000,0.350000
1355.356527,-0.420000,-1.120000,0.230000
1355.452747,-0.490000,-0.290000,-0.140000
1355.452747,-0.380000,0.640000,-0.620000
1355.452747,-0.050000,1.930000,-0.490000
1355.452747,1.140000,0.550000,-0.570000
1355.452747,0.280000,-0.970000,-0.100000
1355.548957,0.670000,-0.990000,0.200000
1355.548957,1.170000,-0.550000,0.150000
1355.548957,1.200000,-0.220000,0.160000
1355.548957,0.670000,0.110000,0.160000
1355.548957,0.170000,-0.360000,0.260000
1355.645187,0.110000,0.150000,0.480000
1355.645187,0.050000,0.480000,0.540000
1355.645187,-0.080000,0.590000,0.540000
1355.645187,-0.110000,0.580000,0.420000
1355.645187,-0.070000,0.190000,0.120000
1355.741427,0.000000,-0.390000,-0.240000
1355.741427,-0.100000,-0.590000,-0.310000
1355.741427,-0.100000,-0.890000,-0.290000
1355.741427,0.100000,-1.060000,-0.300000
1355.741427,0.190000,-1.090000,-0.220000
1355.837637,1.310000,0.840000,-0.310000
1355.837637,1.740000,2.020000,0.400000
1355.837637,0.640000,0.880000,0.960000
1355.837637,0.020000,-0.560000,0.960000
1355.837637,0.010000,-0.540000,0.550000
1355.933867,0.010000,-0.600000,-0.400000
1355.933867,0.270000,-0.210000,-0.490000
1355.933867,0.490000,0.660000,-0.530000
1355.933867,0.600000,1.030000,-0.550000
1355.933867,0.350000,0.710000,-0.580000
1356.030077,-0.300000,0.250000,-0.740000
1356.030077,-0.400000,0.280000,-0.710000
1356.030077,-0.400000,0.450000,-0.610000
1356.030077,-0.290000,0.640000,-0.390000
1356.030077,-0.280000,0.540000,-0.270000
1356.126287,0.030000,0.230000,0.090000
1356.126287,0.160000,0.290000,0.140000
1356.126287,0.320000,0.180000,0.190000
1356.126287,0.260000,-0.330000,0.230000
1356.126287,0.350000,-0.400000,0.220000
1356.222517,0.770000,-0.350000,0.190000
1356.222517,0.820000,-0.380000,0.150000
1356.222517,0.820000,-0.230000,0.110000
1356.222517,0.760000,-0.100000,0.080000
1356.222517,0.790000,-0.070000,0.000000
1356.318737,1.280000,-0.250000,-0.530000
1356.318737,1.330000,-0.320000,-0.590000
1356.318737,1.550000,-0.320000,-0.480000
1356.318737,1.360000,-1.130000,-0.210000
1356.318737,1.670000,-1.050000,-0.170000
1356.414907,3.200000,-0.240000,0.140000
1356.414907,3.340000,-0.100000,0.180000
1356.414907,3.430000,0.140000,0.220000
1356.414907,3.340000,0.210000,0.260000
1356.414907,3.340000,0.220000,0.280000
1408.131340,0.010000,0.010000,0.040000
1408.131340,-0.050000,-0.080000,-0.150000
1408.131340,0.150000,-0.800000,-0.370000
1408.131340,0.440000,-1.140000,-0.510000
1408.131340,1.020000,-1.200000,-0.520000
1408.227640,1.090000,-0.730000,-0.170000
1408.227640,0.820000,-0.420000,0.020000
1408.227640,0.960000,-0.150000,0.080000
1408.227640,1.210000,-0.260000,0.130000
1408.227640,1.380000,-0.490000,0.160000
1408.323920,2.430000,-0.850000,0.160000
1408.323920,2.780000,-0.660000,0.220000
1408.323920,2.930000,-0.430000,0.260000
1408.323920,2.800000,-0.540000,0.310000
1408.323920,2.780000,-0.390000,0.280000
1408.420190,2.990000,0.260000,0.230000
1408.420190,2.880000,0.110000,0.210000
1408.420190,2.830000,-0.030000,0.160000
1408.420190,2.850000,-0.040000,0.110000
1408.420190,2.920000,0.000000,0.070000
1408.516440,3.140000,0.220000,-0.040000
1408.516440,3.220000,0.230000,-0.120000
1408.516440,3.180000,0.120000,-0.150000
1408.516440,3.150000,0.060000,-0.170000
1408.516440,3.050000,-0.050000,-0.180000
1408.612720,3.100000,-0.110000,-0.210000
1408.612720,3.190000,-0.070000,-0.250000
1408.612720,3.250000,0.080000,-0.300000
1408.612720,3.320000,0.310000,-0.320000
1408.612720,3.400000,0.630000,-0.310000
1408.709000,3.430000,0.320000,-0.260000
1408.709000,3.260000,0.110000,-0.190000
1408.709000,3.120000,0.210000,-0.160000
1408.709000,3.030000,0.210000,-0.150000
1408.709000,2.840000,0.080000,-0.130000
1408.805290,2.820000,0.210000,-0.220000
1408.805290,3.060000,0.720000,-0.180000
1408.805290,3.260000,0.830000,-0.030000
1408.805290,3.210000,0.590000,0.060000
1408.805290,3.010000,0.260000,0.160000
1408.901580,2.760000,0.390000,0.090000
1408.901580,2.560000,0.260000,0.060000
1408.901580,2.490000,0.170000,-0.020000
1408.901580,2.440000,0.170000,-0.060000
1408.901580,2.340000,0.210000,-0.110000
1408.997860,2.380000,0.420000,-0.080000
1408.997860,2.330000,0.320000,-0.020000
1408.997860,2.160000,0.190000,0.030000
1408.997860,2.100000,0.160000,0.060000
1408.997860,1.850000,-0.090000,0.160000
1409.094150,1.640000,-0.160000,0.160000
1409.094150,1.620000,0.120000,0.090000
1409.094150,1.610000,0.140000,0.010000
1409.094150,1.420000,-0.120000,0.000000
1409.094150,1.230000,-0.130000,0.000000
1409.190440,1.220000,0.140000,0.020000
1409.190440,1.230000,0.210000,0.080000
1409.190440,1.170000,0.110000,0.170000
1409.190440,1.180000,0.110000,0.200000
1409.190440,1.190000,0.080000,0.240000
1409.286690,1.090000,-0.030000,0.300000
1409.286690,1.090000,-0.040000,0.330000
1409.286690,1.180000,0.000000,0.340000
1409.286690,1.210000,-0.020000,0.330000
1409.286690,1.320000,0.070000,0.330000
1409.382950,1.240000,-0.070000,0.330000
1409.382950,1.180000,-0.030000,0.330000
1409.382950,1.130000,0.100000,0.320000
1409.382950,1.060000,0.100000,0.330000
1409.382950,0.990000,0.130000,0.320000
1409.479210,1.180000,0.070000,0.190000
1409.479210,1.370000,-0.060000,0.090000
1409.479210,1.370000,-0.240000,0.060000
1409.479210,1.290000,-0.330000,0.090000
1409.479210,1.110000,-0.350000,0.160000
1409.575520,0.810000,-0.370000,0.220000
1409.575520,0.830000,-0.390000,0.250000
1409.575520,0.890000,-0.440000,0.370000
1409.575520,1.050000,-0.370000,0.390000
1409.575520,1.440000,-0.180000,0.410000
1409.671790,1.480000,-0.240000,0.430000
1409.671790,1.390000,-0.230000,0.440000
1409.671790,1.310000,-0.270000,0.430000
1409.671790,1.280000,-0.190000,0.430000
1409.671790,1.170000,-0.090000,0.460000
1409.768060,1.050000,0.000000,0.440000
1409.768060,1.010000,0.010000,0.380000
1409.768060,1.020000,0.100000,0.300000
1409.768060,1.030000,0.110000,0.250000
1409.768060,1.070000,0.040000,0.140000
1409.864320,1.030000,-0.030000,0.020000
1409.864320,0.980000,0.030000,-0.010000
1409.864320,0.910000,0.130000,0.010000
1409.864320,0.890000,0.180000,0.010000
1409.864320,0.860000,0.250000,-0.040000
1409.960610,0.660000,0.310000,-0.130000
1409.960610,0.610000,0.190000,-0.110000
1409.960610,0.670000,0.240000,-0.110000
1409.960610,0.740000,0.250000,-0.100000
1409.960610,0.910000,0.340000,-0.090000
1410.056910,0.490000,-0.340000,0.080000
1410.056910,0.430000,-0.510000,0.110000
1410.056910,0.550000,-0.460000,0.180000
1410.056910,0.530000,-0.480000,0.220000
1410.056910,0.420000,-0.510000,0.320000
1410.153180,0.480000,-0.270000,0.360000
1410.153180,0.460000,-0.220000,0.460000
1410.153180,0.760000,-0.010000,0.370000
1410.153180,0.860000,0.110000,0.220000
1410.153180,0.620000,0.020000,0.080000
1410.249460,0.060000,-0.320000,0.000000
1410.249460,0.030000,-0.210000,-0.100000
1410.249460,0.010000,-0.190000,-0.160000
1410.249460,0.050000,-0.100000,-0.180000
1410.249460,-0.010000,-0.160000,-0.220000
1410.345720,0.000000,-0.050000,-0.300000
1410.345720,-0.190000,-0.170000,-0.280000
1410.345720,-0.180000,0.060000,-0.280000
1410.345720,-0.140000,0.120000,-0.280000
1410.345720,-0.070000,0.100000,-0.260000
1410.442010,-0.020000,0.060000,-0.210000
1410.442010,0.020000,0.130000,-0.170000
1410.442010,0.060000,0.050000,-0.110000
1410.442010,0.110000,0.050000,-0.060000
1410.442010,0.170000,0.080000,0.040000
1410.538280,0.280000,0.110000,0.140000
1410.538280,0.490000,0.160000,0.110000
1410.538280,0.610000,0.000000,0.090000
1410.538280,0.620000,-0.050000,0.070000
1410.538280,0.630000,0.010000,0.020000
1410.634540,0.370000,0.250000,-0.010000
1410.634540,0.110000,0.440000,-0.010000
1410.634540,-0.160000,0.440000,-0.010000
1410.634540,-0.380000,0.260000,0.000000
1410.634540,-0.840000,0.060000,0.000000
1410.730810,-0.900000,-0.220000,-0.100000
1410.730810,-0.740000,-0.690000,-0.220000
1410.730810,-0.260000,-1.050000,-0.490000
1410.730810,-0.120000,-0.990000,-0.510000
1410.730810,-0.330000,-0.770000,-0.260000
1410.827070,-0.470000,-0.670000,0.010000
1410.827070,-0.200000,-0.440000,0.110000
1410.827070,-0.250000,-0.660000,0.220000
1410.827070,-0.280000,-0.960000,0.260000
1410.827070,0.040000,-1.130000,0.290000
1410.923340,0.720000,-0.630000,0.340000
1410.923340,0.910000,-0.430000,0.400000
1410.923340,0.960000,-0.320000,0.400000
1410.923340,0.960000,-0.270000,0.360000
1410.923340,1.060000,0.050000,0.260000
1411.019610,1.250000,0.350000,0.190000
1411.019610,1.160000,0.320000,0.180000
1411.019610,1.020000,0.240000,0.150000
1411.019610,0.970000,0.220000,0.110000
1411.019610,0.970000,0.200000,0.010000
1411.115910,0.780000,0.040000,-0.070000
1411.115910,0.850000,0.190000,-0.110000
1411.115910,0.840000,0.150000,-0.140000
1411.115910,0.840000,0.150000,-0.130000
1411.115910,0.870000,0.190000,-0.130000
1411.212200,0.950000,0.140000,-0.220000
1411.212200,0.920000,0.220000,-0.210000
1411.212200,0.720000,0.060000,-0.090000
1411.212200,0.580000,-0.220000,-0.030000
1411.212200,0.550000,-0.590000,0.020000
1411.308490,0.920000,-0.360000,-0.020000
1411.308490,1.160000,0.000000,-0.030000
1411.308490,1.260000,0.170000,0.010000
1411.308490,1.220000,0.110000,0.060000
1411.308490,1.050000,-0.080000,0.200000
1411.404800,0.820000,-0.150000,0.050000
1411.404800,0.870000,-0.090000,-0.100000
1411.404800,0.840000,0.170000,-0.180000
1411.404800,0.880000,0.510000,-0.200000
1411.404800,0.860000,0.860000,-0.270000
1411.501090,0.510000,0.390000,-0.430000
1411.501090,0.280000,0.390000,-0.470000
1411.501090,0.190000,0.420000,-0.430000
1411.501090,-0.060000,0.360000,-0.380000
1411.501090,-0.250000,0.170000,-0.290000
1411.597400,-0.380000,0.060000,-0.290000
1411.597400,-0.400000,0.160000,-0.350000
1411.597400,-0.420000,0.170000,-0.340000
1411.597400,-0.500000,0.070000,-0.300000
1411.597400,-0.590000,-0.080000,-0.220000
1411.693660,-0.710000,-0.150000,-0.080000
1411.693660,-0.760000,-0.050000,0.000000
1411.693660,-0.770000,-0.040000,0.110000
1411.693660,-0.750000,0.010000,0.170000
1411.693660,-0.690000,0.140000,0.260000
1411.789900,-0.620000,0.110000,0.370000
1411.789900,-0.540000,0.170000,0.390000
1411.789900,-0.510000,0.100000,0.400000
1411.789900,-0.380000,-0.210000,0.370000
1411.789900,-0.220000,-0.240000,0.360000
1411.886190,0.000000,-0.150000,0.420000
1411.886190,0.260000,0.050000,0.400000
1411.886190,0.430000,0.150000,0.340000
1411.886190,0.560000,0.220000,0.200000
1411.886190,0.460000,-0.010000,0.090000
1411.982470,0.290000,-0.150000,0.040000
1411.982470,0.230000,0.000000,0.020000
1411.982470,0.170000,0.020000,0.020000
1411.982470,0.090000,0.090000,0.040000
1411.982470,-0.020000,-0.070000,0.060000
1495.853685,0.950000,-0.060000,-0.330000
1495.853685,1.000000,-0.050000,-0.330000
1495.853685,1.090000,-0.050000,-0.360000
1495.853685,1.170000,-0.060000,-0.380000
1495.853685,1.190000,-0.070000,-0.380000
1495.949905,1.280000,-0.060000,-0.380000
1495.949905,1.290000,-0.080000,-0.380000
1495.949905,1.270000,-0.080000,-0.370000
1495.949905,1.220000,-0.090000,-0.370000
1495.949905,1.180000,-0.110000,-0.370000
1496.046125,1.010000,-0.170000,-0.360000
1496.046125,0.970000,-0.210000,-0.340000
1496.046125,0.940000,-0.250000,-0.330000
1496.046125,0.930000,-0.220000,-0.330000
1496.046125,0.920000,-0.210000,-0.330000
1496.142355,0.930000,-0.180000,-0.330000
1496.142355,0.950000,-0.180000,-0.330000
1496.142355,0.990000,-0.160000,-0.330000
1496.142355,1.030000,-0.150000,-0.330000
1496.142355,1.060000,-0.150000,-0.320000
1496.238545,1.280000,-0.110000,-0.340000
1496.238545,1.330000,-0.110000,-0.350000
1496.238545,1.420000,-0.100000,-0.380000
1496.238545,1.450000,-0.100000,-0.400000
1496.238545,1.460000,-0.090000,-0.410000
1496.337405,1.420000,-0.040000,-0.460000
1496.337405,1.390000,-0.030000,-0.470000
1496.337405,1.350000,-0.010000,-0.480000
1496.337405,1.320000,-0.030000,-0.490000
1496.337405,1.320000,-0.030000,-0.490000
1496.433595,1.350000,0.000000,-0.510000
1496.433595,1.360000,0.020000,-0.510000
1496.433595,1.390000,0.040000,-0.510000
1496.433595,1.430000,0.080000,-0.510000
1496.433595,1.480000,0.120000,-0.490000
1496.529775,1.510000,0.170000,-0.460000
1496.529775,1.520000,0.200000,-0.430000
1496.529775,1.510000,0.200000,-0.400000
1496.529775,1.490000,0.250000,-0.350000
1496.529775,1.450000,0.270000,-0.300000
1496.625955,1.390000,0.250000,-0.240000
1496.625955,1.330000,0.230000,-0.180000
1496.625955,1.290000,0.220000,-0.150000
1496.625955,1.220000,0.210000,-0.110000
1496.625955,1.130000,0.200000,-0.070000
1496.722125,1.030000,0.160000,-0.010000
1496.722125,0.990000,0.140000,0.020000
1496.722125,0.970000,0.130000,0.040000
1496.722125,0.940000,0.140000,0.070000
1496.722125,0.860000,0.120000,0.100000
1496.818315,0.700000,0.120000,0.150000
1496.818315,0.610000,0.110000,0.190000
1496.818315,0.570000,0.090000,0.220000
1496.818315,0.440000,0.040000,0.270000
1496.818315,0.270000,0.030000,0.320000
1496.914485,0.030000,-0.070000,0.370000
1496.914485,-0.070000,-0.120000,0.390000
1496.914485,-0.100000,-0.120000,0.380000
1496.914485,-0.120000,-0.130000,0.320000
1496.914485,-0.020000,-0.160000,0.240000
1497.010665,0.120000,-0.200000,0.150000
1497.010665,0.200000,-0.230000,0.160000
1497.010665,0.300000,-0.260000,0.170000
1497.010665,0.360000,-0.280000,0.180000
1497.010665,0.390000,-0.180000,0.180000
1497.106875,0.530000,-0.140000,0.150000
1497.106875,0.590000,-0.130000,0.130000
1497.106875,0.700000,-0.140000,0.120000
1497.106875,0.820000,-0.140000,0.110000
1497.106875,0.870000,-0.140000,0.110000
1497.203085,0.890000,-0.180000,0.130000
1497.203085,0.900000,-0.200000,0.140000
1497.203085,0.950000,-0.220000,0.150000
1497.203085,1.020000,-0.230000,0.170000
1497.203085,1.050000,-0.240000,0.170000
1497.299285,1.090000,-0.270000,0.200000
1497.299285,1.090000,-0.290000,0.200000
1497.299285,1.100000,-0.320000,0.180000
1497.299285,1.100000,-0.300000,0.110000
1497.299285,1.100000,-0.290000,0.090000
1497.395485,1.120000,-0.200000,0.040000
1497.395485,1.100000,-0.190000,0.040000
1497.395485,1.020000,-0.190000,0.050000
1497.395485,0.890000,-0.190000,0.070000
1497.395485,0.810000,-0.200000,0.090000
1497.491705,0.590000,-0.230000,0.130000
1497.491705,0.570000,-0.210000,0.120000
1497.491705,0.570000,-0.180000,0.100000
1497.491705,0.580000,-0.170000,0.070000
1497.491705,0.580000,-0.170000,0.060000
1497.587935,0.630000,-0.090000,0.020000
1497.587935,0.630000,-0.080000,0.000000
1497.587935,0.640000,-0.060000,0.000000
1497.587935,0.640000,-0.050000,-0.020000
1497.587935,0.660000,-0.030000,-0.030000
1497.684175,0.780000,-0.020000,-0.090000
1497.684175,0.800000,-0.030000,-0.100000
1497.684175,0.890000,-0.080000,-0.120000
1497.684175,0.970000,-0.100000,-0.150000
1497.684175,1.030000,-0.110000,-0.170000
1497.780415,1.190000,-0.200000,-0.220000
1497.780415,1.240000,-0.210000,-0.240000
1497.780415,1.420000,-0.430000,-0.240000
1497.780415,2.100000,-0.440000,-0.300000
1497.780415,2.110000,-0.310000,-0.340000
1497.876655,1.140000,-0.310000,-0.380000
1497.876655,0.830000,-0.240000,-0.340000
1497.876655,0.950000,-0.030000,-0.370000
1497.876655,1.170000,0.200000,-0.390000
1497.876655,1.280000,0.210000,-0.390000
1497.972855,1.580000,-0.070000,-0.500000
1497.972855,1.550000,-0.110000,-0.520000
1497.972855,1.470000,-0.090000,-0.540000
1497.972855,1.320000,-0.100000,-0.540000
1497.972855,1.260000,-0.110000,-0.540000
1498.069075,1.190000,-0.110000,-0.590000
1498.069075,1.200000,-0.080000,-0.600000
1498.069075,1.210000,-0.100000,-0.620000
1498.069075,1.180000,-0.120000,-0.610000
1498.069075,1.130000,-0.110000,-0.610000
1498.165255,1.150000,-0.070000,-0.580000
1498.165255,1.220000,0.000000,-0.560000
1498.165255,1.300000,0.100000,-0.480000
1498.165255,1.250000,0.020000,-0.360000
1498.165255,1.200000,-0.040000,-0.320000
1498.261445,1.160000,-0.160000,-0.220000
1498.261445,1.200000,-0.150000,-0.230000
1498.261445,1.250000,-0.180000,-0.270000
1498.261445,1.330000,-0.260000,-0.340000
1498.261445,1.360000,-0.260000,-0.380000
1498.357665,1.430000,-0.200000,-0.460000
1498.357665,1.440000,-0.190000,-0.470000
1498.357665,1.390000,-0.170000,-0.450000
1498.357665,1.270000,-0.170000,-0.410000
1498.357665,1.200000,-0.140000,-0.400000
1498.453875,0.970000,-0.080000,-0.350000
1498.453875,0.820000,-0.090000,-0.340000
1498.453875,0.630000,-0.100000,-0.330000
1498.453875,0.440000,-0.060000,-0.300000
1498.453875,0.370000,-0.010000,-0.290000
1498.550085,0.140000,0.000000,-0.240000
1498.550085,0.040000,-0.010000,-0.190000
1498.550085,-0.100000,-0.010000,-0.170000
1498.550085,-0.220000,0.000000,-0.180000
1498.550085,-0.270000,0.000000,-0.180000
1498.646305,-0.300000,0.010000,-0.200000
1498.646305,-0.240000,0.000000,-0.190000
1498.646305,-0.140000,-0.010000,-0.180000
1498.646305,-0.070000,0.000000,-0.150000
1498.646305,-0.060000,-0.020000,-0.140000
1498.742515,-0.040000,0.030000,-0.110000
1498.742515,-0.080000,0.040000,-0.100000
1498.742515,-0.130000,0.030000,-0.080000
1498.742515,-0.160000,0.030000,-0.050000
1498.742515,-0.230000,0.010000,-0.030000
1498.838745,-0.390000,-0.030000,0.000000
1498.838745,-0.490000,-0.020000,0.000000
1498.838745,-0.560000,-0.030000,0.000000
1498.838745,-0.570000,-0.030000,0.000000
1498.838745,-0.560000,-0.050000,0.000000
1498.934955,-0.510000,-0.120000,0.020000
1498.934955,-0.480000,-0.100000,0.010000
1498.934955,-0.430000,-0.080000,0.000000
1498.934955,-0.410000,-0.080000,0.010000
1498.934955,-0.360000,-0.050000,0.020000
1499.031165,-0.380000,-0.030000,0.040000
1499.031165,-0.430000,-0.030000,0.070000
1499.031165,-0.490000,-0.050000,0.100000
1499.031165,-0.510000,-0.060000,0.110000
1499.031165,-0.550000,-0.060000,0.150000
1499.127375,-0.640000,-0.060000,0.180000
1499.127375,-0.650000,-0.070000,0.180000
1499.127375,-0.640000,-0.070000,0.200000
1499.127375,-0.640000,-0.080000,0.220000
1499.127375,-0.620000,-0.070000,0.240000
1499.223615,-0.660000,-0.090000,0.260000
1499.223615,-0.710000,-0.100000,0.270000
1499.223615,-0.740000,-0.110000,0.290000
1499.223615,-0.740000,-0.110000,0.310000
1499.223615,-0.730000,-0.100000,0.340000
1499.319815,-0.750000,-0.160000,0.380000
1499.319815,-0.760000,-0.120000,0.380000
1499.319815,-0.800000,-0.110000,0.370000
1499.319815,-0.810000,-0.100000,0.350000
1499.319815,-0.790000,-0.150000,0.330000
1499.416025,-0.660000,-0.100000,0.290000
1499.416025,-0.610000,-0.040000,0.220000
1499.416025,-0.610000,-0.050000,0.170000
1499.416025,-0.590000,-0.040000,0.160000
1499.416025,-0.570000,-0.040000,0.160000
1499.512245,-0.570000,-0.060000,0.180000
1499.512245,-0.600000,-0.040000,0.190000
1499.512245,-0.620000,-0.010000,0.200000
1499.512245,-0.620000,0.000000,0.200000
1499.512245,-0.610000,0.000000,0.210000
1499.608435,-0.560000,0.010000,0.220000
1499.608435,-0.530000,-0.010000,0.210000
1499.608435,-0.500000,-0.040000,0.200000
1499.608435,-0.490000,-0.070000,0.200000
1499.608435,-0.470000,-0.100000,0.200000
1499.704655,-0.460000,-0.090000,0.200000
1499.704655,-0.430000,-0.060000,0.190000
1499.704655,-0.370000,-0.050000,0.180000
1499.704655,-0.340000,-0.070000,0.170000
1499.704655,-0.270000,-0.090000,0.150000
1612.936001,0.000000,0.100000,0.290000
1612.936001,0.150000,-0.020000,0.170000
1612.936001,0.190000,-0.120000,0.110000
1612.936001,0.320000,0.030000,0.050000
1612.936001,0.470000,0.000000,0.050000
1613.032261,0.240000,-0.160000,0.160000
1613.032261,0.180000,-0.080000,0.170000
1613.032261,0.140000,-0.030000,0.180000
1613.032261,0.070000,-0.160000,0.220000
1613.032261,0.070000,-0.170000,0.260000
1613.128481,0.240000,0.040000,0.250000
1613.128481,0.300000,0.080000,0.260000
1613.128481,0.300000,-0.010000,0.240000
1613.128481,0.370000,0.000000,0.270000
1613.128481,0.390000,0.040000,0.280000
1613.224691,0.650000,0.030000,0.230000
1613.224691,0.780000,-0.040000,0.220000
1613.224691,0.810000,-0.070000,0.220000
1613.224691,0.860000,-0.090000,0.230000
1613.224691,0.900000,-0.050000,0.240000
1613.320921,0.980000,0.110000,0.230000
1613.320921,1.040000,0.140000,0.220000
1613.320921,1.110000,0.090000,0.220000
1613.320921,1.200000,0.040000,0.210000
1613.320921,1.250000,0.080000,0.180000
1613.417201,1.240000,0.240000,0.160000
1613.417201,1.240000,0.340000,0.140000
1613.417201,1.200000,0.330000,0.120000
1613.417201,1.160000,0.320000,0.070000
1613.417201,1.110000,0.420000,0.000000
1613.513461,1.050000,0.440000,-0.150000
1613.513461,1.010000,0.290000,-0.180000
1613.513461,0.970000,0.260000,-0.140000
1613.513461,0.670000,0.150000,0.000000
1613.513461,0.400000,0.120000,0.100000
1613.609711,0.310000,0.120000,0.170000
1613.609711,0.420000,0.180000,0.190000
1613.609711,0.460000,0.220000,0.230000
1613.609711,0.550000,0.330000,0.290000
1613.609711,0.820000,0.190000,0.320000
1613.705951,1.300000,-0.150000,0.200000
1613.705951,1.580000,-0.190000,0.110000
1613.705951,1.670000,-0.220000,0.100000
1613.705951,1.770000,-0.300000,0.090000
1613.705951,1.830000,-0.300000,0.030000
1613.802201,1.810000,-0.260000,0.000000
1613.802201,1.740000,-0.250000,0.000000
1613.802201,1.680000,-0.180000,0.000000
1613.802201,1.760000,-0.050000,0.000000
1613.802201,1.720000,-0.020000,0.020000
1613.898441,1.630000,0.020000,-0.020000
1613.898441,1.590000,-0.030000,-0.060000
1613.898441,1.500000,-0.160000,-0.050000
1613.898441,1.380000,-0.260000,-0.040000
1613.898441,1.310000,-0.300000,-0.050000
1613.994711,1.240000,-0.370000,-0.050000
1613.994711,1.130000,-0.300000,-0.060000
1613.994711,1.120000,-0.300000,-0.060000
1613.994711,1.010000,-0.270000,-0.060000
1613.994711,0.920000,-0.210000,-0.060000
1614.090951,0.770000,-0.220000,-0.110000
1614.090951,0.710000,-0.190000,-0.130000
1614.090951,0.670000,-0.140000,-0.140000
1614.090951,0.600000,-0.070000,-0.160000
1614.090951,0.540000,-0.010000,-0.200000
1614.187221,0.420000,-0.160000,-0.230000
1614.187221,0.420000,-0.090000,-0.250000
1614.187221,0.370000,-0.100000,-0.240000
1614.187221,0.260000,-0.160000,-0.210000
1614.187221,0.230000,-0.160000,-0.200000
1614.283491,0.220000,-0.110000,-0.160000
1614.283491,0.230000,-0.060000,-0.110000
1614.283491,0.230000,-0.050000,-0.090000
1614.283491,0.170000,-0.010000,-0.040000
1614.283491,0.150000,-0.010000,-0.040000
1614.379691,0.260000,0.140000,-0.120000
1614.379691,0.090000,0.090000,-0.060000
1614.379691,-0.030000,-0.010000,-0.010000
1614.379691,-0.070000,-0.050000,-0.010000
1614.379691,0.210000,0.620000,-0.150000
1614.475881,-0.160000,0.370000,0.000000
1614.475881,-0.440000,0.270000,0.140000
1614.475881,-0.450000,0.190000,0.160000
1614.475881,-0.450000,-0.030000,0.140000
1614.475881,-0.370000,-0.190000,0.040000
1614.572091,-0.020000,-0.240000,-0.100000
1614.572091,-0.010000,-0.250000,-0.100000
1614.572091,-0.080000,-0.320000,-0.090000
1614.572091,-0.190000,-0.350000,-0.070000
1614.572091,-0.250000,-0.260000,-0.100000
1614.668311,-0.580000,-0.170000,-0.050000
1614.668311,-0.630000,-0.170000,-0.140000
1614.668311,-0.700000,-0.270000,-0.130000
1614.668311,-0.710000,-0.260000,-0.170000
1614.668311,-0.680000,-0.230000,-0.190000
1614.764481,-0.540000,-0.310000,-0.280000
1614.764481,-0.520000,-0.240000,-0.300000
1614.764481,-0.540000,-0.130000,-0.330000
1614.764481,-0.610000,-0.180000,-0.320000
1614.764481,-0.650000,-0.180000,-0.290000
1614.860691,-0.530000,-0.110000,-0.250000
1614.860691,-0.560000,-0.100000,-0.190000
1614.860691,-0.190000,0.130000,-0.290000
1614.860691,-0.840000,-0.310000,-0.010000
1614.860691,-0.730000,-0.640000,-0.040000
1614.956891,-0.400000,-0.480000,-0.060000
1614.956891,-0.300000,-0.380000,-0.070000
1614.956891,-0.180000,-0.170000,-0.030000
1614.956891,-0.250000,-0.220000,0.040000
1614.956891,-0.260000,-0.260000,0.060000
1615.055701,-0.220000,-0.330000,0.090000
1615.055701,-0.220000,-0.350000,0.100000
1615.055701,-0.210000,-0.270000,0.090000
1615.055701,-0.190000,-0.230000,0.100000
1615.055701,-0.180000,-0.250000,0.110000
1615.154541,-0.200000,-0.330000,0.150000
1615.154541,-0.170000,-0.290000,0.150000
1615.154541,-0.170000,-0.190000,0.150000
1615.154541,-0.110000,-0.140000,0.140000
1615.154541,-0.040000,-0.090000,0.150000
1615.250671,0.050000,0.040000,0.150000
1615.250671,0.130000,0.000000,0.150000
1615.250671,0.130000,-0.050000,0.160000
1615.250671,0.140000,-0.110000,0.170000
1615.250671,0.180000,-0.060000,0.150000
1615.346811,0.170000,0.080000,0.110000
1615.346811,0.160000,0.150000,0.110000
1615.346811,0.130000,0.200000,0.120000
1615.346811,0.100000,0.230000,0.130000
1615.346811,0.110000,0.260000,0.140000
1615.442951,0.150000,0.220000,0.170000
1615.442951,0.260000,0.300000,0.140000
1615.442951,0.340000,0.380000,0.100000
1615.442951,0.350000,0.400000,0.070000
1615.442951,0.370000,0.340000,0.000000
1615.539091,0.530000,-0.020000,-0.020000
1615.539091,0.590000,-0.130000,0.000000
1615.539091,0.490000,-0.140000,0.130000
1615.539091,0.080000,-0.130000,0.200000
1615.539091,-0.170000,-0.050000,0.270000
1615.635241,0.070000,0.280000,0.140000
1615.635241,0.530000,0.080000,0.050000
1615.635241,0.630000,-0.300000,0.160000
1615.635241,0.660000,-0.620000,0.240000
1615.635241,0.680000,-0.430000,0.300000
1615.731391,0.540000,-0.410000,0.320000
1615.731391,0.560000,-0.330000,0.280000
1615.731391,0.570000,-0.270000,0.270000
1615.731391,0.600000,-0.150000,0.250000
1615.731391,0.600000,-0.100000,0.270000
1615.827511,0.550000,-0.040000,0.280000
1615.827511,0.540000,-0.070000,0.220000
1615.827511,0.540000,-0.110000,0.180000
1615.827511,0.550000,-0.070000,0.120000
1615.827511,0.570000,0.020000,0.080000
1615.923631,0.540000,0.050000,0.000000
1615.923631,0.520000,0.050000,-0.040000
1615.923631,0.520000,0.000000,-0.070000
1615.923631,0.530000,-0.100000,-0.100000
1615.923631,0.530000,-0.130000,-0.100000
1616.019761,0.570000,-0.110000,-0.110000
1616.019761,0.690000,-0.030000,-0.110000
1616.019761,0.760000,0.000000,-0.120000
1616.019761,0.890000,0.030000,-0.150000
1616.019761,0.940000,0.020000,-0.160000
1616.115901,0.960000,-0.100000,-0.170000
1616.115901,0.930000,-0.160000,-0.200000
1616.115901,0.900000,-0.190000,-0.220000
1616.115901,0.840000,-0.090000,-0.260000
1616.115901,0.810000,0.050000,-0.260000
1616.212041,0.870000,0.220000,-0.170000
1616.212041,0.810000,0.370000,-0.070000
1616.212041,0.650000,0.250000,-0.040000
1616.212041,0.300000,-0.070000,0.000000
1616.212041,0.140000,-0.070000,0.040000
1616.308201,0.610000,-0.250000,0.050000
1616.308201,1.020000,-0.740000,-0.010000
1616.308201,1.140000,-0.830000,-0.050000
1616.308201,1.550000,-0.270000,-0.210000
1616.308201,1.670000,0.510000,-0.320000
1616.404341,0.770000,0.280000,-0.180000
1616.404341,0.340000,0.060000,-0.220000
1616.404341,0.210000,0.020000,-0.250000
1616.404341,0.060000,-0.170000,-0.270000
1616.404341,0.020000,-0.260000,-0.300000
1616.500471,0.050000,-0.270000,-0.300000
1616.500471,-0.140000,-0.480000,-0.190000
1616.500471,-0.050000,-0.470000,-0.210000
1616.500471,0.100000,-0.280000,-0.220000
1616.500471,0.200000,0.010000,-0.190000
1616.596601,0.080000,0.000000,-0.060000
1616.596601,0.080000,0.110000,-0.030000
1616.596601,0.080000,0.150000,-0.010000
1616.596601,-0.010000,0.100000,0.030000
1616.596601,-0.030000,0.090000,0.060000
1616.692731,-0.150000,-0.050000,0.170000
1616.692731,-0.180000,-0.140000,0.230000
1616.692731,-0.160000,-0.110000,0.250000
1616.692731,-0.100000,-0.030000,0.280000
1616.692731,-0.090000,-0.040000,0.290000
1616.788861,-0.140000,-0.050000,0.320000
1616.788861,-0.120000,0.060000,0.330000
1616.788861,-0.080000,0.100000,0.310000
1616.788861,-0.050000,0.140000,0.290000
1616.788861,-0.060000,0.030000,0.290000
