0.096300,0.000000,-0.020000,-0.010000
0.096300,0.000000,-0.030000,-0.010000
0.096300,0.000000,-0.040000,-0.010000
0.096300,0.000000,-0.050000,-0.010000
0.096300,0.000000,-0.040000,-0.010000
0.192590,0.000000,-0.020000,-0.010000
0.192590,0.000000,-0.020000,-0.010000
0.192590,0.000000,-0.020000,-0.010000
0.192590,0.000000,-0.020000,-0.010000
0.192590,0.000000,-0.020000,-0.010000
0.288870,0.000000,-0.010000,-0.010000
0.288870,0.000000,0.000000,0.000000
0.288870,0.000000,0.000000,0.000000
0.288870,0.000000,-0.020000,0.010000
0.288870,0.000000,-0.050000,0.020000
0.385150,-0.010000,-0.060000,0.000000
0.385150,0.000000,-0.070000,0.000000
0.385150,0.000000,-0.070000,0.000000
0.385150,0.000000,-0.070000,0.000000
0.385150,0.000000,-0.040000,0.000000
0.481430,0.000000,0.030000,0.000000
0.481430,0.000000,0.050000,-0.010000
0.481430,0.000000,0.040000,-0.010000
0.481430,0.000000,0.000000,-0.010000
0.481430,0.020000,-0.010000,0.000000
0.577720,0.010000,0.000000,-0.010000
0.577720,0.000000,0.010000,-0.010000
0.577720,0.000000,0.010000,-0.010000
0.577720,0.000000,0.000000,0.000000
0.577720,0.010000,-0.020000,0.000000
0.673990,0.000000,-0.030000,0.000000
0.673990,0.000000,-0.040000,0.000000
0.673990,-0.010000,-0.050000,0.000000
0.673990,-0.010000,-0.090000,0.000000
0.673990,0.000000,-0.130000,0.010000
0.770290,0.000000,-0.130000,0.000000
0.770290,-0.010000,-0.100000,0.000000
0.770290,-0.010000,-0.080000,0.000000
0.770290,0.000000,-0.060000,0.000000
0.770290,0.010000,-0.040000,0.000000
0.866600,0.000000,-0.010000,0.000000
0.866600,0.000000,-0.010000,0.000000
0.866600,0.000000,-0.010000,0.000000
0.866600,0.000000,-0.020000,0.000000
0.866600,0.020000,-0.050000,0.000000
0.962930,0.000000,-0.100000,0.000000
0.962930,-0.010000,-0.110000,0.000000
0.962930,-0.010000,-0.110000,0.000000
0.962930,0.000000,-0.110000,0.000000
0.962930,0.000000,-0.100000,0.000000
1.059270,0.000000,-0.090000,0.000000
1.059270,0.000000,-0.080000,0.000000
1.059270,-0.010000,-0.070000,0.000000
1.059270,-0.010000,-0.060000,0.000000
1.059270,-0.010000,-0.080000,0.000000
1.155590,0.000000,-0.080000,0.000000
1.155590,0.000000,-0.070000,0.000000
1.155590,-0.010000,-0.050000,0.000000
1.155590,-0.010000,-0.030000,0.000000
1.155590,-0.010000,-0.040000,0.000000
1.251920,0.000000,-0.060000,0.000000
1.251920,0.000000,-0.050000,0.000000
1.251920,-0.010000,-0.050000,0.000000
1.251920,0.000000,-0.040000,0.000000
1.251920,0.000000,-0.050000,0.000000
1.348260,0.000000,-0.070000,0.000000
1.348260,0.000000,-0.060000,0.000000
1.348260,0.000000,-0.050000,0.000000
1.348260,0.000000,-0.030000,0.000000
1.348260,0.000000,-0.010000,0.000000
1.444580,0.000000,-0.010000,0.000000
1.444580,-0.070000,-0.020000,0.000000
1.444580,0.000000,-0.030000,0.000000
1.444580,0.000000,-0.020000,0.010000
1.444580,0.000000,-0.020000,0.020000
1.540880,0.000000,-0.020000,0.010000
1.540880,-0.010000,-0.030000,0.010000
1.540880,0.000000,-0.040000,0.010000
1.540880,0.000000,-0.070000,0.020000
1.540880,0.000000,-0.080000,0.020000
1.637210,-0.010000,-0.110000,0.020000
1.637210,-0.010000,-0.100000,0.020000
1.637210,0.000000,-0.090000,0.010000
1.637210,0.000000,-0.040000,0.010000
1.637210,0.000000,0.000000,0.000000
1.733520,0.000000,-0.020000,0.000000
1.733520,0.070000,-0.080000,0.000000
1.733520,0.000000,-0.100000,0.000000
1.733520,0.000000,-0.120000,0.010000
1.733520,0.000000,-0.120000,0.010000
1.829840,-0.010000,-0.090000,0.010000
1.829840,-0.010000,-0.090000,0.010000
1.829840,-0.010000,-0.090000,0.010000
1.829840,-0.010000,-0.090000,0.000000
1.829840,-0.010000,-0.100000,0.000000
1.926150,0.000000,-0.110000,0.000000
1.926150,0.000000,-0.120000,0.000000
1.926150,0.000000,-0.130000,0.000000
1.926150,0.000000,-0.130000,0.000000
1.926150,0.000000,-0.120000,0.000000
2.022470,0.000000,-0.090000,0.000000
2.022470,-0.010000,-0.090000,-0.010000
2.022470,-0.010000,-0.080000,-0.010000
2.022470,0.000000,-0.070000,0.000000
2.022470,0.000000,-0.060000,0.000000
2.118800,-0.010000,-0.030000,0.000000
2.118800,-0.020000,0.000000,0.000000
2.118800,-0.010000,0.000000,0.000000
2.118800,0.000000,0.010000,0.000000
2.118800,0.000000,-0.010000,0.000000
2.215110,-0.030000,-0.020000,0.000000
2.215110,-0.030000,-0.040000,0.000000
2.215110,-0.010000,-0.050000,0.000000
2.215110,-0.020000,-0.030000,0.000000
2.215110,-0.020000,-0.070000,0.000000
2.311430,-0.020000,-0.100000,0.000000
2.311430,-0.020000,-0.120000,-0.010000
2.311430,-0.030000,-0.140000,-0.010000
2.311430,-0.050000,-0.150000,-0.010000
2.311430,-0.060000,-0.180000,-0.010000
2.407750,-0.080000,-0.190000,0.000000
2.407750,-0.070000,-0.140000,0.000000
2.407750,-0.070000,-0.120000,0.000000
2.407750,-0.090000,-0.070000,0.000000
2.407750,-0.090000,0.080000,-0.050000
2.504080,-0.060000,-0.020000,0.000000
2.504080,-0.070000,-0.350000,0.030000
2.504080,-0.020000,-0.380000,0.020000
2.504080,-0.020000,-0.270000,0.020000
2.504080,-0.020000,-0.110000,0.030000
2.600390,-0.060000,0.070000,0.020000
2.600390,-0.050000,0.030000,0.000000
2.600390,-0.020000,0.020000,0.000000
2.600390,-0.020000,-0.130000,0.000000
2.600390,-0.030000,-0.280000,0.000000
2.696660,-0.070000,-0.230000,0.010000
2.696660,-0.030000,-0.040000,-0.020000
2.696660,0.040000,0.010000,-0.020000
2.696660,0.010000,0.020000,-0.020000
2.696660,0.000000,-0.070000,-0.060000
2.792960,-0.020000,-0.180000,-0.040000
2.792960,0.000000,-0.190000,0.000000
2.792960,0.040000,-0.150000,0.000000
2.792960,0.020000,-0.090000,0.000000
2.792960,0.000000,0.000000,-0.010000
2.889250,0.010000,-0.070000,0.000000
2.889250,0.030000,-0.080000,0.000000
2.889250,0.040000,-0.090000,0.000000
2.889250,0.030000,-0.090000,0.000000
2.889250,0.020000,-0.100000,0.000000
2.985540,0.040000,-0.110000,0.010000
2.985540,0.050000,-0.110000,0.000000
2.985540,0.060000,-0.080000,0.000000
2.985540,0.050000,-0.040000,0.000000
2.985540,0.040000,0.000000,-0.010000
3.081830,0.020000,0.110000,0.000000
3.081830,0.020000,0.100000,0.000000
3.081830,0.010000,0.040000,0.000000
3.081830,0.000000,-0.020000,0.000000
3.081830,0.000000,-0.050000,0.000000
3.178130,0.000000,-0.100000,0.000000
3.178130,0.000000,-0.100000,0.000000
3.178130,0.000000,-0.100000,0.000000
3.178130,0.000000,-0.130000,0.000000
3.178130,-0.010000,-0.150000,-0.010000
3.274420,0.000000,-0.120000,0.000000
3.274420,0.000000,-0.100000,0.000000
3.274420,0.000000,-0.060000,0.000000
3.274420,-0.020000,0.020000,-0.020000
3.274420,-0.040000,-0.020000,-0.010000
3.370700,-0.040000,-0.330000,0.050000
3.370700,0.000000,-0.270000,0.070000
3.370700,0.010000,0.000000,0.070000
3.370700,-0.080000,-0.050000,0.030000
3.370700,-0.120000,-0.120000,0.020000
3.466990,0.070000,-0.070000,0.040000
3.466990,0.120000,0.050000,0.030000
3.466990,0.100000,0.140000,-0.010000
3.466990,0.000000,-0.050000,-0.010000
3.466990,-0.040000,-0.130000,0.000000
3.563300,0.060000,-0.110000,0.030000
3.563300,0.070000,-0.040000,0.040000
3.563300,0.030000,0.080000,0.020000
3.563300,-0.030000,0.120000,-0.010000
3.563300,-0.040000,0.100000,-0.010000
3.659600,0.030000,-0.020000,0.020000
3.659600,0.020000,-0.090000,0.020000
3.659600,-0.030000,-0.220000,0.020000
3.659600,-0.050000,-0.290000,0.010000
3.659600,-0.040000,-0.280000,0.000000
3.758550,0.010000,-0.140000,0.010000
3.758550,0.000000,-0.100000,0.000000
3.758550,-0.030000,-0.030000,0.000000
3.758550,-0.040000,-0.040000,0.000000
3.758550,-0.030000,-0.050000,0.000000
3.854820,0.030000,-0.070000,0.000000
3.854820,0.020000,-0.090000,0.000000
3.854820,0.000000,-0.100000,0.000000
3.854820,0.000000,-0.100000,0.000000
3.854820,0.010000,-0.090000,0.000000
3.951070,0.020000,-0.030000,0.000000
3.951070,0.000000,-0.020000,0.000000
3.951070,0.000000,-0.030000,0.010000
3.951070,-0.020000,-0.080000,0.010000
3.951070,-0.020000,-0.140000,0.010000
113.728606,3.580000,-1.160000,-3.740000
113.728606,3.780000,-1.730000,-3.850000
113.728606,3.610000,-2.950000,-3.880000
113.728606,3.330000,-3.730000,-3.540000
113.728606,3.390000,-4.010000,-3.400000
113.824946,4.540000,-2.730000,-3.170000
113.824946,5.060000,-1.980000,-3.090000
113.824946,5.940000,-0.600000,-2.730000
113.824946,6.350000,0.480000,-2.280000
113.824946,6.460000,0.830000,-2.090000
113.921316,6.060000,1.140000,-1.180000
113.921316,5.810000,1.140000,-0.910000
113.921316,5.230000,0.830000,-0.500000
113.921316,4.550000,0.310000,-0.160000
113.921316,4.260000,0.020000,0.010000
114.017666,4.340000,0.000000,0.610000
114.017666,4.670000,0.450000,0.710000
114.017666,5.180000,1.770000,1.000000
114.017666,5.630000,2.540000,1.230000
114.017666,5.740000,2.890000,1.320000
114.114036,5.220000,4.230000,1.850000
114.114036,4.630000,4.390000,1.890000
114.114036,2.390000,2.770000,1.580000
114.114036,1.010000,2.860000,1.740000
114.114036,0.440000,2.480000,1.940000
114.210436,0.900000,1.910000,2.240000
114.210436,1.370000,2.240000,2.070000
114.210436,2.220000,3.510000,1.940000
114.210436,2.420000,4.710000,1.950000
114.210436,2.200000,4.840000,1.900000
114.309446,-0.350000,4.150000,1.920000
114.309446,-1.150000,4.060000,2.040000
114.309446,-2.220000,3.590000,2.380000
114.309446,-2.540000,2.690000,2.710000
114.309446,-2.400000,2.090000,2.830000
114.405766,-1.150000,1.650000,2.590000
114.405766,-0.660000,2.270000,1.910000
114.405766,-0.770000,2.990000,1.580000
114.405766,-1.180000,4.240000,0.840000
114.405766,-2.080000,7.140000,0.010000
114.502046,-3.140000,10.000000,-1.120000
114.502046,-3.230000,10.000000,-1.640000
114.502046,-3.530000,10.000000,-1.950000
114.502046,-5.080000,9.990000,-2.830000
114.502046,-5.470000,8.060000,-2.900000
114.598346,-1.800000,2.340000,-2.020000
114.598346,-0.380000,1.660000,-2.270000
114.598346,0.080000,1.640000,-2.560000
114.598346,0.510000,1.600000,-3.100000
114.598346,-0.290000,2.210000,-3.330000
114.694636,-1.330000,3.390000,-3.830000
114.694636,-1.130000,3.760000,-3.570000
114.694636,-0.560000,3.550000,-3.340000
114.694636,1.500000,2.430000,-3.240000
114.694636,3.200000,1.670000,-3.340000
114.790946,4.210000,0.280000,-3.600000
114.790946,3.940000,-0.510000,-3.530000
114.790946,3.730000,-0.870000,-3.540000
114.790946,3.660000,-1.530000,-3.810000
114.790946,4.080000,-1.800000,-4.010000
114.887286,4.870000,-1.760000,-3.950000
114.887286,5.260000,-1.710000,-3.960000
114.887286,5.390000,-1.720000,-3.910000
114.887286,5.420000,-1.840000,-3.610000
114.887286,4.970000,-2.080000,-3.200000
114.983636,4.030000,-2.750000,-2.740000
114.983636,3.720000,-3.120000,-2.540000
114.983636,3.670000,-3.220000,-2.400000
114.983636,3.720000,-3.260000,-1.970000
114.983636,3.920000,-3.040000,-1.610000
115.079976,4.230000,-2.080000,-1.440000
115.079976,4.310000,-1.180000,-0.940000
115.079976,4.380000,-0.640000,-0.590000
115.079976,4.480000,0.300000,-0.020000
115.079976,4.410000,0.980000,0.360000
115.176306,4.050000,1.490000,1.160000
115.176306,3.920000,1.460000,1.760000
115.176306,4.020000,1.480000,2.060000
115.176306,4.510000,2.000000,2.520000
115.176306,5.000000,3.400000,2.750000
115.272616,4.820000,6.380000,2.950000
115.272616,4.200000,7.550000,2.930000
115.272616,3.510000,7.860000,3.040000
115.272616,1.580000,7.880000,3.330000
115.272616,-1.170000,6.250000,3.380000
115.364906,-3.160000,6.110000,3.490000
115.364906,-2.730000,5.190000,3.220000
115.364906,-2.210000,4.850000,3.090000
115.364906,-1.560000,4.310000,2.630000
115.364906,-1.790000,4.780000,1.800000
115.461176,-3.250000,2.410000,1.450000
115.461176,-3.930000,1.400000,1.800000
115.461176,-4.720000,0.230000,2.490000
115.461176,-4.310000,-0.630000,2.730000
115.461176,-3.900000,-0.710000,2.740000
115.557436,-1.860000,2.080000,3.010000
115.557436,-0.220000,2.970000,3.080000
115.557436,0.030000,2.430000,2.890000
115.557436,-1.220000,0.970000,2.230000
115.557436,-1.840000,0.310000,2.260000
115.653686,-3.110000,-1.780000,2.500000
115.653686,-2.720000,-2.280000,2.420000
115.653686,-1.740000,-2.780000,2.020000
115.653686,-0.770000,-2.770000,1.760000
115.653686,-0.330000,-2.690000,1.630000
115.749946,0.720000,-2.210000,0.850000
115.749946,0.990000,-1.430000,0.580000
115.749946,0.650000,-0.330000,0.140000
115.749946,0.070000,0.490000,-0.190000
115.749946,-0.110000,0.830000,-0.350000
115.846236,-0.450000,1.770000,-0.660000
115.846236,-0.500000,2.020000,-0.790000
115.846236,-0.460000,1.890000,-0.890000
115.846236,-0.140000,1.480000,-0.840000
115.846236,0.090000,1.230000,-0.810000
115.942466,0.760000,0.150000,-0.790000
115.942466,0.870000,-0.670000,-0.790000
115.942466,0.770000,-1.400000,-0.710000
115.942466,0.660000,-1.960000,-0.570000
115.942466,0.600000,-2.150000,-0.500000
116.041446,0.580000,-2.410000,-0.320000
116.041446,0.710000,-2.440000,-0.110000
116.041446,0.920000,-2.350000,0.080000
116.041446,1.130000,-2.220000,0.220000
116.041446,1.140000,-2.140000,0.280000
116.137706,0.160000,-1.300000,0.370000
116.137706,-0.300000,-0.770000,0.430000
116.137706,-0.260000,-0.550000,0.440000
116.137706,-0.010000,-0.230000,0.350000
116.137706,0.310000,-0.060000,0.240000
116.233976,0.330000,-0.490000,0.100000
116.233976,0.220000,-0.680000,0.110000
116.233976,-0.030000,-0.720000,0.150000
116.233976,-0.210000,-0.700000,0.220000
116.233976,-0.370000,-0.480000,0.290000
116.330256,-0.250000,-0.110000,0.340000
116.330256,-0.110000,-0.040000,0.340000
116.330256,0.120000,-0.080000,0.330000
116.330256,0.170000,-0.240000,0.280000
116.330256,0.130000,-0.460000,0.200000
116.426486,-0.090000,-0.640000,0.130000
116.426486,-0.100000,-0.660000,0.100000
116.426486,-0.090000,-0.610000,0.080000
116.426486,-0.070000,-0.540000,0.020000
116.426486,-0.030000,-0.520000,-0.050000
116.522736,0.130000,-0.430000,-0.150000
116.522736,0.100000,-0.430000,-0.230000
116.522736,-0.050000,-0.420000,-0.260000
116.522736,-0.220000,-0.330000,-0.310000
116.522736,-0.250000,-0.280000,-0.400000
116.618996,-0.170000,-0.020000,-0.550000
116.618996,-0.160000,0.040000,-0.690000
116.618996,-0.140000,0.000000,-0.680000
116.618996,0.060000,-0.330000,-0.600000
116.618996,0.170000,-0.570000,-0.470000
116.715236,0.130000,-1.170000,-0.550000
116.715236,0.080000,-1.150000,-0.540000
116.715236,0.040000,-1.090000,-0.390000
116.715236,-0.050000,-0.870000,-0.200000
116.715236,-0.080000,-0.830000,-0.160000
116.811476,-0.090000,-0.610000,0.080000
116.811476,-0.340000,-0.530000,0.150000
116.811476,-1.410000,0.740000,-0.160000
116.811476,-2.410000,4.610000,-0.900000
116.811476,-2.810000,5.270000,-1.340000
116.907736,-1.240000,7.450000,-2.440000
116.907736,-0.900000,7.610000,-3.090000
116.907736,-0.890000,6.820000,-4.580000
116.907736,-1.580000,5.640000,-5.540000
116.907736,-2.060000,4.930000,-5.700000
117.003996,-2.520000,0.070000,-5.490000
117.003996,-2.140000,-1.340000,-5.440000
117.003996,-1.190000,-3.440000,-5.250000
117.003996,-0.500000,-4.640000,-4.970000
117.003996,-0.400000,-4.870000,-4.970000
117.100246,-1.230000,-4.550000,-5.220000
117.100246,-1.710000,-4.100000,-5.080000
117.100246,-2.470000,-3.580000,-4.940000
117.100246,-2.960000,-3.590000,-4.960000
117.100246,-3.280000,-3.590000,-4.840000
117.196486,-3.690000,-3.510000,-4.000000
117.196486,-3.360000,-3.680000,-3.920000
117.196486,-2.790000,-4.460000,-3.610000
117.196486,-2.540000,-5.390000,-3.070000
117.196486,-2.530000,-5.630000,-2.890000
117.292736,-2.460000,-5.170000,-3.390000
117.292736,-2.390000,-4.480000,-3.460000
117.292736,-3.130000,-1.630000,-3.330000
117.292736,-3.510000,0.820000,-3.790000
117.292736,-3.350000,1.760000,-4.200000
117.388996,-1.220000,4.120000,-5.630000
117.388996,-0.750000,3.900000,-5.970000
117.388996,-0.130000,3.040000,-6.200000
117.388996,0.430000,1.900000,-5.870000
117.388996,0.660000,1.210000,-5.740000
117.485246,1.160000,-1.820000,-5.930000
117.485246,1.160000,-3.110000,-5.630000
117.485246,0.700000,-4.990000,-4.880000
117.485246,0.490000,-5.260000,-4.860000
117.485246,0.670000,-5.440000,-5.090000
117.584166,-0.200000,-4.180000,-3.500000
117.584166,-0.580000,-4.070000,-3.100000
117.584166,-1.050000,-3.310000,-2.760000
117.584166,-0.770000,-2.060000,-2.680000
117.584166,-0.460000,-1.420000,-2.530000
195.191120,0.000000,0.000000,0.000000
195.191120,0.000000,-0.010000,0.000000
195.191120,0.000000,-0.010000,0.000000
195.191120,0.000000,-0.020000,0.010000
195.191120,0.000000,-0.050000,0.000000
195.275400,0.000000,-0.080000,0.000000
195.275400,0.000000,-0.080000,0.000000
195.275400,0.000000,-0.090000,0.010000
195.275400,0.000000,-0.100000,0.010000
195.275400,0.000000,-0.100000,0.010000
195.359660,0.000000,-0.090000,0.000000
195.359660,0.000000,-0.070000,0.010000
195.359660,0.000000,-0.070000,0.010000
195.359660,0.000000,-0.070000,0.010000
195.359660,0.000000,-0.060000,0.010000
195.443920,0.000000,-0.040000,0.010000
195.443920,0.000000,-0.030000,0.010000
195.443920,0.000000,-0.030000,0.010000
195.443920,0.010000,-0.030000,0.010000
195.443920,0.010000,-0.030000,0.010000
195.528160,0.010000,-0.050000,0.010000
195.528160,0.000000,-0.050000,0.010000
195.528160,0.000000,-0.050000,0.010000
195.528160,0.000000,-0.050000,0.010000
195.528160,0.000000,-0.050000,0.010000
195.612410,0.000000,-0.040000,0.000000
195.612410,0.000000,-0.040000,0.000000
195.612410,0.000000,-0.050000,0.000000
195.612410,0.000000,-0.050000,0.000000
195.612410,0.000000,-0.060000,0.000000
195.696660,0.000000,-0.060000,0.000000
195.696660,0.000000,-0.050000,0.000000
195.696660,0.000000,-0.050000,0.000000
195.696660,0.000000,-0.040000,0.000000
195.696660,0.000000,-0.050000,0.010000
195.780910,0.000000,-0.070000,0.010000
195.780910,0.000000,-0.090000,0.010000
195.780910,0.000000,-0.100000,0.010000
195.780910,0.000000,-0.090000,0.000000
195.780910,0.000000,-0.090000,0.000000
195.865150,0.000000,-0.060000,0.010000
195.865150,0.000000,-0.040000,0.020000
195.865150,0.000000,-0.050000,0.020000
195.865150,0.000000,-0.050000,0.020000
195.865150,0.000000,-0.050000,0.010000
195.949410,0.000000,-0.040000,0.010000
195.949410,0.000000,-0.040000,0.010000
195.949410,-0.010000,-0.040000,0.000000
195.949410,-0.010000,-0.050000,0.000000
195.949410,0.000000,-0.060000,0.000000
196.036320,0.000000,-0.070000,0.000000
196.036320,0.000000,-0.070000,0.000000
196.036320,0.000000,-0.060000,0.000000
196.036320,0.000000,-0.040000,0.000000
196.036320,0.000000,-0.030000,0.010000
196.123260,0.000000,-0.020000,0.010000
196.123260,0.000000,-0.020000,0.010000
196.123260,0.000000,-0.020000,0.000000
196.123260,0.000000,-0.040000,0.000000
196.123260,-0.010000,-0.060000,0.000000
196.210180,0.000000,-0.080000,0.000000
196.210180,0.000000,-0.050000,0.010000
196.210180,0.000000,-0.020000,0.010000
196.210180,0.000000,-0.020000,0.010000
196.210180,-0.010000,-0.030000,0.010000
196.294410,-0.010000,-0.050000,0.020000
196.294410,0.000000,-0.050000,0.020000
196.294410,0.000000,-0.050000,0.010000
196.294410,0.000000,-0.050000,0.000000
196.294410,-0.010000,-0.060000,0.000000
196.378650,-0.010000,-0.070000,-0.010000
196.378650,0.000000,-0.070000,-0.020000
196.378650,0.000000,-0.070000,-0.020000
196.378650,0.000000,-0.060000,-0.020000
196.378650,0.000000,-0.050000,-0.020000
196.462890,0.000000,-0.050000,-0.010000
196.462890,0.000000,-0.060000,-0.020000
196.462890,-0.010000,-0.060000,-0.020000
196.462890,0.000000,-0.060000,-0.030000
196.462890,0.000000,-0.050000,-0.020000
196.547120,-0.010000,-0.010000,-0.040000
196.547120,-0.010000,0.010000,-0.040000
196.547120,0.000000,0.060000,-0.030000
196.547120,0.000000,0.080000,-0.020000
196.547120,0.020000,0.090000,-0.010000
196.631380,0.020000,0.080000,0.000000
196.631380,0.010000,0.040000,0.000000
196.631380,0.000000,-0.010000,0.000000
196.631380,0.000000,-0.050000,0.000000
196.631380,0.010000,-0.080000,0.000000
196.715620,0.010000,-0.120000,0.000000
196.715620,0.000000,-0.090000,0.000000
196.715620,0.000000,-0.070000,0.000000
196.715620,0.000000,-0.050000,0.000000
196.715620,0.000000,-0.040000,0.000000
196.799870,0.010000,-0.040000,0.000000
196.799870,0.000000,-0.050000,0.000000
196.799870,0.000000,-0.050000,0.000000
196.799870,0.000000,-0.060000,0.000000
196.799870,0.000000,-0.070000,0.000000
196.884080,0.010000,-0.070000,0.000000
196.884080,0.010000,-0.070000,0.000000
196.884080,0.000000,-0.050000,0.000000
196.884080,0.000000,-0.050000,0.000000
196.884080,0.000000,-0.050000,-0.010000
196.968340,0.000000,-0.070000,-0.020000
196.968340,0.000000,-0.070000,-0.020000
196.968340,0.000000,-0.060000,0.000000
196.968340,0.000000,-0.050000,0.000000
196.968340,0.000000,-0.030000,0.000000
197.052600,0.000000,0.010000,0.000000
197.052600,0.000000,0.010000,0.000000
197.052600,0.000000,0.000000,0.000000
197.052600,0.000000,-0.050000,0.000000
197.052600,0.000000,-0.080000,0.000000
197.136820,0.000000,-0.140000,0.020000
197.136820,0.010000,-0.150000,0.020000
197.136820,0.010000,-0.150000,0.020000
197.136820,0.000000,-0.130000,0.020000
197.136820,0.000000,-0.080000,0.020000
197.221080,0.000000,-0.030000,0.000000
197.221080,0.000000,-0.040000,0.000000
197.221080,0.000000,-0.050000,0.000000
197.221080,0.000000,-0.060000,0.000000
197.221080,0.000000,-0.070000,0.000000
197.305340,0.000000,-0.070000,0.000000
197.305340,-0.010000,-0.050000,-0.020000
197.305340,-0.010000,-0.050000,-0.020000
197.305340,0.000000,-0.050000,-0.010000
197.305340,0.000000,-0.050000,0.000000
197.389610,0.000000,-0.060000,0.000000
197.389610,0.000000,-0.050000,0.000000
197.389610,0.000000,-0.050000,0.000000
197.389610,0.000000,-0.050000,0.000000
197.389610,0.000000,-0.050000,0.000000
197.473860,0.000000,-0.070000,0.000000
197.473860,0.000000,-0.080000,0.000000
197.473860,0.000000,-0.080000,0.000000
197.473860,-0.010000,-0.090000,0.000000
197.473860,-0.010000,-0.090000,0.000000
197.560760,-0.010000,-0.090000,-0.020000
197.560760,-0.010000,-0.080000,-0.020000
197.560760,0.000000,-0.070000,-0.020000
197.560760,0.000000,-0.070000,-0.010000
197.560760,-0.010000,-0.070000,0.000000
197.647700,0.000000,-0.080000,0.000000
197.647700,0.000000,-0.080000,0.000000
197.647700,0.000000,-0.080000,0.000000
197.647700,0.000000,-0.080000,0.000000
197.647700,-0.010000,-0.080000,0.000000
197.731950,-0.010000,-0.080000,0.000000
197.731950,0.000000,-0.070000,0.000000
197.731950,0.000000,-0.070000,0.000000
197.731950,0.000000,-0.060000,0.000000
197.731950,0.000000,-0.070000,0.000000
197.816220,0.000000,-0.080000,0.000000
197.816220,0.000000,-0.090000,0.000000
197.816220,0.000000,-0.090000,0.000000
197.816220,0.000000,-0.090000,0.000000
197.816220,0.000000,-0.080000,0.000000
197.903140,0.000000,-0.060000,0.000000
197.903140,0.000000,-0.040000,0.000000
197.903140,0.000000,-0.030000,0.000000
197.903140,0.000000,-0.020000,0.000000
197.903140,0.000000,-0.020000,0.000000
197.987420,0.000000,-0.060000,0.000000
197.987420,0.000000,-0.090000,0.000000
197.987420,0.000000,-0.100000,0.000000
197.987420,0.000000,-0.110000,0.000000
197.987420,0.000000,-0.120000,0.000000
198.071710,0.000000,-0.090000,0.000000
198.071710,0.000000,-0.050000,0.000000
198.071710,-0.010000,-0.040000,0.000000
198.071710,-0.010000,-0.030000,0.000000
198.071710,0.000000,-0.020000,0.000000
198.155990,0.000000,-0.050000,0.000000
198.155990,0.000000,-0.060000,0.000000
198.155990,-0.010000,-0.080000,0.000000
198.155990,-0.010000,-0.090000,0.000000
198.155990,-0.010000,-0.100000,0.000000
198.240280,-0.010000,-0.080000,-0.010000
198.240280,0.000000,-0.060000,-0.010000
198.240280,-0.010000,-0.050000,-0.010000
198.240280,0.000000,-0.040000,-0.010000
198.240280,0.000000,-0.040000,-0.010000
198.324550,0.000000,-0.060000,-0.010000
198.324550,0.000000,-0.080000,-0.010000
198.324550,0.000000,-0.090000,-0.010000
198.324550,0.000000,-0.100000,-0.010000
198.324550,0.000000,-0.100000,-0.010000
198.408830,0.000000,-0.090000,-0.010000
198.408830,0.000000,-0.060000,-0.010000
198.408830,0.000000,-0.060000,-0.010000
198.408830,0.010000,-0.050000,0.000000
198.408830,0.020000,-0.040000,0.000000
198.493130,0.020000,-0.030000,0.000000
198.493130,0.010000,-0.030000,0.000000
198.493130,0.000000,-0.050000,0.000000
198.493130,0.000000,-0.060000,0.010000
198.493130,0.000000,-0.070000,0.010000
198.577410,0.000000,-0.070000,0.010000
198.577410,0.000000,-0.060000,0.000000
198.577410,0.000000,-0.050000,0.000000
198.577410,-0.010000,-0.040000,0.000000
198.577410,-0.010000,-0.050000,0.000000
198.661670,-0.010000,-0.080000,0.000000
198.661670,-0.010000,-0.090000,0.000000
198.661670,-0.010000,-0.090000,0.000000
198.661670,-0.010000,-0.090000,0.000000
198.661670,-0.010000,-0.090000,0.000000
198.745950,-0.030000,-0.070000,-0.010000
198.745950,-0.010000,-0.050000,0.000000
198.745950,0.000000,-0.050000,0.000000
198.745950,0.010000,-0.040000,0.010000
198.745950,0.000000,-0.030000,0.010000
198.830230,-0.010000,-0.020000,0.010000
198.830230,-0.010000,-0.020000,0.010000
198.830230,0.000000,-0.020000,0.010000
198.830230,0.000000,-0.020000,0.010000
198.830230,0.000000,-0.030000,0.010000
198.914480,-0.020000,-0.040000,0.000000
198.914480,-0.010000,-0.040000,0.000000
198.914480,0.000000,-0.060000,0.000000
198.914480,0.000000,-0.060000,0.000000
198.914480,0.000000,-0.060000,0.000000
198.998740,-0.010000,-0.050000,0.000000
198.998740,-0.010000,-0.040000,0.000000
198.998740,0.000000,-0.040000,0.000000
198.998740,0.000000,-0.030000,0.000000
198.998740,0.000000,-0.030000,0.010000
199.083040,0.000000,-0.020000,0.010000
199.083040,0.000000,-0.020000,0.010000
199.083040,0.000000,-0.030000,0.010000
199.083040,0.000000,-0.030000,0.010000
199.083040,0.000000,-0.040000,0.010000
786.528475,0.000000,-0.020000,-0.010000
786.528475,0.000000,-0.030000,-0.010000
786.528475,0.000000,-0.040000,-0.010000
786.528475,0.000000,-0.050000,-0.010000
786.528475,0.000000,-0.040000,-0.010000
786.624765,0.000000,-0.020000,-0.010000
786.624765,0.000000,-0.020000,-0.010000
786.624765,0.000000,-0.020000,-0.010000
786.624765,0.000000,-0.020000,-0.010000
786.624765,0.000000,-0.020000,-0.010000
786.721045,0.000000,-0.010000,-0.010000
786.721045,0.000000,0.000000,0.000000
786.721045,0.000000,0.000000,0.000000
786.721045,0.000000,-0.020000,0.010000
786.721045,0.000000,-0.050000,0.020000
786.817325,-0.010000,-0.060000,0.000000
786.817325,0.000000,-0.070000,0.000000
786.817325,0.000000,-0.070000,0.000000
786.817325,0.000000,-0.070000,0.000000
786.817325,0.000000,-0.040000,0.000000
786.913605,0.000000,0.030000,0.000000
786.913605,0.000000,0.050000,-0.010000
786.913605,0.000000,0.040000,-0.010000
786.913605,0.000000,0.000000,-0.010000
786.913605,0.020000,-0.010000,0.000000
787.009895,0.010000,0.000000,-0.010000
787.009895,0.000000,0.010000,-0.010000
787.009895,0.000000,0.010000,-0.010000
787.009895,0.000000,0.000000,0.000000
787.009895,0.010000,-0.020000,0.000000
787.106165,0.000000,-0.030000,0.000000
787.106165,0.000000,-0.040000,0.000000
787.106165,-0.010000,-0.050000,0.000000
787.106165,-0.010000,-0.090000,0.000000
787.106165,0.000000,-0.130000,0.010000
787.202465,0.000000,-0.130000,0.000000
787.202465,-0.010000,-0.100000,0.000000
787.202465,-0.010000,-0.080000,0.000000
787.202465,0.000000,-0.060000,0.000000
787.202465,0.010000,-0.040000,0.000000
787.298775,0.000000,-0.010000,0.000000
787.298775,0.000000,-0.010000,0.000000
787.298775,0.000000,-0.010000,0.000000
787.298775,0.000000,-0.020000,0.000000
787.298775,0.020000,-0.050000,0.000000
787.395105,0.000000,-0.100000,0.000000
787.395105,-0.010000,-0.110000,0.000000
787.395105,-0.010000,-0.110000,0.000000
787.395105,0.000000,-0.110000,0.000000
787.395105,0.000000,-0.100000,0.000000
787.491445,0.000000,-0.090000,0.000000
787.491445,0.000000,-0.080000,0.000000
787.491445,-0.010000,-0.070000,0.000000
787.491445,-0.010000,-0.060000,0.000000
787.491445,-0.010000,-0.080000,0.000000
787.587765,0.000000,-0.080000,0.000000
787.587765,0.000000,-0.070000,0.000000
787.587765,-0.010000,-0.050000,0.000000
787.587765,-0.010000,-0.030000,0.000000
787.587765,-0.010000,-0.040000,0.000000
787.684095,0.000000,-0.060000,0.000000
787.684095,0.000000,-0.050000,0.000000
787.684095,-0.010000,-0.050000,0.000000
787.684095,0.000000,-0.040000,0.000000
787.684095,0.000000,-0.050000,0.000000
787.780435,0.000000,-0.070000,0.000000
787.780435,0.000000,-0.060000,0.000000
787.780435,0.000000,-0.050000,0.000000
787.780435,0.000000,-0.030000,0.000000
787.780435,0.000000,-0.010000,0.000000
787.876755,0.000000,-0.010000,0.000000
787.876755,-0.070000,-0.020000,0.000000
787.876755,0.000000,-0.030000,0.000000
787.876755,0.000000,-0.020000,0.010000
787.876755,0.000000,-0.020000,0.020000
787.973055,0.000000,-0.020000,0.010000
787.973055,-0.010000,-0.030000,0.010000
787.973055,0.000000,-0.040000,0.010000
787.973055,0.000000,-0.070000,0.020000
787.973055,0.000000,-0.080000,0.020000
788.069385,-0.010000,-0.110000,0.020000
788.069385,-0.010000,-0.100000,0.020000
788.069385,0.000000,-0.090000,0.010000
788.069385,0.000000,-0.040000,0.010000
788.069385,0.000000,0.000000,0.000000
788.165695,0.000000,-0.020000,0.000000
788.165695,0.070000,-0.080000,0.000000
788.165695,0.000000,-0.100000,0.000000
788.165695,0.000000,-0.120000,0.010000
788.165695,0.000000,-0.120000,0.010000
788.262015,-0.010000,-0.090000,0.010000
788.262015,-0.010000,-0.090000,0.010000
788.262015,-0.010000,-0.090000,0.010000
788.262015,-0.010000,-0.090000,0.000000
788.262015,-0.010000,-0.100000,0.000000
788.358325,0.000000,-0.110000,0.000000
788.358325,0.000000,-0.120000,0.000000
788.358325,0.000000,-0.130000,0.000000
788.358325,0.000000,-0.130000,0.000000
788.358325,0.000000,-0.120000,0.000000
788.454645,0.000000,-0.090000,0.000000
788.454645,-0.010000,-0.090000,-0.010000
788.454645,-0.010000,-0.080000,-0.010000
788.454645,0.000000,-0.070000,0.000000
788.454645,0.000000,-0.060000,0.000000
788.550975,-0.010000,-0.030000,0.000000
788.550975,-0.020000,0.000000,0.000000
788.550975,-0.010000,0.000000,0.000000
788.550975,0.000000,0.010000,0.000000
788.550975,0.000000,-0.010000,0.000000
788.647285,-0.030000,-0.020000,0.000000
788.647285,-0.030000,-0.040000,0.000000
788.647285,-0.010000,-0.050000,0.000000
788.647285,-0.020000,-0.030000,0.000000
788.647285,-0.020000,-0.070000,0.000000
788.743605,-0.020000,-0.100000,0.000000
788.743605,-0.020000,-0.120000,-0.010000
788.743605,-0.030000,-0.140000,-0.010000
788.743605,-0.050000,-0.150000,-0.010000
788.743605,-0.060000,-0.180000,-0.010000
788.839925,-0.080000,-0.190000,0.000000
788.839925,-0.070000,-0.140000,0.000000
788.839925,-0.070000,-0.120000,0.000000
788.839925,-0.090000,-0.070000,0.000000
788.839925,-0.090000,0.080000,-0.050000
788.936255,-0.060000,-0.020000,0.000000
788.936255,-0.070000,-0.350000,0.030000
788.936255,-0.020000,-0.380000,0.020000
788.936255,-0.020000,-0.270000,0.020000
788.936255,-0.020000,-0.110000,0.030000
789.032565,-0.060000,0.070000,0.020000
789.032565,-0.050000,0.030000,0.000000
789.032565,-0.020000,0.020000,0.000000
789.032565,-0.020000,-0.130000,0.000000
789.032565,-0.030000,-0.280000,0.000000
789.128835,-0.070000,-0.230000,0.010000
789.128835,-0.030000,-0.040000,-0.020000
789.128835,0.040000,0.010000,-0.020000
789.128835,0.010000,0.020000,-0.020000
789.128835,0.000000,-0.070000,-0.060000
789.225135,-0.020000,-0.180000,-0.040000
789.225135,0.000000,-0.190000,0.000000
789.225135,0.040000,-0.150000,0.000000
789.225135,0.020000,-0.090000,0.000000
789.225135,0.000000,0.000000,-0.010000
789.321425,0.010000,-0.070000,0.000000
789.321425,0.030000,-0.080000,0.000000
789.321425,0.040000,-0.090000,0.000000
789.321425,0.030000,-0.090000,0.000000
789.321425,0.020000,-0.100000,0.000000
789.417715,0.040000,-0.110000,0.010000
789.417715,0.050000,-0.110000,0.000000
789.417715,0.060000,-0.080000,0.000000
789.417715,0.050000,-0.040000,0.000000
789.417715,0.040000,0.000000,-0.010000
789.514005,0.020000,0.110000,0.000000
789.514005,0.020000,0.100000,0.000000
789.514005,0.010000,0.040000,0.000000
789.514005,0.000000,-0.020000,0.000000
789.514005,0.000000,-0.050000,0.000000
789.610305,0.000000,-0.100000,0.000000
789.610305,0.000000,-0.100000,0.000000
789.610305,0.000000,-0.100000,0.000000
789.610305,0.000000,-0.130000,0.000000
789.610305,-0.010000,-0.150000,-0.010000
789.706595,0.000000,-0.120000,0.000000
789.706595,0.000000,-0.100000,0.000000
789.706595,0.000000,-0.060000,0.000000
789.706595,-0.020000,0.020000,-0.020000
789.706595,-0.040000,-0.020000,-0.010000
789.802875,-0.040000,-0.330000,0.050000
789.802875,0.000000,-0.270000,0.070000
789.802875,0.010000,0.000000,0.070000
789.802875,-0.080000,-0.050000,0.030000
789.802875,-0.120000,-0.120000,0.020000
789.899165,0.070000,-0.070000,0.040000
789.899165,0.120000,0.050000,0.030000
789.899165,0.100000,0.140000,-0.010000
789.899165,0.000000,-0.050000,-0.010000
789.899165,-0.040000,-0.130000,0.000000
789.995475,0.060000,-0.110000,0.030000
789.995475,0.070000,-0.040000,0.040000
789.995475,0.030000,0.080000,0.020000
789.995475,-0.030000,0.120000,-0.010000
789.995475,-0.040000,0.100000,-0.010000
790.091775,0.030000,-0.020000,0.020000
790.091775,0.020000,-0.090000,0.020000
790.091775,-0.030000,-0.220000,0.020000
790.091775,-0.050000,-0.290000,0.010000
790.091775,-0.040000,-0.280000,0.000000
790.190725,0.010000,-0.140000,0.010000
790.190725,0.000000,-0.100000,0.000000
790.190725,-0.030000,-0.030000,0.000000
790.190725,-0.040000,-0.040000,0.000000
790.190725,-0.030000,-0.050000,0.000000
790.286995,0.030000,-0.070000,0.000000
790.286995,0.020000,-0.090000,0.000000
790.286995,0.000000,-0.100000,0.000000
790.286995,0.000000,-0.100000,0.000000
790.286995,0.010000,-0.090000,0.000000
790.383245,0.020000,-0.030000,0.000000
790.383245,0.000000,-0.020000,0.000000
790.383245,0.000000,-0.030000,0.010000
790.383245,-0.020000,-0.080000,0.010000
790.383245,-0.020000,-0.140000,0.010000
900.160641,-0.270000,0.920000,-0.190000
900.160641,-0.170000,0.970000,-0.210000
900.160641,-0.030000,0.860000,-0.190000
900.160641,-0.020000,0.540000,-0.140000
900.160641,-0.070000,0.320000,-0.100000
900.256861,-0.260000,-0.360000,0.000000
900.256861,-0.250000,-0.400000,0.000000
900.256861,-0.130000,-0.250000,0.000000
900.256861,-0.030000,-0.030000,0.000000
900.256861,-0.020000,0.080000,-0.010000
900.353101,-0.170000,0.450000,-0.040000
900.353101,-0.210000,0.490000,-0.010000
900.353101,-0.240000,0.500000,0.030000
900.353101,-0.210000,0.470000,0.070000
900.353101,-0.180000,0.440000,0.100000
900.449371,-0.110000,0.160000,0.150000
900.449371,-0.110000,0.080000,0.150000
900.449371,-0.130000,0.100000,0.150000
900.449371,-0.160000,0.110000,0.080000
900.449371,-0.160000,0.120000,0.050000
900.545611,-0.180000,0.020000,0.000000
900.545611,-0.210000,-0.040000,0.000000
900.545611,-0.240000,-0.170000,0.000000
900.545611,-0.270000,-0.320000,0.040000
900.545611,-0.260000,-0.400000,0.060000
900.641861,-0.160000,-0.700000,0.040000
900.641861,-0.010000,-0.790000,0.040000
900.641861,0.120000,-0.920000,0.020000
900.641861,0.210000,-0.910000,0.000000
900.641861,0.220000,-0.810000,0.000000
900.738111,0.150000,-0.370000,-0.130000
900.738111,0.070000,-0.210000,-0.150000
900.738111,0.030000,-0.220000,-0.180000
900.738111,0.020000,-0.290000,-0.220000
900.738111,0.020000,-0.310000,-0.260000
900.834351,0.130000,-0.210000,-0.410000
900.834351,0.160000,-0.090000,-0.440000
900.834351,0.040000,0.170000,-0.630000
900.834351,0.000000,0.880000,-1.000000
900.834351,0.000000,1.390000,-1.180000
900.930621,-0.030000,2.910000,-2.440000
900.930621,-0.100000,3.770000,-2.840000
900.930621,-0.250000,4.510000,-3.400000
900.930621,-0.410000,4.300000,-3.800000
900.930621,-0.420000,3.990000,-3.960000
901.026831,0.000000,2.520000,-4.520000
901.026831,0.620000,1.380000,-4.570000
901.026831,1.310000,0.370000,-4.730000
901.026831,1.660000,-0.380000,-4.910000
901.026831,1.620000,-0.730000,-4.990000
901.123081,1.120000,-1.420000,-4.910000
901.123081,1.130000,-1.690000,-4.790000
901.123081,1.390000,-2.240000,-4.670000
901.123081,1.740000,-2.770000,-4.380000
901.123081,1.970000,-2.980000,-4.180000
901.219331,2.690000,-3.460000,-3.810000
901.219331,2.890000,-3.820000,-3.500000
901.219331,2.780000,-4.040000,-2.940000
901.219331,2.640000,-4.270000,-2.440000
901.219331,2.620000,-4.380000,-2.320000
901.315561,2.410000,-4.550000,-2.070000
901.315561,2.220000,-4.540000,-1.850000
901.315561,2.080000,-4.320000,-1.620000
901.315561,2.030000,-4.240000,-1.440000
901.315561,2.030000,-4.290000,-1.400000
901.414451,1.250000,-4.850000,-1.410000
901.414451,0.780000,-4.750000,-1.560000
901.414451,0.090000,-4.050000,-1.580000
901.414451,-0.440000,-3.510000,-1.490000
901.414451,-1.670000,-3.210000,-1.550000
901.510661,-1.970000,-3.260000,-1.510000
901.510661,-2.230000,-3.490000,-1.350000
901.510661,-2.590000,-4.170000,-1.280000
901.510661,-3.210000,-4.320000,-0.940000
901.510661,-3.490000,-3.710000,-0.690000
901.606881,-2.920000,-1.330000,-0.620000
901.606881,-2.610000,-0.610000,-0.590000
901.606881,-1.870000,0.460000,-0.460000
901.606881,-1.610000,1.050000,-0.420000
901.606881,-1.690000,1.190000,-0.410000
901.703091,-1.700000,0.770000,-0.140000
901.703091,-1.640000,0.560000,-0.040000
901.703091,-1.600000,-0.180000,0.160000
901.703091,-1.620000,-1.170000,0.590000
901.703091,-1.570000,-1.700000,0.850000
901.799311,-0.590000,-2.900000,1.430000
901.799311,-0.180000,-3.260000,1.650000
901.799311,0.610000,-3.670000,2.100000
901.799311,1.500000,-3.440000,2.340000
901.799311,1.910000,-3.420000,2.470000
901.895531,2.490000,-4.190000,3.410000
901.895531,2.520000,-3.990000,3.480000
901.895531,2.890000,-3.080000,3.320000
901.895531,3.630000,-2.460000,3.520000
901.895531,3.910000,-2.240000,3.720000
901.991751,4.480000,-0.160000,3.300000
901.991751,4.260000,-0.040000,3.120000
901.991751,3.110000,-0.360000,3.310000
901.991751,1.950000,-1.270000,3.390000
901.991751,1.450000,-1.450000,3.170000
902.087961,0.620000,1.860000,1.330000
902.087961,0.900000,2.830000,1.110000
902.087961,1.700000,4.080000,1.020000
902.087961,2.090000,4.770000,0.860000
902.087961,2.140000,4.870000,0.830000
902.184201,3.020000,4.250000,1.690000
902.184201,3.320000,4.240000,2.030000
902.184201,3.480000,4.840000,2.470000
902.184201,3.260000,5.670000,2.680000
902.184201,3.280000,5.870000,2.870000
902.280441,3.870000,1.620000,4.240000
902.280441,3.580000,1.540000,4.060000
902.280441,2.620000,0.340000,4.000000
902.280441,2.570000,-0.460000,3.810000
902.280441,2.950000,-0.930000,3.770000
902.376651,3.440000,-1.030000,2.850000
902.376651,3.230000,-0.330000,2.570000
902.376651,2.960000,1.200000,2.050000
902.376651,2.800000,2.610000,1.790000
902.376651,2.500000,3.020000,1.750000
902.472881,0.700000,3.870000,1.860000
902.472881,0.610000,3.970000,1.810000
902.472881,0.760000,4.080000,1.690000
902.472881,0.760000,4.100000,1.630000
902.472881,0.560000,4.160000,1.640000
902.569101,-0.430000,4.070000,2.000000
902.569101,-0.540000,3.650000,2.060000
902.569101,-0.590000,2.640000,2.080000
902.569101,-0.520000,1.890000,2.070000
902.569101,-0.470000,1.580000,2.060000
902.665301,-0.470000,0.590000,1.910000
902.665301,-0.590000,0.390000,1.780000
902.665301,-0.870000,0.200000,1.490000
902.665301,-1.020000,-0.010000,1.220000
902.665301,-1.020000,-0.160000,1.090000
902.761521,-0.470000,-0.570000,0.380000
902.761521,-0.310000,-0.620000,0.190000
902.761521,-0.110000,-0.600000,-0.150000
902.761521,0.000000,-0.460000,-0.460000
902.761521,0.050000,-0.380000,-0.600000
902.857761,0.320000,-0.200000,-1.020000
902.857761,0.410000,-0.220000,-1.120000
902.857761,0.540000,-0.330000,-1.320000
902.857761,0.540000,-0.410000,-1.500000
902.857761,0.400000,-0.340000,-1.550000
902.953961,0.320000,-0.200000,-1.020000
902.953961,0.410000,-0.220000,-1.120000
902.953961,0.540000,-0.330000,-1.320000
902.953961,0.540000,-0.410000,-1.500000
902.953961,0.400000,-0.340000,-1.550000
903.050161,0.420000,-1.950000,-1.220000
903.050161,0.600000,-2.240000,-1.100000
903.050161,0.720000,-2.640000,-0.900000
903.050161,0.590000,-2.680000,-0.710000
903.050161,0.370000,-2.430000,-0.590000
903.146391,-0.090000,-1.480000,-0.230000
903.146391,-0.220000,-1.110000,-0.100000
903.146391,-0.110000,-0.600000,0.060000
903.146391,0.130000,-0.240000,0.190000
903.146391,0.280000,-0.100000,0.270000
903.242581,0.660000,0.100000,0.640000
903.242581,0.760000,0.150000,0.720000
903.242581,0.760000,0.240000,0.870000
903.242581,0.670000,0.280000,0.920000
903.242581,0.610000,0.260000,0.920000
903.338791,0.420000,0.050000,0.890000
903.338791,0.410000,-0.220000,0.870000
903.338791,0.550000,-0.530000,0.880000
903.338791,0.740000,-0.750000,0.890000
903.338791,0.820000,-0.790000,0.890000
903.434981,0.850000,-0.700000,0.840000
903.434981,0.750000,-0.510000,0.810000
903.434981,0.670000,-0.440000,0.720000
903.434981,0.700000,-0.390000,0.630000
903.434981,0.740000,-0.430000,0.580000
903.533831,0.790000,-1.020000,0.420000
903.533831,0.620000,-1.670000,0.200000
903.533831,0.350000,-2.290000,-0.100000
903.533831,0.110000,-2.950000,-0.410000
903.533831,0.060000,-3.140000,-0.560000
903.629981,0.250000,-3.240000,-1.060000
903.629981,0.550000,-2.780000,-1.430000
903.629981,0.730000,-2.590000,-1.520000
903.629981,0.520000,-1.810000,-1.680000
903.629981,0.330000,-1.490000,-1.870000
903.726181,-0.080000,-0.290000,-1.910000
903.726181,-0.140000,-0.020000,-2.180000
903.726181,-0.370000,0.200000,-2.280000
903.726181,-0.600000,0.020000,-2.310000
903.726181,-0.630000,-0.320000,-2.280000
903.822351,-0.200000,-1.750000,-2.610000
903.822351,0.030000,-1.930000,-2.690000
903.822351,0.360000,-2.270000,-2.700000
903.822351,0.370000,-2.340000,-2.690000
903.822351,0.270000,-2.120000,-2.780000
903.918541,-0.220000,-0.560000,-3.600000
903.918541,-0.250000,-0.280000,-3.700000
903.918541,-0.480000,-0.420000,-3.760000
903.918541,-0.720000,-0.210000,-3.850000
903.918541,-0.750000,-0.010000,-3.900000
904.014741,0.070000,-0.740000,-3.870000
904.014741,0.270000,-1.210000,-3.700000
904.014741,0.360000,-1.690000,-3.430000
904.014741,0.240000,-1.780000,-3.270000
904.014741,0.200000,-1.860000,-3.210000
1013.067757,-0.050000,-0.070000,0.070000
1013.067757,-0.030000,-0.090000,0.070000
1013.067757,-0.020000,-0.100000,0.060000
1013.067757,-0.050000,-0.080000,0.050000
1013.067757,-0.050000,-0.060000,0.060000
1013.164037,-0.020000,-0.070000,0.060000
1013.164037,-0.040000,-0.090000,0.060000
1013.164037,-0.050000,-0.100000,0.060000
1013.164037,-0.030000,-0.080000,0.060000
1013.164037,-0.010000,-0.070000,0.050000
1013.260287,-0.030000,-0.090000,0.050000
1013.260287,-0.040000,-0.080000,0.050000
1013.260287,-0.020000,-0.090000,0.030000
1013.260287,-0.010000,-0.060000,0.030000
1013.260287,-0.010000,-0.050000,0.020000
1013.356537,-0.010000,-0.090000,0.020000
1013.356537,0.000000,-0.080000,0.020000
1013.356537,0.000000,-0.060000,0.010000
1013.356537,-0.010000,-0.050000,0.010000
1013.356537,-0.020000,-0.060000,0.010000
1013.452797,0.000000,-0.070000,0.020000
1013.452797,0.000000,-0.060000,0.010000
1013.452797,0.000000,-0.060000,0.010000
1013.452797,0.000000,-0.060000,0.010000
1013.452797,0.000000,-0.050000,0.010000
1013.549057,-0.010000,-0.070000,0.010000
1013.549057,0.000000,-0.050000,0.010000
1013.549057,0.010000,-0.030000,0.010000
1013.549057,-0.010000,-0.080000,0.020000
1013.549057,-0.020000,-0.090000,0.010000
1013.645307,0.000000,-0.040000,0.010000
1013.645307,0.000000,-0.040000,0.010000
1013.645307,-0.020000,-0.070000,0.000000
1013.645307,0.000000,-0.070000,0.000000
1013.645307,0.010000,-0.060000,0.000000
1238.934041,0.000000,-0.020000,-0.010000
1238.934041,0.000000,-0.030000,-0.010000
1238.934041,0.000000,-0.040000,-0.010000
1238.934041,0.000000,-0.050000,-0.010000
1238.934041,0.000000,-0.040000,-0.010000
1239.030331,0.000000,-0.020000,-0.010000
1239.030331,0.000000,-0.020000,-0.010000
1239.030331,0.000000,-0.020000,-0.010000
1239.030331,0.000000,-0.020000,-0.010000
1239.030331,0.000000,-0.020000,-0.010000
1239.126611,0.000000,-0.010000,-0.010000
1239.126611,0.000000,0.000000,0.000000
1239.126611,0.000000,0.000000,0.000000
1239.126611,0.000000,-0.020000,0.010000
1239.126611,0.000000,-0.050000,0.020000
1239.222891,-0.010000,-0.060000,0.000000
1239.222891,0.000000,-0.070000,0.000000
1239.222891,0.000000,-0.070000,0.000000
1239.222891,0.000000,-0.070000,0.000000
1239.222891,0.000000,-0.040000,0.000000
1239.319171,0.000000,0.030000,0.000000
1239.319171,0.000000,0.050000,-0.010000
1239.319171,0.000000,0.040000,-0.010000
1239.319171,0.000000,0.000000,-0.010000
1239.319171,0.020000,-0.010000,0.000000
1239.415461,0.010000,0.000000,-0.010000
1239.415461,0.000000,0.010000,-0.010000
1239.415461,0.000000,0.010000,-0.010000
1239.415461,0.000000,0.000000,0.000000
1239.415461,0.010000,-0.020000,0.000000
1239.511731,0.000000,-0.030000,0.000000
1239.511731,0.000000,-0.040000,0.000000
1239.511731,-0.010000,-0.050000,0.000000
1239.511731,-0.010000,-0.090000,0.000000
1239.511731,0.000000,-0.130000,0.010000
1239.608031,0.000000,-0.130000,0.000000
1239.608031,-0.010000,-0.100000,0.000000
1239.608031,-0.010000,-0.080000,0.000000
1239.608031,0.000000,-0.060000,0.000000
1239.608031,0.010000,-0.040000,0.000000
1239.704341,0.000000,-0.010000,0.000000
1239.704341,0.000000,-0.010000,0.000000
1239.704341,0.000000,-0.010000,0.000000
1239.704341,0.000000,-0.020000,0.000000
1239.704341,0.020000,-0.050000,0.000000
1239.800671,0.000000,-0.100000,0.000000
1239.800671,-0.010000,-0.110000,0.000000
1239.800671,-0.010000,-0.110000,0.000000
1239.800671,0.000000,-0.110000,0.000000
1239.800671,0.000000,-0.100000,0.000000
1239.897011,0.000000,-0.090000,0.000000
1239.897011,0.000000,-0.080000,0.000000
1239.897011,-0.010000,-0.070000,0.000000
1239.897011,-0.010000,-0.060000,0.000000
1239.897011,-0.010000,-0.080000,0.000000
1239.993331,0.000000,-0.080000,0.000000
1239.993331,0.000000,-0.070000,0.000000
1239.993331,-0.010000,-0.050000,0.000000
1239.993331,-0.010000,-0.030000,0.000000
1239.993331,-0.010000,-0.040000,0.000000
1240.089661,0.000000,-0.060000,0.000000
1240.089661,0.000000,-0.050000,0.000000
1240.089661,-0.010000,-0.050000,0.000000
1240.089661,0.000000,-0.040000,0.000000
1240.089661,0.000000,-0.050000,0.000000
1240.186001,0.000000,-0.070000,0.000000
1240.186001,0.000000,-0.060000,0.000000
1240.186001,0.000000,-0.050000,0.000000
1240.186001,0.000000,-0.030000,0.000000
1240.186001,0.000000,-0.010000,0.000000
1240.282321,0.000000,-0.010000,0.000000
1240.282321,-0.070000,-0.020000,0.000000
1240.282321,0.000000,-0.030000,0.000000
1240.282321,0.000000,-0.020000,0.010000
1240.282321,0.000000,-0.020000,0.020000
1240.378621,0.000000,-0.020000,0.010000
1240.378621,-0.010000,-0.030000,0.010000
1240.378621,0.000000,-0.040000,0.010000
1240.378621,0.000000,-0.070000,0.020000
1240.378621,0.000000,-0.080000,0.020000
1240.474951,-0.010000,-0.110000,0.020000
1240.474951,-0.010000,-0.100000,0.020000
1240.474951,0.000000,-0.090000,0.010000
1240.474951,0.000000,-0.040000,0.010000
1240.474951,0.000000,0.000000,0.000000
1240.571261,0.000000,-0.020000,0.000000
1240.571261,0.070000,-0.080000,0.000000
1240.571261,0.000000,-0.100000,0.000000
1240.571261,0.000000,-0.120000,0.010000
1240.571261,0.000000,-0.120000,0.010000
1240.667581,-0.010000,-0.090000,0.010000
1240.667581,-0.010000,-0.090000,0.010000
1240.667581,-0.010000,-0.090000,0.010000
1240.667581,-0.010000,-0.090000,0.000000
1240.667581,-0.010000,-0.100000,0.000000
1240.763891,0.000000,-0.110000,0.000000
1240.763891,0.000000,-0.120000,0.000000
1240.763891,0.000000,-0.130000,0.000000
1240.763891,0.000000,-0.130000,0.000000
1240.763891,0.000000,-0.120000,0.000000
1240.860211,0.000000,-0.090000,0.000000
1240.860211,-0.010000,-0.090000,-0.010000
1240.860211,-0.010000,-0.080000,-0.010000
1240.860211,0.000000,-0.070000,0.000000
1240.860211,0.000000,-0.060000,0.000000
1240.956541,-0.010000,-0.030000,0.000000
1240.956541,-0.020000,0.000000,0.000000
1240.956541,-0.010000,0.000000,0.000000
1240.956541,0.000000,0.010000,0.000000
1240.956541,0.000000,-0.010000,0.000000
1241.052851,-0.030000,-0.020000,0.000000
1241.052851,-0.030000,-0.040000,0.000000
1241.052851,-0.010000,-0.050000,0.000000
1241.052851,-0.020000,-0.030000,0.000000
1241.052851,-0.020000,-0.070000,0.000000
1241.149171,-0.020000,-0.100000,0.000000
1241.149171,-0.020000,-0.120000,-0.010000
1241.149171,-0.030000,-0.140000,-0.010000
1241.149171,-0.050000,-0.150000,-0.010000
1241.149171,-0.060000,-0.180000,-0.010000
1241.245491,-0.080000,-0.190000,0.000000
1241.245491,-0.070000,-0.140000,0.000000
1241.245491,-0.070000,-0.120000,0.000000
1241.245491,-0.090000,-0.070000,0.000000
1241.245491,-0.090000,0.080000,-0.050000
1241.341821,-0.060000,-0.020000,0.000000
1241.341821,-0.070000,-0.350000,0.030000
1241.341821,-0.020000,-0.380000,0.020000
1241.341821,-0.020000,-0.270000,0.020000
1241.341821,-0.020000,-0.110000,0.030000
1241.438131,-0.060000,0.070000,0.020000
1241.438131,-0.050000,0.030000,0.000000
1241.438131,-0.020000,0.020000,0.000000
1241.438131,-0.020000,-0.130000,0.000000
1241.438131,-0.030000,-0.280000,0.000000
1241.534401,-0.070000,-0.230000,0.010000
1241.534401,-0.030000,-0.040000,-0.020000
1241.534401,0.040000,0.010000,-0.020000
1241.534401,0.010000,0.020000,-0.020000
1241.534401,0.000000,-0.070000,-0.060000
1241.630701,-0.020000,-0.180000,-0.040000
1241.630701,0.000000,-0.190000,0.000000
1241.630701,0.040000,-0.150000,0.000000
1241.630701,0.020000,-0.090000,0.000000
1241.630701,0.000000,0.000000,-0.010000
1241.726991,0.010000,-0.070000,0.000000
1241.726991,0.030000,-0.080000,0.000000
1241.726991,0.040000,-0.090000,0.000000
1241.726991,0.030000,-0.090000,0.000000
1241.726991,0.020000,-0.100000,0.000000
1241.823281,0.040000,-0.110000,0.010000
1241.823281,0.050000,-0.110000,0.000000
1241.823281,0.060000,-0.080000,0.000000
1241.823281,0.050000,-0.040000,0.000000
1241.823281,0.040000,0.000000,-0.010000
1241.919571,0.020000,0.110000,0.000000
1241.919571,0.020000,0.100000,0.000000
1241.919571,0.010000,0.040000,0.000000
1241.919571,0.000000,-0.020000,0.000000
1241.919571,0.000000,-0.050000,0.000000
1242.015871,0.000000,-0.100000,0.000000
1242.015871,0.000000,-0.100000,0.000000
1242.015871,0.000000,-0.100000,0.000000
1242.015871,0.000000,-0.130000,0.000000
1242.015871,-0.010000,-0.150000,-0.010000
1242.112161,0.000000,-0.120000,0.000000
1242.112161,0.000000,-0.100000,0.000000
1242.112161,0.000000,-0.060000,0.000000
1242.112161,-0.020000,0.020000,-0.020000
1242.112161,-0.040000,-0.020000,-0.010000
1242.208441,-0.040000,-0.330000,0.050000
1242.208441,0.000000,-0.270000,0.070000
1242.208441,0.010000,0.000000,0.070000
1242.208441,-0.080000,-0.050000,0.030000
1242.208441,-0.120000,-0.120000,0.020000
1242.304731,0.070000,-0.070000,0.040000
1242.304731,0.120000,0.050000,0.030000
1242.304731,0.100000,0.140000,-0.010000
1242.304731,0.000000,-0.050000,-0.010000
1242.304731,-0.040000,-0.130000,0.000000
1242.401041,0.060000,-0.110000,0.030000
1242.401041,0.070000,-0.040000,0.040000
1242.401041,0.030000,0.080000,0.020000
1242.401041,-0.030000,0.120000,-0.010000
1242.401041,-0.040000,0.100000,-0.010000
1242.497341,0.030000,-0.020000,0.020000
1242.497341,0.020000,-0.090000,0.020000
1242.497341,-0.030000,-0.220000,0.020000
1242.497341,-0.050000,-0.290000,0.010000
1242.497341,-0.040000,-0.280000,0.000000
1242.596291,0.010000,-0.140000,0.010000
1242.596291,0.000000,-0.100000,0.000000
1242.596291,-0.030000,-0.030000,0.000000
1242.596291,-0.040000,-0.040000,0.000000
1242.596291,-0.030000,-0.050000,0.000000
1242.692561,0.030000,-0.070000,0.000000
1242.692561,0.020000,-0.090000,0.000000
1242.692561,0.000000,-0.100000,0.000000
1242.692561,0.000000,-0.100000,0.000000
1242.692561,0.010000,-0.090000,0.000000
1242.788811,0.020000,-0.030000,0.000000
1242.788811,0.000000,-0.020000,0.000000
1242.788811,0.000000,-0.030000,0.010000
1242.788811,-0.020000,-0.080000,0.010000
1242.788811,-0.020000,-0.140000,0.010000
1352.566207,-2.910000,-3.580000,-0.150000
1352.566207,-2.840000,-3.900000,0.030000
1352.566207,-2.770000,-3.930000,0.090000
1352.566207,-2.540000,-3.830000,0.190000
1352.566207,-2.310000,-3.040000,0.370000
1352.662437,-2.220000,-0.720000,0.690000
1352.662437,-2.760000,2.200000,0.770000
1352.662437,-2.880000,3.370000,0.610000
1352.662437,-2.870000,6.320000,0.120000
1352.662437,-2.940000,9.840000,-0.230000
1352.758657,-2.730000,9.880000,-0.430000
1352.758657,-1.290000,7.870000,-0.660000
1352.758657,-0.240000,6.660000,-0.330000
1352.758657,0.730000,2.410000,0.060000
1352.758657,0.440000,-1.560000,-0.260000
1352.854867,-0.310000,-4.540000,-0.120000
1352.854867,-0.850000,-4.490000,0.240000
1352.854867,-1.060000,-4.450000,0.290000
1352.854867,-1.120000,-4.490000,0.130000
1352.854867,-0.750000,-4.050000,0.150000
1352.951067,-0.470000,-2.810000,0.380000
1352.951067,-0.680000,-2.610000,0.180000
1352.951067,-0.820000,-2.640000,0.050000
1352.951067,-1.100000,-2.510000,-0.150000
1352.951067,-1.270000,-1.630000,-0.460000
1353.047267,-1.320000,-0.580000,-0.730000
1353.047267,-0.720000,-0.290000,-0.810000
1353.047267,-0.450000,-0.520000,-1.030000
1353.047267,-0.450000,-1.660000,-1.220000
1353.047267,-0.820000,-2.430000,-1.290000
1353.143477,0.390000,-0.810000,-1.000000
1353.143477,0.610000,3.520000,-0.040000
1353.143477,0.550000,4.950000,-0.350000
1353.143477,0.390000,6.330000,-1.730000
1353.143477,-1.060000,5.960000,-2.320000
1353.239677,-3.620000,6.120000,-1.090000
1353.239677,-2.630000,2.290000,-0.710000
1353.239677,-0.430000,-0.180000,-1.030000
1353.239677,1.030000,-0.620000,-1.150000
1353.239677,1.490000,-2.490000,-0.490000
1353.335917,0.860000,-3.360000,-1.130000
1353.335917,-0.560000,-3.090000,-0.230000
1353.335917,-1.270000,-2.750000,0.250000
1353.335917,-2.310000,-2.750000,0.170000
1353.335917,-2.850000,-3.360000,-0.360000
1353.432097,-1.400000,-2.520000,-0.110000
1353.432097,0.140000,-1.380000,0.120000
1353.432097,0.730000,-0.840000,0.080000
1353.432097,1.630000,0.520000,-0.210000
1353.432097,2.220000,2.090000,-0.360000
1353.528297,2.130000,4.750000,-0.620000
1353.528297,1.360000,5.590000,-0.520000
1353.528297,0.390000,3.980000,-0.390000
1353.528297,-1.190000,6.320000,-0.250000
1353.528297,-2.080000,6.380000,0.310000
1353.624497,0.790000,3.420000,0.740000
1353.624497,1.260000,0.150000,1.350000
1353.624497,1.010000,-0.810000,1.540000
1353.624497,0.750000,-1.920000,1.500000
1353.624497,0.530000,-2.650000,1.030000
1353.720717,-0.130000,-2.980000,1.040000
1353.720717,0.020000,-3.690000,1.010000
1353.720717,0.240000,-4.260000,0.900000
1353.720717,0.580000,-5.310000,0.680000
1353.720717,0.480000,-6.210000,0.700000
1353.816947,-0.090000,-7.360000,0.900000
1353.816947,-1.470000,-4.390000,1.430000
1353.816947,-1.920000,-2.420000,1.620000
1353.816947,-1.910000,0.020000,1.390000
1353.816947,-1.690000,2.530000,0.830000
1353.913167,-0.640000,7.140000,-0.030000
1353.913167,0.040000,9.680000,-0.330000
1353.913167,0.420000,9.940000,-0.350000
1353.913167,0.160000,7.630000,-0.690000
1353.913167,-0.570000,7.680000,-1.060000
1354.009387,-0.040000,-0.580000,-0.080000
1354.009387,1.130000,-2.440000,-0.300000
1354.009387,0.970000,-2.560000,-0.450000
1354.009387,0.820000,-2.850000,-0.770000
1354.009387,0.350000,-3.350000,-1.130000
1354.105637,-1.430000,-2.210000,-1.340000
1354.105637,-1.900000,-2.660000,-1.010000
1354.105637,-1.890000,-3.030000,-0.960000
1354.105637,-1.630000,-3.840000,-0.720000
1354.105637,-1.470000,-5.210000,-0.620000
1354.201867,-1.380000,-5.530000,-0.980000
1354.201867,-0.880000,-4.610000,-0.410000
1354.201867,-0.660000,-3.850000,-0.240000
1354.201867,-0.410000,-1.820000,-0.420000
1354.201867,-0.250000,0.260000,-0.820000
1354.298077,-0.350000,3.690000,-0.870000
1354.298077,-0.770000,6.690000,-0.320000
1354.298077,-0.980000,8.430000,0.200000
1354.298077,-0.060000,9.290000,1.480000
1354.298077,2.620000,9.220000,1.720000
1354.394277,1.310000,1.460000,1.170000
1354.394277,0.750000,-0.670000,2.030000
1354.394277,1.440000,-1.320000,2.600000
1354.394277,2.740000,-0.930000,3.050000
1354.394277,3.070000,-1.350000,2.990000
1354.490487,1.810000,-2.610000,2.620000
1354.490487,0.550000,-2.860000,2.910000
1354.490487,0.050000,-3.000000,2.930000
1354.490487,-0.640000,-3.810000,2.660000
1354.490487,-0.850000,-4.280000,2.140000
1354.586707,-0.700000,-4.110000,1.260000
1354.586707,-0.540000,-3.720000,0.790000
1354.586707,-0.520000,-3.550000,0.690000
1354.586707,-0.650000,-2.980000,0.570000
1354.586707,-0.890000,-2.350000,0.370000
1354.682917,-0.330000,0.010000,-0.300000
1354.682917,0.800000,2.310000,-0.500000
1354.682917,1.370000,3.380000,-0.280000
1354.682917,1.430000,2.780000,0.200000
1354.682917,1.070000,4.920000,-0.140000
1354.779147,-0.150000,2.990000,-1.470000
1354.779147,-0.920000,1.690000,-1.100000
1354.779147,-0.980000,1.610000,-0.310000
1354.779147,-0.560000,0.390000,-0.020000
1354.779147,-0.120000,-1.480000,-1.160000
1354.875377,-0.660000,-2.360000,-0.230000
1354.875377,-1.000000,-2.170000,-0.220000
1354.875377,-1.620000,-2.070000,-0.440000
1354.875377,-2.140000,-1.840000,-0.540000
1354.875377,-2.360000,-1.660000,-0.540000
1354.971617,-2.310000,-2.040000,-0.740000
1354.971617,-2.090000,-1.800000,-0.740000
1354.971617,-1.570000,-1.390000,-0.760000
1354.971617,-0.970000,0.010000,-0.920000
1354.971617,-0.650000,1.620000,-1.300000
1355.067847,0.070000,3.430000,-1.510000
1355.067847,0.170000,4.150000,-0.620000
1355.067847,0.640000,5.910000,0.000000
1355.067847,1.110000,5.370000,0.940000
1355.067847,1.220000,5.260000,0.720000
1355.164087,0.460000,1.920000,-0.130000
1355.164087,0.380000,1.070000,0.660000
1355.164087,1.550000,-0.600000,0.910000
1355.164087,2.050000,-1.880000,0.870000
1355.164087,1.930000,-2.410000,0.410000
1355.260307,0.850000,-3.180000,0.400000
1355.260307,0.640000,-3.240000,0.470000
1355.260307,0.350000,-3.540000,0.330000
1355.260307,0.110000,-3.580000,0.030000
1355.260307,0.000000,-3.630000,-0.060000
1355.356527,-0.490000,-4.400000,-0.230000
1355.356527,-0.560000,-4.430000,-0.270000
1355.356527,-0.490000,-3.950000,-0.280000
1355.356527,0.030000,-2.640000,-0.200000
1355.356527,0.270000,-1.530000,-0.160000
1355.452747,0.440000,3.930000,-0.740000
1355.452747,0.430000,4.920000,-0.900000
1355.452747,-1.160000,5.010000,-0.490000
1355.452747,-3.230000,6.830000,-0.330000
1355.452747,-3.860000,6.990000,-0.210000
1355.548957,-0.450000,4.990000,-0.340000
1355.548957,0.640000,4.350000,-0.220000
1355.548957,0.870000,1.580000,0.440000
1355.548957,0.520000,-1.050000,0.210000
1355.548957,0.350000,-2.160000,-0.230000
1355.645187,-1.350000,-2.390000,-0.160000
1355.645187,-1.610000,-2.200000,-0.170000
1355.645187,-1.650000,-2.060000,-0.540000
1355.645187,-1.290000,-1.890000,-0.730000
1355.645187,-1.070000,-1.920000,-0.700000
1355.741427,-0.410000,-2.000000,-0.580000
1355.741427,-0.360000,-1.890000,-0.620000
1355.741427,-0.350000,-1.480000,-0.700000
1355.741427,-0.330000,-0.800000,-0.780000
1355.741427,-0.240000,-0.310000,-0.870000
1355.837637,0.820000,2.210000,-0.730000
1355.837637,1.130000,3.280000,-0.330000
1355.837637,1.450000,6.460000,0.950000
1355.837637,2.350000,8.230000,1.910000
1355.837637,2.890000,7.280000,2.020000
1355.933867,0.500000,-0.580000,0.420000
1355.933867,-0.450000,-1.470000,0.620000
1355.933867,0.270000,-3.810000,0.880000
1355.933867,1.790000,-3.820000,0.460000
1355.933867,1.800000,-3.810000,0.450000
1356.030077,1.460000,-4.050000,0.380000
1356.030077,1.370000,-4.230000,0.420000
1356.030077,1.130000,-4.330000,0.300000
1356.030077,1.060000,-4.240000,0.060000
1356.030077,1.170000,-4.000000,-0.070000
1356.126287,2.430000,-1.630000,-0.120000
1356.126287,2.710000,-0.940000,-0.040000
1356.126287,3.020000,0.230000,0.060000
1356.126287,2.990000,1.080000,0.120000
1356.126287,2.860000,1.350000,0.130000
1356.222517,1.650000,0.500000,0.170000
1356.222517,1.330000,0.090000,0.320000
1356.222517,0.960000,0.070000,0.430000
1356.222517,0.880000,0.570000,0.580000
1356.222517,0.880000,0.680000,0.630000
1356.318737,1.060000,0.750000,0.930000
1356.318737,1.150000,0.790000,1.020000
1356.318737,1.430000,0.900000,1.070000
1356.318737,1.850000,1.070000,0.910000
1356.318737,2.050000,1.030000,0.780000
1356.414907,1.790000,-0.690000,0.430000
1356.414907,1.560000,-1.180000,0.360000
1356.414907,1.320000,-1.750000,0.030000
1356.414907,1.190000,-1.880000,0.050000
1356.414907,1.140000,-1.970000,0.110000
1408.131340,-0.640000,0.380000,-0.820000
1408.131340,-0.090000,0.660000,-0.600000
1408.131340,0.150000,0.780000,-0.490000
1408.131340,0.310000,1.090000,-0.430000
1408.131340,0.040000,1.690000,-0.460000
1408.227640,-0.680000,2.290000,-0.330000
1408.227640,-0.530000,1.430000,-0.260000
1408.227640,0.540000,-0.170000,0.040000
1408.227640,1.270000,-1.160000,0.200000
1408.227640,2.380000,-2.500000,0.600000
1408.323920,3.010000,-3.680000,0.680000
1408.323920,2.830000,-4.150000,0.570000
1408.323920,2.040000,-4.210000,0.410000
1408.323920,1.550000,-4.100000,0.280000
1408.323920,0.770000,-3.740000,0.010000
1408.420190,0.450000,-3.050000,-0.230000
1408.420190,0.640000,-2.560000,-0.310000
1408.420190,0.960000,-2.260000,-0.340000
1408.420190,1.100000,-2.190000,-0.320000
1408.420190,1.260000,-2.230000,-0.260000
1408.516440,1.310000,-2.470000,-0.150000
1408.516440,1.350000,-2.550000,0.010000
1408.516440,1.430000,-2.480000,0.130000
1408.516440,1.490000,-2.390000,0.150000
1408.516440,1.700000,-2.120000,0.250000
1408.612720,2.300000,-1.750000,0.850000
1408.612720,2.610000,-1.560000,1.420000
1408.612720,2.530000,-1.740000,1.960000
1408.612720,2.290000,-2.260000,2.190000
1408.612720,1.740000,-2.920000,2.450000
1408.709000,1.110000,-4.400000,2.670000
1408.709000,0.690000,-5.290000,2.510000
1408.709000,0.150000,-6.500000,2.220000
1408.709000,-0.070000,-7.060000,2.050000
1408.709000,-0.350000,-7.890000,1.670000
1408.805290,-0.250000,-8.330000,1.120000
1408.805290,-0.090000,-7.760000,0.950000
1408.805290,-0.310000,-5.970000,0.920000
1408.805290,-0.380000,-5.140000,0.820000
1408.805290,-0.740000,-3.180000,0.580000
1408.901580,-1.170000,-0.330000,0.250000
1408.901580,-1.060000,0.860000,-0.010000
1408.901580,-0.700000,1.470000,-0.220000
1408.901580,-0.500000,1.600000,-0.290000
1408.901580,-0.180000,1.640000,-0.400000
1408.997860,0.000000,1.290000,-0.430000
1408.997860,0.070000,0.910000,-0.310000
1408.997860,0.210000,0.730000,-0.410000
1408.997860,-0.260000,0.110000,-0.390000
1408.997860,-0.830000,-1.300000,-0.170000
1409.094150,0.030000,-2.670000,0.210000
1409.094150,0.390000,-3.210000,0.290000
1409.094150,0.740000,-3.510000,0.000000
1409.094150,0.840000,-3.620000,-0.200000
1409.094150,0.610000,-3.150000,-0.400000
1409.190440,-0.150000,-2.000000,-0.540000
1409.190440,-0.400000,-1.460000,-0.870000
1409.190440,-0.290000,-1.240000,-1.030000
1409.190440,-0.140000,-1.280000,-1.040000
1409.190440,0.190000,-1.530000,-1.020000
1409.286690,0.610000,-2.170000,-0.920000
1409.286690,0.630000,-2.480000,-0.660000
1409.286690,0.370000,-2.560000,-0.400000
1409.286690,0.250000,-2.560000,-0.330000
1409.286690,0.050000,-2.200000,-0.210000
1409.382950,0.050000,-1.540000,-0.080000
1409.382950,0.260000,-1.190000,0.000000
1409.382950,0.510000,-1.040000,0.080000
1409.382950,0.600000,-1.060000,0.130000
1409.382950,0.670000,-1.170000,0.300000
1409.479210,0.600000,-1.330000,0.580000
1409.479210,0.270000,-1.270000,0.700000
1409.479210,0.010000,-1.060000,0.640000
1409.479210,-0.030000,-0.920000,0.580000
1409.479210,0.040000,-0.570000,0.420000
1409.575520,0.330000,-0.250000,0.150000
1409.575520,0.360000,-0.350000,0.000000
1409.575520,0.140000,-0.600000,-0.130000
1409.575520,-0.050000,-0.740000,-0.230000
1409.575520,-0.410000,-0.860000,-0.450000
1409.671790,-0.480000,-0.410000,-0.600000
1409.671790,-0.440000,0.130000,-0.590000
1409.671790,-0.530000,0.420000,-0.640000
1409.671790,-0.630000,0.450000,-0.650000
1409.671790,-0.820000,0.360000,-0.600000
1409.768060,-0.810000,0.110000,-0.450000
1409.768060,-0.710000,0.040000,-0.340000
1409.768060,-0.640000,0.000000,-0.250000
1409.768060,-0.600000,-0.020000,-0.220000
1409.768060,-0.550000,-0.030000,-0.160000
1409.864320,-0.500000,-0.160000,-0.010000
1409.864320,-0.350000,-0.260000,0.040000
1409.864320,-0.070000,-0.340000,-0.030000
1409.864320,0.120000,-0.370000,-0.110000
1409.864320,0.520000,-0.440000,-0.240000
1409.960610,0.800000,-0.620000,-0.300000
1409.960610,0.780000,-0.690000,-0.200000
1409.960610,0.700000,-0.560000,0.000000
1409.960610,0.590000,-0.350000,0.120000
1409.960610,0.440000,-0.160000,0.320000
1410.056910,0.440000,-0.100000,0.470000
1410.056910,0.560000,0.230000,0.360000
1410.056910,0.710000,0.750000,0.240000
1410.056910,0.770000,1.040000,0.210000
1410.056910,0.720000,1.500000,0.140000
1410.153180,0.400000,1.790000,-0.020000
1410.153180,0.030000,1.690000,-0.030000
1410.153180,-0.320000,1.540000,-0.030000
1410.153180,-0.420000,1.310000,-0.040000
1410.153180,-0.290000,0.410000,0.040000
1410.249460,0.450000,-1.260000,0.390000
1410.249460,0.920000,-2.580000,0.380000
1410.249460,1.020000,-3.720000,0.180000
1410.249460,0.940000,-4.150000,0.080000
1410.249460,0.330000,-4.020000,0.100000
1410.345720,-0.440000,-3.190000,0.310000
1410.345720,-0.890000,-2.520000,0.460000
1410.345720,-0.820000,-2.250000,0.490000
1410.345720,-0.610000,-2.230000,0.500000
1410.345720,-0.020000,-2.410000,0.520000
1410.442010,0.500000,-2.240000,0.370000
1410.442010,0.310000,-1.430000,0.360000
1410.442010,0.010000,-0.740000,0.330000
1410.442010,-0.120000,-0.480000,0.260000
1410.442010,-0.300000,-0.220000,0.090000
1410.538280,-0.040000,-0.140000,0.200000
1410.538280,0.380000,-0.290000,0.320000
1410.538280,0.760000,-0.500000,0.330000
1410.538280,0.880000,-0.610000,0.350000
1410.538280,0.940000,-0.710000,0.490000
1410.634540,0.450000,-0.550000,0.760000
1410.634540,-0.010000,-0.680000,0.770000
1410.634540,-0.090000,-0.830000,0.630000
1410.634540,0.030000,-0.910000,0.570000
1410.634540,0.340000,-0.870000,0.580000
1410.730810,0.660000,-0.250000,0.030000
1410.730810,0.570000,0.900000,-0.320000
1410.730810,0.120000,2.110000,-0.450000
1410.730810,-0.230000,2.550000,-0.570000
1410.730810,-0.870000,2.930000,-0.900000
1410.827070,-1.060000,2.550000,-1.120000
1410.827070,-0.670000,2.050000,-1.080000
1410.827070,0.020000,0.840000,-0.950000
1410.827070,0.350000,0.250000,-0.810000
1410.827070,0.720000,-0.570000,-0.430000
1410.923340,0.650000,-0.880000,-0.120000
1410.923340,-0.040000,-0.020000,0.000000
1410.923340,-0.550000,0.730000,0.170000
1410.923340,-0.790000,1.230000,0.400000
1410.923340,-0.840000,1.900000,0.590000
1411.019610,-0.290000,2.520000,0.110000
1411.019610,0.090000,2.800000,-0.060000
1411.019610,0.340000,2.650000,-0.110000
1411.019610,0.360000,2.540000,-0.140000
1411.019610,0.220000,2.230000,-0.220000
1411.115910,-0.130000,1.250000,-0.340000
1411.115910,-0.290000,-0.160000,-0.260000
1411.115910,-0.180000,-1.630000,-0.250000
1411.115910,0.000000,-2.360000,-0.170000
1411.115910,0.300000,-3.870000,-0.010000
1411.212200,1.150000,-5.020000,0.050000
1411.212200,1.760000,-4.520000,-0.060000
1411.212200,1.480000,-2.490000,0.060000
1411.212200,1.230000,-1.720000,0.060000
1411.212200,0.390000,-0.430000,-0.070000
1411.308490,-0.670000,0.670000,-0.350000
1411.308490,-0.570000,0.750000,-0.390000
1411.308490,-0.100000,0.520000,-0.210000
1411.308490,0.210000,0.270000,-0.150000
1411.308490,0.830000,-0.510000,-0.120000
1411.404800,0.640000,-1.160000,0.120000
1411.404800,-0.180000,-1.730000,0.310000
1411.404800,-0.950000,-2.070000,0.430000
1411.404800,-1.120000,-2.240000,0.450000
1411.404800,-0.900000,-2.690000,0.350000
1411.501090,0.130000,-2.620000,0.100000
1411.501090,0.650000,-2.150000,-0.060000
1411.501090,0.550000,-1.380000,-0.100000
1411.501090,0.320000,-0.940000,-0.110000
1411.501090,-0.260000,-0.150000,-0.080000
1411.597400,-0.660000,0.670000,-0.090000
1411.597400,-0.510000,1.030000,-0.040000
1411.597400,-0.250000,1.200000,-0.020000
1411.597400,-0.050000,0.910000,-0.030000
1411.597400,0.530000,-0.810000,-0.080000
1411.693660,0.830000,-4.250000,-0.170000
1411.693660,0.230000,-4.910000,-0.230000
1411.693660,-0.540000,-3.660000,-0.370000
1411.693660,-0.670000,-2.870000,-0.490000
1411.693660,-0.960000,-0.630000,-0.550000
1411.789900,-0.580000,1.900000,-0.740000
1411.789900,-0.020000,2.530000,-0.620000
1411.789900,0.390000,2.520000,-0.230000
1411.789900,0.350000,2.340000,-0.010000
1411.789900,-0.460000,1.900000,0.030000
1411.886190,-0.930000,0.920000,-0.260000
1411.886190,-0.460000,1.400000,-0.040000
1411.886190,0.220000,1.740000,0.070000
1411.886190,0.490000,1.930000,0.070000
1411.886190,0.610000,2.460000,0.110000
1411.982470,0.060000,2.450000,0.370000
1411.982470,-0.570000,2.120000,0.640000
1411.982470,-1.110000,1.720000,0.690000
1411.982470,-1.300000,1.300000,0.590000
1411.982470,-1.360000,0.340000,0.320000
1495.853685,1.900000,-1.880000,-1.170000
1495.853685,1.910000,-2.140000,-1.230000
1495.853685,1.890000,-2.160000,-1.230000
1495.853685,1.880000,-2.050000,-1.220000
1495.853685,1.930000,-1.720000,-1.210000
1495.949905,2.250000,-1.500000,-1.150000
1495.949905,2.460000,-1.540000,-1.060000
1495.949905,2.650000,-1.590000,-1.030000
1495.949905,2.720000,-1.680000,-1.040000
1495.949905,2.740000,-1.830000,-1.020000
1496.046125,2.560000,-1.890000,-1.000000
1496.046125,2.480000,-1.800000,-1.030000
1496.046125,2.440000,-1.680000,-1.010000
1496.046125,2.420000,-1.580000,-1.010000
1496.046125,2.430000,-1.360000,-0.980000
1496.142355,2.530000,-0.910000,-0.850000
1496.142355,2.620000,-0.870000,-0.680000
1496.142355,2.630000,-1.070000,-0.460000
1496.142355,2.590000,-1.230000,-0.350000
1496.142355,2.540000,-1.530000,-0.120000
1496.238545,2.610000,-1.650000,0.310000
1496.238545,2.680000,-1.730000,0.630000
1496.238545,2.770000,-1.640000,0.880000
1496.238545,2.850000,-1.500000,0.970000
1496.238545,3.080000,-1.060000,1.120000
1496.337405,3.330000,-0.450000,1.400000
1496.337405,3.370000,-0.550000,1.540000
1496.337405,3.290000,-0.950000,1.650000
1496.337405,3.200000,-1.180000,1.700000
1496.337405,3.030000,-1.610000,1.780000
1496.433595,3.000000,-1.820000,1.760000
1496.433595,3.080000,-1.820000,1.820000
1496.433595,3.060000,-1.810000,1.910000
1496.433595,3.010000,-1.810000,1.950000
1496.433595,2.830000,-1.860000,2.010000
1496.529775,2.470000,-2.030000,2.060000
1496.529775,2.290000,-2.100000,2.030000
1496.529775,2.210000,-2.120000,2.030000
1496.529775,2.160000,-2.160000,2.050000
1496.529775,2.010000,-2.200000,2.070000
1496.625955,1.700000,-1.850000,1.940000
1496.625955,1.570000,-1.460000,1.730000
1496.625955,1.380000,-1.400000,1.750000
1496.625955,1.250000,-1.450000,1.810000
1496.625955,0.870000,-1.830000,1.820000
1496.722125,0.450000,-1.970000,1.610000
1496.722125,0.420000,-1.900000,1.580000
1496.722125,0.450000,-1.530000,1.640000
1496.722125,0.470000,-1.290000,1.660000
1496.722125,0.500000,-0.790000,1.650000
1496.818315,0.570000,-0.030000,1.740000
1496.818315,0.740000,0.640000,1.820000
1496.818315,0.910000,1.460000,1.820000
1496.818315,0.900000,1.800000,1.810000
1496.818315,0.700000,2.270000,1.820000
1496.914485,0.140000,2.200000,1.950000
1496.914485,-0.210000,1.940000,2.090000
1496.914485,-0.590000,1.850000,2.150000
1496.914485,-0.740000,1.840000,2.110000
1496.914485,-0.880000,2.050000,1.950000
1497.010665,-0.970000,3.330000,1.590000
1497.010665,-1.100000,4.780000,1.070000
1497.010665,-1.070000,6.400000,0.430000
1497.010665,-0.960000,7.190000,0.130000
1497.010665,-0.570000,8.580000,-0.440000
1497.106875,-0.140000,9.870000,-1.120000
1497.106875,-0.420000,8.720000,-1.320000
1497.106875,-1.290000,5.250000,-1.330000
1497.106875,-1.440000,4.510000,-1.180000
1497.106875,-1.310000,1.980000,-0.640000
1497.203085,0.100000,-1.020000,-0.420000
1497.203085,0.850000,-2.200000,-0.420000
1497.203085,1.200000,-2.870000,-0.490000
1497.203085,1.220000,-3.060000,-0.560000
1497.203085,0.990000,-3.110000,-0.770000
1497.299285,0.420000,-2.430000,-1.120000
1497.299285,0.140000,-1.630000,-1.430000
1497.299285,0.030000,-0.680000,-1.780000
1497.299285,0.030000,-0.190000,-1.950000
1497.299285,0.180000,0.660000,-2.180000
1497.395485,0.580000,1.120000,-2.390000
1497.395485,0.790000,1.020000,-2.490000
1497.395485,0.920000,0.650000,-2.480000
1497.395485,0.950000,0.380000,-2.430000
1497.395485,0.950000,-0.190000,-2.320000
1497.491705,0.960000,-0.780000,-2.370000
1497.491705,0.940000,-0.920000,-2.490000
1497.491705,0.960000,-0.740000,-2.520000
1497.491705,1.020000,-0.510000,-2.530000
1497.491705,1.190000,0.030000,-2.580000
1497.587935,1.420000,0.620000,-2.700000
1497.587935,1.500000,0.860000,-2.620000
1497.587935,1.620000,1.070000,-2.440000
1497.587935,1.720000,1.120000,-2.360000
1497.587935,1.980000,1.190000,-2.240000
1497.684175,2.460000,1.450000,-1.950000
1497.684175,2.600000,1.490000,-1.620000
1497.684175,2.660000,1.140000,-1.380000
1497.684175,2.690000,0.870000,-1.280000
1497.684175,2.740000,0.500000,-0.940000
1497.780415,2.750000,0.120000,-0.200000
1497.780415,2.820000,-0.060000,0.000000
1497.780415,2.930000,-0.280000,0.250000
1497.780415,2.960000,-0.350000,0.470000
1497.780415,3.020000,-0.500000,0.930000
1497.876655,2.980000,-1.150000,1.280000
1497.876655,2.870000,-1.400000,1.490000
1497.876655,2.950000,-1.200000,1.590000
1497.876655,3.020000,-0.970000,1.600000
1497.876655,3.190000,-0.450000,1.640000
1497.972855,3.060000,-0.250000,1.800000
1497.972855,2.890000,-0.350000,1.860000
1497.972855,2.950000,-0.390000,2.000000
1497.972855,3.090000,-0.340000,2.080000
1497.972855,3.510000,-0.090000,2.140000
1498.069075,4.000000,0.020000,2.040000
1498.069075,3.960000,-0.010000,2.010000
1498.069075,3.760000,0.100000,1.940000
1498.069075,3.650000,0.210000,1.890000
1498.069075,3.420000,0.240000,1.700000
1498.165255,2.880000,-0.220000,1.270000
1498.165255,2.400000,-0.700000,1.130000
1498.165255,1.990000,-0.860000,1.050000
1498.165255,1.840000,-0.880000,0.950000
1498.165255,1.570000,-0.940000,0.670000
1498.261445,1.080000,-1.010000,0.420000
1498.261445,0.810000,-0.760000,0.300000
1498.261445,0.660000,-0.270000,0.100000
1498.261445,0.640000,0.000000,0.010000
1498.261445,0.680000,0.440000,-0.080000
1498.357665,0.740000,0.440000,-0.150000
1498.357665,0.670000,0.040000,-0.230000
1498.357665,0.360000,-0.630000,-0.330000
1498.357665,0.140000,-0.960000,-0.370000
1498.357665,-0.310000,-1.490000,-0.440000
1498.453875,-0.840000,-1.780000,-0.620000
1498.453875,-1.020000,-1.650000,-0.710000
1498.453875,-1.050000,-1.400000,-0.740000
1498.453875,-1.100000,-1.270000,-0.710000
1498.453875,-1.160000,-0.900000,-0.580000
1498.550085,-1.330000,-0.210000,-0.700000
1498.550085,-1.530000,0.100000,-0.800000
1498.550085,-1.610000,0.510000,-0.790000
1498.550085,-1.700000,0.680000,-0.810000
1498.550085,-1.700000,0.840000,-0.950000
1498.646305,-1.700000,0.510000,-1.190000
1498.646305,-1.820000,0.360000,-1.320000
1498.646305,-1.910000,0.350000,-1.410000
1498.646305,-2.040000,0.340000,-1.450000
1498.646305,-2.040000,0.360000,-1.590000
1498.742515,-2.140000,-0.280000,-1.820000
1498.742515,-2.380000,-0.610000,-1.870000
1498.742515,-2.530000,-0.720000,-1.880000
1498.742515,-2.790000,-0.960000,-1.870000
1498.742515,-3.000000,-1.250000,-1.820000
1498.838745,-3.210000,-1.510000,-1.660000
1498.838745,-3.250000,-1.470000,-1.470000
1498.838745,-3.210000,-1.290000,-1.350000
1498.838745,-3.020000,-0.730000,-1.080000
1498.838745,-2.770000,-0.150000,-0.850000
1498.934955,-2.380000,0.670000,-0.660000
1498.934955,-2.140000,1.000000,-0.600000
1498.934955,-2.060000,1.010000,-0.550000
1498.934955,-2.040000,0.970000,-0.420000
1498.934955,-2.210000,0.890000,-0.290000
1499.031165,-2.590000,0.240000,-0.010000
1499.031165,-2.720000,-0.210000,0.260000
1499.031165,-2.710000,-0.360000,0.410000
1499.031165,-2.560000,-0.560000,0.720000
1499.031165,-2.210000,-0.630000,0.960000
1499.127375,-1.420000,-0.410000,1.120000
1499.127375,-1.220000,0.170000,1.380000
1499.127375,-1.260000,0.470000,1.550000
1499.127375,-1.940000,0.960000,1.770000
1499.127375,-2.780000,0.900000,1.850000
1499.223615,-2.310000,0.660000,2.100000
1499.223615,-1.580000,0.110000,1.870000
1499.223615,-1.390000,-0.100000,1.820000
1499.223615,-1.470000,-0.190000,1.990000
1499.223615,-1.650000,-0.090000,2.160000
1499.319815,-1.470000,0.640000,2.060000
1499.319815,-1.180000,0.900000,2.120000
1499.319815,-1.150000,0.900000,2.200000
1499.319815,-1.280000,0.650000,2.330000
1499.319815,-1.430000,0.160000,2.490000
1499.416025,-1.460000,-0.320000,2.710000
1499.416025,-1.380000,-0.400000,2.930000
1499.416025,-1.310000,-0.430000,3.100000
1499.416025,-1.130000,-0.620000,3.390000
1499.416025,-0.960000,-0.880000,3.460000
1499.512245,-0.740000,-1.340000,3.380000
1499.512245,-0.690000,-1.590000,3.270000
1499.512245,-0.700000,-1.740000,3.140000
1499.512245,-0.800000,-2.050000,2.670000
1499.512245,-0.940000,-2.370000,2.050000
1499.608435,-0.730000,-2.250000,1.370000
1499.608435,-0.180000,-1.690000,1.130000
1499.608435,0.100000,-1.330000,1.040000
1499.608435,0.510000,-0.670000,0.820000
1499.608435,0.590000,-0.290000,0.580000
1499.704655,0.190000,-0.440000,0.240000
1499.704655,-0.190000,-0.740000,0.020000
1499.704655,-0.330000,-0.920000,-0.100000
1499.704655,-0.360000,-1.280000,-0.340000
1499.704655,-0.080000,-1.500000,-0.510000
1612.936001,0.540000,1.460000,-1.170000
1612.936001,0.490000,1.200000,-1.120000
1612.936001,0.320000,0.590000,-0.970000
1612.936001,0.080000,0.070000,-0.730000
1612.936001,-0.050000,-0.110000,-0.600000
1613.032261,-0.490000,-0.490000,-0.130000
1613.032261,-0.540000,-0.580000,-0.010000
1613.032261,-0.530000,-0.780000,0.130000
1613.032261,-0.360000,-1.150000,0.230000
1613.032261,-0.240000,-1.390000,0.280000
1613.128481,0.200000,-2.150000,0.290000
1613.128481,0.280000,-2.260000,0.270000
1613.128481,0.330000,-2.250000,0.270000
1613.128481,-0.190000,-1.530000,0.280000
1613.128481,-0.460000,-1.270000,0.200000
1613.224691,-1.260000,0.010000,0.090000
1613.224691,-1.250000,0.170000,0.040000
1613.224691,-1.140000,0.390000,-0.030000
1613.224691,-0.960000,0.380000,-0.060000
1613.224691,-0.840000,0.230000,-0.070000
1613.320921,-0.540000,-0.550000,0.040000
1613.320921,-0.490000,-0.770000,0.080000
1613.320921,-0.420000,-1.180000,0.150000
1613.320921,-0.320000,-1.530000,0.210000
1613.320921,-0.230000,-1.690000,0.240000
1613.417201,0.230000,-2.060000,0.260000
1613.417201,0.310000,-2.110000,0.220000
1613.417201,0.310000,-2.020000,0.150000
1613.417201,0.200000,-1.700000,0.120000
1613.417201,0.210000,-1.580000,0.080000
1613.513461,0.130000,-0.920000,-0.130000
1613.513461,0.210000,-0.840000,-0.230000
1613.513461,0.450000,-0.730000,-0.350000
1613.513461,0.840000,-0.900000,-0.440000
1613.513461,1.000000,-1.100000,-0.510000
1613.609711,1.050000,-2.120000,-0.760000
1613.609711,0.950000,-2.380000,-0.810000
1613.609711,0.700000,-2.770000,-0.870000
1613.609711,0.590000,-2.950000,-0.880000
1613.609711,0.630000,-2.950000,-0.850000
1613.705951,1.070000,-2.720000,-0.540000
1613.705951,1.120000,-2.760000,-0.430000
1613.705951,1.000000,-3.100000,-0.220000
1613.705951,0.660000,-3.710000,-0.080000
1613.705951,0.510000,-4.060000,-0.040000
1613.802201,0.470000,-5.250000,-0.070000
1613.802201,0.580000,-5.450000,-0.100000
1613.802201,0.680000,-5.240000,-0.120000
1613.802201,0.680000,-4.420000,-0.090000
1613.802201,0.630000,-3.860000,-0.080000
1613.898441,-0.090000,-0.950000,-0.070000
1613.898441,-0.240000,-0.380000,-0.140000
1613.898441,-0.340000,0.400000,-0.220000
1613.898441,-0.170000,0.750000,-0.200000
1613.898441,-0.050000,0.780000,-0.190000
1613.994711,0.290000,0.450000,-0.150000
1613.994711,0.320000,0.320000,-0.090000
1613.994711,0.340000,0.080000,0.060000
1613.994711,0.290000,-0.120000,0.230000
1613.994711,0.250000,-0.220000,0.320000
1614.090951,0.330000,-0.490000,0.620000
1614.090951,0.410000,-0.510000,0.680000
1614.090951,0.560000,-0.470000,0.770000
1614.090951,0.650000,-0.350000,0.780000
1614.090951,0.660000,-0.260000,0.770000
1614.187221,0.550000,0.180000,0.710000
1614.187221,0.510000,0.290000,0.690000
1614.187221,0.490000,0.490000,0.620000
1614.187221,0.540000,0.600000,0.540000
1614.187221,0.580000,0.630000,0.510000
1614.283491,0.520000,0.630000,0.410000
1614.283491,0.450000,0.640000,0.380000
1614.283491,0.340000,0.690000,0.330000
1614.283491,0.300000,0.780000,0.270000
1614.283491,0.290000,0.840000,0.230000
1614.379691,0.200000,1.040000,0.110000
1614.379691,0.190000,1.050000,0.080000
1614.379691,0.290000,1.030000,0.030000
1614.379691,0.460000,0.930000,0.000000
1614.379691,0.530000,0.890000,-0.010000
1614.475881,0.380000,0.570000,-0.190000
1614.475881,0.290000,0.500000,-0.250000
1614.475881,0.030000,0.410000,-0.340000
1614.475881,-0.240000,0.340000,-0.450000
1614.475881,-0.330000,0.330000,-0.520000
1614.572091,-0.070000,0.390000,-0.700000
1614.572091,0.050000,0.380000,-0.720000
1614.572091,0.150000,0.120000,-0.740000
1614.572091,0.030000,-0.380000,-0.770000
1614.572091,-0.010000,-0.690000,-0.770000
1614.668311,0.430000,-1.980000,-0.560000
1614.668311,0.610000,-2.280000,-0.520000
1614.668311,0.810000,-2.940000,-0.510000
1614.668311,0.820000,-3.370000,-0.430000
1614.668311,0.650000,-3.170000,-0.350000
1614.764481,-0.190000,-1.890000,-0.160000
1614.764481,-0.390000,-1.470000,-0.100000
1614.764481,-0.510000,-0.690000,-0.200000
1614.764481,-0.360000,-0.010000,-0.330000
1614.764481,-0.200000,0.220000,-0.330000
1614.860691,0.270000,0.490000,-0.250000
1614.860691,0.320000,0.490000,-0.240000
1614.860691,0.110000,0.430000,-0.160000
1614.860691,-0.160000,0.340000,0.030000
1614.860691,-0.290000,0.320000,0.130000
1614.956891,-0.400000,0.450000,0.220000
1614.956891,-0.190000,0.710000,0.210000
1614.956891,0.070000,0.970000,0.130000
1614.956891,0.190000,1.070000,0.060000
1614.956891,0.160000,1.050000,0.060000
1615.055701,-0.150000,0.800000,0.150000
1615.055701,-0.410000,0.650000,0.210000
1615.055701,-0.520000,0.610000,0.250000
1615.055701,-0.450000,0.660000,0.290000
1615.055701,-0.390000,0.720000,0.300000
1615.154541,-0.170000,0.910000,0.320000
1615.154541,-0.060000,0.950000,0.340000
1615.154541,-0.040000,0.890000,0.370000
1615.154541,-0.090000,0.710000,0.370000
1615.154541,-0.140000,0.450000,0.390000
1615.250671,-0.280000,0.170000,0.450000
1615.250671,-0.250000,0.120000,0.500000
1615.250671,-0.110000,0.130000,0.540000
1615.250671,0.080000,0.180000,0.600000
1615.250671,0.220000,0.100000,0.670000
1615.346811,0.170000,-0.310000,0.760000
1615.346811,0.080000,-0.720000,0.810000
1615.346811,0.070000,-0.900000,0.830000
1615.346811,0.150000,-1.160000,0.820000
1615.346811,0.220000,-1.240000,0.780000
1615.442951,0.030000,-0.840000,0.680000
1615.442951,-0.070000,-0.450000,0.580000
1615.442951,-0.120000,-0.230000,0.570000
1615.442951,-0.120000,0.110000,0.490000
1615.442951,-0.080000,0.320000,0.390000
1615.539091,-0.140000,0.380000,0.230000
1615.539091,-0.320000,0.250000,0.050000
1615.539091,-0.420000,0.130000,-0.050000
1615.539091,-0.600000,-0.190000,-0.240000
1615.539091,-0.640000,-0.590000,-0.460000
1615.635241,-0.040000,-1.560000,-0.760000
1615.635241,0.620000,-2.300000,-0.830000
1615.635241,0.920000,-2.650000,-0.850000
1615.635241,0.870000,-2.610000,-0.830000
1615.635241,0.310000,-2.290000,-0.870000
1615.731391,-0.850000,-0.850000,-0.580000
1615.731391,-1.260000,-0.160000,-0.480000
1615.731391,-1.270000,0.060000,-0.500000
1615.731391,-0.990000,0.430000,-0.520000
1615.731391,-0.420000,0.620000,-0.450000
1615.827511,0.220000,0.380000,-0.310000
1615.827511,0.270000,0.220000,-0.160000
1615.827511,0.170000,0.180000,-0.070000
1615.827511,-0.130000,0.130000,0.060000
1615.827511,-0.450000,0.170000,0.190000
1615.923631,-0.440000,0.270000,0.330000
1615.923631,-0.140000,0.360000,0.390000
1615.923631,0.020000,0.400000,0.410000
1615.923631,0.360000,0.400000,0.430000
1615.923631,0.520000,0.380000,0.500000
1616.019761,0.410000,0.290000,0.660000
1616.019761,0.230000,0.230000,0.750000
1616.019761,0.150000,0.220000,0.800000
1616.019761,0.130000,0.220000,0.880000
1616.019761,0.300000,0.300000,0.950000
1616.115901,0.600000,0.540000,1.010000
1616.115901,0.620000,0.690000,1.010000
1616.115901,0.570000,0.750000,1.010000
1616.115901,0.400000,0.800000,1.020000
1616.115901,0.350000,0.740000,1.040000
1616.212041,0.770000,0.500000,1.110000
1616.212041,0.940000,0.200000,1.080000
1616.212041,0.840000,0.000000,1.010000
1616.212041,0.370000,-0.440000,0.770000
1616.212041,-0.210000,-0.830000,0.480000
1616.308201,-0.780000,-1.210000,-0.110000
1616.308201,-0.810000,-1.330000,-0.550000
1616.308201,-0.690000,-1.340000,-0.760000
1616.308201,-0.160000,-1.380000,-1.100000
1616.308201,0.610000,-1.540000,-1.240000
1616.404341,1.000000,-1.830000,-1.250000
1616.404341,0.100000,-2.100000,-1.330000
1616.404341,-0.410000,-2.160000,-1.390000
1616.404341,-1.410000,-1.870000,-1.300000
1616.404341,-1.770000,-1.590000,-1.370000
1616.500471,-1.140000,-0.990000,-1.680000
1616.500471,-0.390000,-0.900000,-1.810000
1616.500471,-0.100000,-0.930000,-1.860000
1616.500471,0.000000,-0.990000,-1.880000
1616.500471,-0.370000,-1.020000,-1.770000
1616.596601,-1.090000,-0.700000,-1.480000
1616.596601,-1.220000,-0.420000,-1.320000
1616.596601,-1.250000,-0.350000,-1.240000
1616.596601,-1.000000,-0.220000,-1.080000
1616.596601,-0.800000,-0.200000,-0.890000
1616.692731,-0.020000,-0.380000,-0.650000
1616.692731,0.000000,-0.430000,-0.400000
1616.692731,-0.120000,-0.500000,-0.330000
1616.692731,-0.340000,-0.450000,-0.090000
1616.692731,-0.410000,-0.390000,0.030000
1616.788861,-0.150000,-0.210000,0.390000
1616.788861,-0.050000,-0.170000,0.450000
1616.788861,0.090000,-0.050000,0.620000
1616.788861,0.190000,0.160000,0.840000
1616.788861,0.220000,0.310000,0.960000
