0.096300,-0.010000,0.000000,0.000000
0.096300,-0.020000,0.000000,0.000000
0.096300,-0.010000,0.000000,0.000000
0.096300,-0.010000,0.000000,0.000000
0.096300,0.000000,0.000000,0.000000
0.192590,0.000000,0.000000,0.000000
0.192590,-0.010000,0.010000,0.000000
0.192590,-0.010000,0.010000,0.000000
0.192590,-0.020000,0.020000,0.000000
0.192590,-0.010000,0.020000,0.000000
0.288870,-0.010000,0.010000,0.000000
0.288870,-0.010000,0.010000,0.000000
0.288870,-0.010000,0.010000,0.000000
0.288870,-0.010000,0.000000,0.010000
0.288870,-0.010000,0.000000,0.010000
0.385150,0.000000,0.000000,0.010000
0.385150,0.000000,0.000000,0.010000
0.385150,0.000000,0.000000,0.000000
0.385150,0.000000,0.000000,0.000000
0.385150,0.000000,0.010000,0.010000
0.481430,0.010000,0.020000,0.020000
0.481430,0.010000,0.030000,0.020000
0.481430,0.010000,0.030000,0.010000
0.481430,0.010000,0.030000,0.010000
0.481430,0.000000,0.020000,0.010000
0.577720,-0.010000,0.000000,0.000000
0.577720,-0.010000,0.000000,0.000000
0.577720,-0.010000,0.000000,-0.010000
0.577720,-0.010000,-0.010000,-0.010000
0.577720,-0.020000,-0.010000,-0.010000
0.673990,-0.030000,-0.010000,-0.010000
0.673990,-0.040000,-0.010000,0.000000
0.673990,-0.040000,-0.010000,0.000000
0.673990,-0.030000,-0.010000,0.000000
0.673990,-0.010000,-0.010000,0.000000
0.770290,0.000000,-0.020000,-0.010000
0.770290,0.000000,-0.020000,-0.020000
0.770290,-0.010000,-0.020000,-0.020000
0.770290,-0.010000,-0.020000,-0.030000
0.770290,0.000000,-0.020000,-0.030000
0.866600,0.000000,-0.020000,-0.030000
0.866600,0.000000,-0.020000,-0.020000
0.866600,-0.010000,-0.010000,-0.020000
0.866600,-0.010000,-0.010000,-0.020000
0.866600,-0.020000,-0.020000,-0.010000
0.962930,-0.020000,-0.050000,0.000000
0.962930,0.000000,-0.050000,-0.010000
0.962930,0.000000,-0.050000,-0.020000
0.962930,0.000000,-0.050000,-0.020000
0.962930,-0.010000,-0.050000,-0.030000
1.059270,-0.020000,-0.030000,-0.020000
1.059270,-0.020000,-0.020000,-0.010000
1.059270,-0.010000,-0.010000,0.000000
1.059270,-0.010000,-0.010000,0.000000
1.059270,-0.010000,-0.010000,0.000000
1.155590,-0.020000,-0.010000,0.000000
1.155590,-0.020000,-0.010000,0.000000
1.155590,-0.020000,-0.020000,0.000000
1.155590,-0.020000,-0.020000,0.000000
1.155590,-0.010000,-0.030000,0.000000
1.251920,0.000000,-0.030000,0.000000
1.251920,0.010000,-0.030000,0.000000
1.251920,0.020000,-0.030000,0.000000
1.251920,0.030000,-0.030000,0.000000
1.251920,0.030000,-0.040000,0.000000
1.348260,0.030000,-0.030000,0.000000
1.348260,0.030000,-0.020000,0.000000
1.348260,0.030000,-0.010000,0.000000
1.348260,0.020000,0.000000,0.000000
1.348260,0.020000,0.000000,0.000000
1.444580,0.010000,0.000000,0.000000
1.444580,0.000000,0.010000,0.000000
1.444580,0.000000,0.010000,0.000000
1.444580,0.000000,0.010000,0.000000
1.444580,0.000000,0.010000,0.000000
1.540880,0.000000,0.010000,0.000000
1.540880,0.020000,0.000000,0.000000
1.540880,0.040000,-0.020000,0.000000
1.540880,0.050000,-0.030000,0.000000
1.540880,0.060000,-0.050000,0.000000
1.637210,0.080000,-0.070000,0.000000
1.637210,0.060000,-0.060000,-0.010000
1.637210,0.040000,-0.060000,-0.010000
1.637210,0.030000,-0.060000,-0.020000
1.637210,0.010000,-0.050000,-0.020000
1.733520,0.000000,-0.040000,-0.020000
1.733520,0.000000,-0.030000,-0.020000
1.733520,-0.010000,-0.030000,-0.010000
1.733520,-0.020000,-0.030000,-0.010000
1.733520,-0.020000,-0.030000,0.000000
1.829840,-0.020000,-0.040000,0.000000
1.829840,-0.010000,-0.040000,0.000000
1.829840,-0.020000,-0.050000,0.000000
1.829840,-0.020000,-0.050000,-0.010000
1.829840,-0.020000,-0.050000,-0.010000
1.926150,-0.010000,-0.040000,-0.020000
1.926150,-0.010000,-0.030000,-0.010000
1.926150,0.000000,-0.020000,-0.010000
1.926150,0.000000,-0.020000,-0.010000
1.926150,0.000000,-0.010000,0.000000
2.022470,0.000000,0.000000,0.000000
2.022470,0.000000,0.000000,0.000000
2.022470,-0.010000,0.010000,0.010000
2.022470,-0.010000,0.020000,0.010000
2.022470,0.000000,0.020000,0.020000
2.118800,0.000000,0.010000,0.020000
2.118800,0.000000,0.010000,0.020000
2.118800,0.000000,0.010000,0.020000
2.118800,0.000000,0.010000,0.020000
2.118800,0.000000,0.010000,0.020000
2.215110,0.000000,0.010000,0.010000
2.215110,0.000000,0.000000,0.020000
2.215110,0.000000,-0.010000,0.020000
2.215110,0.000000,-0.010000,0.020000
2.215110,0.000000,0.000000,0.010000
2.311430,0.000000,0.000000,0.000000
2.311430,0.000000,0.000000,0.000000
2.311430,0.000000,0.000000,-0.010000
2.311430,0.000000,0.000000,-0.010000
2.311430,0.000000,0.000000,-0.010000
2.407750,0.000000,0.000000,-0.010000
2.407750,0.000000,0.000000,-0.010000
2.407750,0.000000,0.000000,0.000000
2.407750,0.000000,0.000000,0.000000
2.407750,0.000000,0.000000,0.000000
2.504080,0.000000,0.000000,0.000000
2.504080,0.000000,-0.010000,0.000000
2.504080,-0.010000,-0.010000,0.000000
2.504080,-0.020000,-0.020000,0.000000
2.504080,-0.020000,-0.010000,0.000000
2.600390,-0.020000,-0.020000,0.000000
2.600390,-0.020000,-0.020000,0.000000
2.600390,-0.020000,-0.030000,0.000000
2.600390,-0.020000,-0.030000,0.000000
2.600390,-0.010000,-0.030000,0.000000
2.696660,0.000000,-0.040000,0.000000
2.696660,0.000000,-0.040000,0.000000
2.696660,0.000000,-0.030000,0.000000
2.696660,0.000000,-0.030000,0.000000
2.696660,0.000000,-0.030000,0.000000
2.792960,0.000000,-0.030000,0.010000
2.792960,-0.010000,-0.030000,0.000000
2.792960,-0.030000,-0.020000,0.000000
2.792960,-0.030000,-0.020000,0.000000
2.792960,-0.030000,-0.020000,0.000000
2.889250,-0.040000,-0.020000,-0.010000
2.889250,-0.030000,-0.020000,0.000000
2.889250,-0.030000,-0.040000,0.000000
2.889250,-0.020000,-0.040000,0.000000
2.889250,-0.010000,-0.040000,0.000000
2.985540,-0.010000,-0.030000,-0.010000
2.985540,-0.010000,-0.030000,-0.020000
2.985540,0.000000,-0.030000,-0.020000
2.985540,0.000000,-0.030000,-0.020000
2.985540,0.010000,-0.020000,-0.020000
3.081830,0.010000,0.000000,-0.010000
3.081830,0.010000,0.000000,0.000000
3.081830,0.010000,0.000000,-0.010000
3.081830,0.010000,-0.010000,-0.010000
3.081830,0.000000,-0.010000,-0.010000
3.178130,0.000000,-0.010000,-0.020000
3.178130,-0.010000,-0.010000,-0.020000
3.178130,-0.010000,-0.010000,-0.020000
3.178130,-0.010000,-0.020000,-0.020000
3.178130,-0.010000,-0.020000,-0.010000
3.274420,0.000000,-0.020000,-0.010000
3.274420,0.000000,-0.020000,-0.010000
3.274420,0.000000,-0.020000,-0.010000
3.274420,0.000000,-0.020000,-0.010000
3.274420,0.010000,-0.020000,-0.010000
3.370700,0.010000,-0.020000,0.000000
3.370700,0.000000,-0.020000,0.000000
3.370700,0.000000,-0.020000,0.000000
3.370700,0.010000,-0.020000,0.000000
3.370700,0.010000,-0.020000,0.000000
3.466990,0.000000,-0.050000,0.000000
3.466990,0.000000,-0.060000,0.000000
3.466990,0.000000,-0.060000,-0.010000
3.466990,0.000000,-0.060000,-0.010000
3.466990,0.000000,-0.050000,-0.020000
3.563300,-0.010000,-0.040000,-0.020000
3.563300,0.000000,-0.030000,-0.020000
3.563300,0.000000,-0.010000,-0.010000
3.563300,0.000000,-0.010000,-0.010000
3.563300,0.000000,-0.020000,0.000000
3.659600,0.000000,-0.040000,0.000000
3.659600,0.000000,-0.040000,-0.010000
3.659600,0.000000,-0.030000,-0.020000
3.659600,0.000000,-0.030000,-0.030000
3.659600,0.000000,-0.030000,-0.030000
3.758550,-0.010000,-0.020000,-0.030000
3.758550,-0.010000,-0.010000,-0.020000
3.758550,0.000000,-0.010000,-0.010000
3.758550,-0.010000,-0.020000,-0.010000
3.758550,-0.010000,-0.020000,-0.010000
3.854820,-0.010000,-0.030000,-0.010000
3.854820,-0.010000,-0.040000,-0.020000
3.854820,-0.010000,-0.050000,-0.020000
3.854820,-0.010000,-0.050000,-0.020000
3.854820,-0.010000,-0.050000,-0.020000
3.951070,-0.020000,-0.050000,-0.010000
3.951070,-0.030000,-0.040000,0.000000
3.951070,-0.030000,-0.040000,0.000000
3.951070,-0.030000,-0.040000,0.000000
3.951070,-0.030000,-0.040000,0.000000
113.728606,-0.090000,2.060000,-0.100000
113.728606,-0.020000,1.870000,-0.130000
113.728606,0.000000,1.740000,-0.130000
113.728606,0.010000,1.440000,-0.080000
113.728606,0.060000,1.110000,-0.030000
113.824946,0.150000,0.650000,0.010000
113.824946,0.160000,0.370000,0.080000
113.824946,0.150000,0.240000,0.110000
113.824946,0.070000,0.000000,0.180000
113.824946,-0.020000,-0.150000,0.190000
113.921316,-0.200000,-0.240000,0.210000
113.921316,-0.330000,-0.360000,0.220000
113.921316,-0.380000,-0.420000,0.220000
113.921316,-0.430000,-0.490000,0.180000
113.921316,-0.420000,-0.500000,0.100000
114.017666,-0.340000,-0.530000,-0.010000
114.017666,-0.280000,-0.590000,-0.060000
114.017666,-0.230000,-0.630000,-0.080000
114.017666,-0.070000,-0.700000,-0.120000
114.017666,0.090000,-0.780000,-0.130000
114.114036,0.390000,-0.840000,-0.140000
114.114036,0.470000,-0.920000,-0.070000
114.114036,0.240000,-1.030000,0.060000
114.114036,0.340000,-1.010000,0.080000
114.114036,0.360000,-0.990000,0.120000
114.210436,0.260000,-0.980000,0.290000
114.210436,0.120000,-1.050000,0.410000
114.210436,0.180000,-1.020000,0.390000
114.210436,0.210000,-0.970000,0.350000
114.210436,0.170000,-0.940000,0.290000
114.309446,0.240000,-0.830000,0.150000
114.309446,0.350000,-0.770000,0.080000
114.309446,0.400000,-0.750000,0.020000
114.309446,0.410000,-0.760000,0.000000
114.309446,0.370000,-0.810000,-0.050000
114.405766,0.300000,-0.980000,-0.130000
114.405766,0.200000,-1.080000,-0.170000
114.405766,0.150000,-1.120000,-0.210000
114.405766,0.100000,-1.120000,-0.230000
114.405766,0.100000,-1.070000,-0.280000
114.502046,0.190000,-0.920000,-0.340000
114.502046,0.240000,-0.820000,-0.370000
114.502046,0.250000,-0.730000,-0.410000
114.502046,0.240000,-0.690000,-0.440000
114.502046,0.200000,-0.620000,-0.500000
114.598346,0.120000,-0.450000,-0.540000
114.598346,0.030000,-0.290000,-0.530000
114.598346,0.000000,-0.130000,-0.500000
114.598346,-0.040000,-0.050000,-0.490000
114.598346,-0.040000,0.110000,-0.470000
114.694636,-0.050000,0.300000,-0.380000
114.694636,0.000000,0.370000,-0.350000
114.694636,0.000000,0.390000,-0.300000
114.694636,0.040000,0.410000,-0.260000
114.694636,0.070000,0.400000,-0.180000
114.790946,0.100000,0.300000,-0.060000
114.790946,0.100000,0.240000,-0.010000
114.790946,0.100000,0.230000,-0.010000
114.790946,0.100000,0.250000,-0.030000
114.790946,0.130000,0.320000,-0.090000
114.887286,0.180000,0.410000,-0.130000
114.887286,0.180000,0.400000,-0.150000
114.887286,0.180000,0.390000,-0.180000
114.887286,0.190000,0.370000,-0.190000
114.887286,0.220000,0.330000,-0.180000
114.983636,0.190000,0.240000,-0.110000
114.983636,0.120000,0.180000,-0.050000
114.983636,0.080000,0.160000,-0.010000
114.983636,0.010000,0.120000,0.000000
114.983636,-0.090000,0.060000,0.030000
115.079976,-0.250000,-0.060000,0.040000
115.079976,-0.340000,-0.150000,0.010000
115.079976,-0.400000,-0.180000,-0.020000
115.079976,-0.570000,-0.250000,-0.040000
115.079976,-0.760000,-0.300000,-0.080000
115.176306,-0.920000,-0.270000,-0.120000
115.176306,-0.930000,-0.220000,-0.150000
115.176306,-0.900000,-0.210000,-0.160000
115.176306,-0.810000,-0.210000,-0.160000
115.176306,-0.880000,-0.280000,-0.080000
115.272616,-0.830000,-0.330000,-0.110000
115.272616,-0.750000,-0.350000,-0.110000
115.272616,-0.640000,-0.370000,-0.130000
115.272616,-0.570000,-0.440000,-0.130000
115.272616,-0.650000,-0.590000,-0.070000
115.364906,-0.510000,-0.710000,-0.040000
115.364906,-0.390000,-0.810000,0.000000
115.364906,-0.330000,-0.850000,0.050000
115.364906,-0.200000,-0.920000,0.080000
115.364906,-0.120000,-0.930000,0.100000
115.461176,0.260000,-0.820000,0.130000
115.461176,0.350000,-0.740000,0.120000
115.461176,0.510000,-0.540000,0.080000
115.461176,0.580000,-0.420000,0.110000
115.461176,0.610000,-0.380000,0.130000
115.557436,0.690000,-0.170000,0.290000
115.557436,0.700000,-0.040000,0.320000
115.557436,0.700000,0.190000,0.350000
115.557436,0.730000,0.320000,0.400000
115.557436,0.750000,0.360000,0.420000
115.653686,0.930000,0.430000,0.420000
115.653686,0.970000,0.440000,0.390000
115.653686,1.020000,0.470000,0.360000
115.653686,1.050000,0.500000,0.350000
115.653686,1.060000,0.490000,0.350000
115.749946,1.000000,0.240000,0.450000
115.749946,0.980000,0.170000,0.470000
115.749946,0.940000,0.110000,0.500000
115.749946,0.990000,0.150000,0.500000
115.749946,1.050000,0.160000,0.490000
115.846236,1.230000,0.240000,0.390000
115.846236,1.260000,0.280000,0.350000
115.846236,1.320000,0.300000,0.270000
115.846236,1.420000,0.260000,0.180000
115.846236,1.480000,0.220000,0.130000
115.942466,1.720000,0.060000,-0.050000
115.942466,1.750000,0.000000,-0.070000
115.942466,1.770000,-0.170000,-0.070000
115.942466,1.750000,-0.380000,-0.050000
115.942466,1.730000,-0.490000,-0.050000
116.041446,1.570000,-0.820000,-0.110000
116.041446,1.430000,-0.970000,-0.120000
116.041446,1.340000,-1.060000,-0.110000
116.041446,1.120000,-1.270000,-0.090000
116.041446,0.870000,-1.420000,-0.080000
116.137706,0.390000,-1.340000,-0.040000
116.137706,0.080000,-1.210000,0.000000
116.137706,-0.020000,-1.190000,0.010000
116.137706,-0.140000,-1.260000,0.000000
116.137706,-0.210000,-1.420000,-0.020000
116.233976,-0.260000,-1.670000,-0.010000
116.233976,-0.280000,-1.800000,-0.020000
116.233976,-0.300000,-1.840000,-0.040000
116.233976,-0.380000,-1.820000,-0.120000
116.233976,-0.470000,-1.720000,-0.210000
116.330256,-0.570000,-1.460000,-0.310000
116.330256,-0.590000,-1.270000,-0.340000
116.330256,-0.600000,-1.170000,-0.360000
116.330256,-0.580000,-1.000000,-0.380000
116.330256,-0.560000,-0.860000,-0.390000
116.426486,-0.500000,-0.660000,-0.380000
116.426486,-0.510000,-0.540000,-0.360000
116.426486,-0.530000,-0.480000,-0.350000
116.426486,-0.520000,-0.380000,-0.310000
116.426486,-0.450000,-0.310000,-0.280000
116.522736,-0.420000,-0.170000,-0.210000
116.522736,-0.480000,-0.010000,-0.190000
116.522736,-0.490000,0.070000,-0.170000
116.522736,-0.440000,0.200000,-0.160000
116.522736,-0.340000,0.310000,-0.170000
116.618996,-0.480000,0.560000,-0.120000
116.618996,-0.530000,0.670000,-0.060000
116.618996,-0.490000,0.690000,-0.030000
116.618996,-0.370000,0.710000,0.000000
116.618996,-0.400000,0.770000,0.030000
116.715236,-0.640000,0.870000,0.200000
116.715236,-0.720000,0.860000,0.320000
116.715236,-0.750000,0.860000,0.360000
116.715236,-0.780000,0.870000,0.410000
116.715236,-0.790000,0.870000,0.450000
116.811476,-0.680000,0.780000,0.450000
116.811476,-0.510000,0.610000,0.420000
116.811476,-0.410000,0.530000,0.400000
116.811476,-0.250000,0.370000,0.320000
116.811476,-0.120000,0.320000,0.180000
116.907736,0.000000,0.390000,-0.030000
116.907736,-0.010000,0.380000,-0.160000
116.907736,-0.040000,0.390000,-0.240000
116.907736,-0.070000,0.510000,-0.370000
116.907736,-0.060000,0.610000,-0.360000
117.003996,-0.070000,0.490000,-0.310000
117.003996,-0.120000,0.510000,-0.360000
117.003996,-0.140000,0.540000,-0.370000
117.003996,-0.220000,0.630000,-0.370000
117.003996,-0.340000,0.730000,-0.320000
117.100246,-0.500000,0.810000,-0.270000
117.100246,-0.630000,0.820000,-0.390000
117.100246,-0.680000,0.860000,-0.470000
117.100246,-0.740000,0.990000,-0.540000
117.100246,-0.690000,1.100000,-0.480000
117.196486,-0.590000,0.910000,-0.320000
117.196486,-0.540000,0.730000,-0.310000
117.196486,-0.510000,0.690000,-0.300000
117.196486,-0.400000,0.660000,-0.220000
117.196486,-0.250000,0.550000,-0.120000
117.292736,-0.100000,0.290000,-0.170000
117.292736,-0.070000,0.160000,-0.200000
117.292736,-0.030000,0.130000,-0.180000
117.292736,0.000000,0.110000,-0.110000
117.292736,0.040000,0.030000,-0.040000
117.388996,0.290000,-0.160000,0.000000
117.388996,0.320000,-0.110000,0.020000
117.388996,0.360000,-0.070000,0.060000
117.388996,0.480000,-0.060000,0.140000
117.388996,0.560000,-0.050000,0.160000
117.485246,0.650000,0.100000,0.240000
117.485246,0.640000,0.170000,0.360000
117.485246,0.670000,0.150000,0.420000
117.485246,0.700000,-0.040000,0.470000
117.485246,0.680000,-0.110000,0.500000
117.584166,0.420000,-0.090000,0.590000
117.584166,0.370000,-0.100000,0.620000
117.584166,0.360000,-0.230000,0.620000
117.584166,0.350000,-0.330000,0.570000
117.584166,0.310000,-0.330000,0.470000
195.191120,-0.010000,0.000000,0.000000
195.191120,0.000000,0.000000,0.030000
195.191120,0.000000,0.000000,0.040000
195.191120,0.000000,0.010000,0.050000
195.191120,0.000000,0.020000,0.060000
195.275400,0.010000,0.010000,0.060000
195.275400,0.010000,0.000000,0.060000
195.275400,0.000000,0.000000,0.060000
195.275400,0.000000,0.000000,0.040000
195.275400,0.000000,0.000000,0.040000
195.359660,0.000000,-0.020000,0.020000
195.359660,0.000000,-0.030000,0.010000
195.359660,0.000000,-0.040000,0.000000
195.359660,0.000000,-0.040000,0.000000
195.359660,0.000000,-0.040000,-0.010000
195.443920,0.000000,-0.040000,-0.020000
195.443920,0.000000,-0.040000,-0.020000
195.443920,0.010000,-0.030000,-0.020000
195.443920,0.010000,-0.030000,-0.020000
195.443920,0.010000,-0.020000,-0.010000
195.528160,0.010000,-0.010000,-0.010000
195.528160,0.020000,0.000000,0.000000
195.528160,0.020000,-0.010000,0.000000
195.528160,0.020000,-0.010000,0.000000
195.528160,0.020000,-0.010000,0.000000
195.612410,0.010000,-0.010000,0.000000
195.612410,0.000000,0.000000,0.000000
195.612410,0.000000,0.000000,0.000000
195.612410,0.000000,-0.010000,0.000000
195.612410,0.000000,-0.010000,0.000000
195.696660,-0.010000,-0.010000,0.000000
195.696660,-0.020000,-0.010000,0.000000
195.696660,-0.020000,-0.020000,0.000000
195.696660,-0.020000,-0.030000,0.000000
195.696660,0.000000,-0.030000,0.000000
195.780910,0.000000,-0.030000,0.000000
195.780910,0.000000,-0.030000,0.000000
195.780910,0.000000,-0.020000,0.000000
195.780910,0.000000,-0.020000,0.000000
195.780910,0.000000,-0.020000,0.000000
195.865150,0.000000,-0.020000,0.000000
195.865150,0.010000,-0.020000,0.000000
195.865150,0.010000,-0.020000,0.000000
195.865150,0.010000,-0.020000,0.000000
195.865150,0.000000,-0.020000,0.000000
195.949410,0.000000,-0.020000,0.000000
195.949410,-0.010000,-0.030000,0.010000
195.949410,-0.020000,-0.030000,0.010000
195.949410,-0.040000,-0.020000,0.010000
195.949410,-0.050000,-0.010000,0.010000
196.036320,-0.070000,-0.010000,0.000000
196.036320,-0.070000,-0.010000,0.000000
196.036320,-0.090000,0.000000,0.000000
196.036320,-0.110000,0.000000,0.000000
196.036320,-0.170000,0.000000,-0.010000
196.123260,-0.170000,-0.010000,-0.010000
196.123260,-0.180000,-0.010000,-0.020000
196.123260,-0.220000,0.010000,-0.060000
196.123260,-0.250000,0.020000,-0.090000
196.123260,-0.320000,0.040000,-0.180000
196.210180,-0.330000,0.030000,-0.190000
196.210180,-0.330000,0.020000,-0.200000
196.210180,-0.320000,0.010000,-0.210000
196.210180,-0.300000,0.000000,-0.200000
196.210180,-0.280000,-0.010000,-0.190000
196.294410,-0.250000,-0.030000,-0.160000
196.294410,-0.260000,-0.030000,-0.140000
196.294410,-0.270000,-0.040000,-0.120000
196.294410,-0.260000,-0.050000,-0.110000
196.294410,-0.240000,-0.060000,-0.090000
196.378650,-0.230000,-0.070000,-0.090000
196.378650,-0.230000,-0.070000,-0.090000
196.378650,-0.220000,-0.080000,-0.090000
196.378650,-0.210000,-0.080000,-0.100000
196.378650,-0.200000,-0.090000,-0.100000
196.462890,-0.220000,-0.100000,-0.110000
196.462890,-0.240000,-0.110000,-0.120000
196.462890,-0.230000,-0.120000,-0.120000
196.462890,-0.210000,-0.120000,-0.140000
196.462890,-0.200000,-0.110000,-0.140000
196.547120,-0.140000,-0.100000,-0.150000
196.547120,-0.130000,-0.080000,-0.140000
196.547120,-0.130000,-0.070000,-0.130000
196.547120,-0.130000,-0.060000,-0.120000
196.547120,-0.130000,-0.050000,-0.110000
196.631380,-0.120000,-0.050000,-0.080000
196.631380,-0.120000,-0.050000,-0.070000
196.631380,-0.100000,-0.060000,-0.050000
196.631380,-0.090000,-0.060000,-0.040000
196.631380,-0.070000,-0.050000,-0.030000
196.715620,-0.050000,-0.060000,0.000000
196.715620,-0.060000,-0.060000,0.000000
196.715620,-0.070000,-0.060000,0.010000
196.715620,-0.080000,-0.060000,0.010000
196.715620,-0.060000,-0.060000,0.010000
196.799870,-0.050000,-0.060000,0.000000
196.799870,-0.050000,-0.060000,0.000000
196.799870,-0.060000,-0.060000,0.000000
196.799870,-0.070000,-0.050000,0.000000
196.799870,-0.070000,-0.050000,0.000000
196.884080,-0.060000,-0.050000,0.010000
196.884080,-0.080000,-0.070000,0.030000
196.884080,-0.100000,-0.090000,0.050000
196.884080,-0.140000,-0.100000,0.080000
196.884080,-0.150000,-0.100000,0.090000
196.968340,-0.160000,-0.070000,0.100000
196.968340,-0.150000,-0.060000,0.100000
196.968340,-0.130000,-0.040000,0.100000
196.968340,-0.120000,-0.030000,0.090000
196.968340,-0.110000,-0.010000,0.070000
197.052600,-0.110000,0.010000,0.050000
197.052600,-0.110000,0.010000,0.040000
197.052600,-0.110000,0.020000,0.030000
197.052600,-0.110000,0.020000,0.030000
197.052600,-0.100000,0.020000,0.020000
197.136820,-0.060000,0.000000,0.000000
197.136820,-0.030000,0.010000,0.000000
197.136820,-0.020000,0.010000,0.000000
197.136820,-0.010000,0.020000,0.000000
197.136820,-0.010000,0.020000,0.000000
197.221080,0.000000,0.020000,0.000000
197.221080,0.010000,0.010000,0.010000
197.221080,0.010000,0.010000,0.010000
197.221080,0.000000,0.010000,0.020000
197.221080,0.000000,0.010000,0.020000
197.305340,-0.020000,0.000000,0.020000
197.305340,-0.030000,0.000000,0.020000
197.305340,-0.020000,-0.010000,0.010000
197.305340,-0.020000,-0.010000,0.000000
197.305340,0.000000,-0.010000,0.000000
197.389610,0.040000,-0.010000,-0.020000
197.389610,0.050000,-0.010000,-0.020000
197.389610,0.090000,-0.020000,-0.020000
197.389610,0.100000,-0.020000,-0.030000
197.389610,0.110000,-0.020000,-0.030000
197.473860,0.100000,-0.030000,-0.020000
197.473860,0.080000,-0.030000,-0.020000
197.473860,0.070000,-0.040000,-0.020000
197.473860,0.070000,-0.040000,-0.020000
197.473860,0.070000,-0.040000,-0.020000
197.560760,0.080000,-0.030000,-0.020000
197.560760,0.070000,-0.020000,-0.010000
197.560760,0.070000,-0.010000,-0.010000
197.560760,0.070000,0.000000,0.000000
197.560760,0.060000,0.010000,0.000000
197.647700,0.060000,0.020000,0.000000
197.647700,0.050000,0.020000,0.000000
197.647700,0.040000,0.030000,0.000000
197.647700,0.040000,0.030000,0.010000
197.647700,0.040000,0.030000,0.010000
197.731950,0.040000,0.030000,0.010000
197.731950,0.050000,0.030000,0.010000
197.731950,0.050000,0.030000,0.010000
197.731950,0.050000,0.030000,0.010000
197.731950,0.050000,0.030000,0.020000
197.816220,0.060000,0.030000,0.020000
197.816220,0.060000,0.030000,0.020000
197.816220,0.040000,0.030000,0.030000
197.816220,0.040000,0.030000,0.040000
197.816220,0.030000,0.020000,0.040000
197.903140,0.020000,0.010000,0.040000
197.903140,0.030000,0.010000,0.040000
197.903140,0.030000,0.000000,0.030000
197.903140,0.030000,0.000000,0.030000
197.903140,0.030000,0.000000,0.020000
197.987420,0.030000,-0.010000,0.010000
197.987420,0.040000,-0.010000,0.010000
197.987420,0.060000,-0.020000,0.000000
197.987420,0.060000,-0.020000,-0.010000
197.987420,0.070000,-0.020000,-0.020000
198.071710,0.080000,-0.020000,-0.030000
198.071710,0.080000,-0.020000,-0.030000
198.071710,0.070000,-0.010000,-0.030000
198.071710,0.060000,-0.010000,-0.010000
198.071710,0.050000,0.000000,-0.010000
198.155990,0.040000,0.000000,0.000000
198.155990,0.030000,-0.010000,0.000000
198.155990,0.020000,-0.010000,0.000000
198.155990,0.010000,-0.010000,0.000000
198.155990,0.000000,-0.020000,0.000000
198.240280,-0.010000,-0.020000,0.000000
198.240280,-0.010000,-0.020000,0.000000
198.240280,-0.020000,-0.030000,0.000000
198.240280,-0.020000,-0.030000,-0.010000
198.240280,-0.030000,-0.040000,-0.010000
198.324550,-0.040000,-0.070000,-0.010000
198.324550,-0.040000,-0.070000,-0.010000
198.324550,-0.040000,-0.080000,-0.020000
198.324550,-0.040000,-0.080000,-0.020000
198.324550,-0.030000,-0.080000,-0.030000
198.408830,-0.010000,-0.080000,-0.030000
198.408830,-0.010000,-0.070000,-0.020000
198.408830,-0.020000,-0.070000,-0.010000
198.408830,-0.020000,-0.050000,0.000000
198.408830,-0.020000,-0.050000,0.000000
198.493130,-0.010000,-0.030000,0.000000
198.493130,-0.010000,-0.030000,0.000000
198.493130,-0.010000,-0.020000,0.000000
198.493130,-0.010000,-0.010000,0.000000
198.493130,-0.020000,-0.010000,0.000000
198.577410,-0.020000,-0.020000,0.000000
198.577410,-0.010000,-0.030000,0.000000
198.577410,-0.010000,-0.030000,0.000000
198.577410,-0.020000,-0.030000,0.000000
198.577410,-0.040000,-0.040000,0.000000
198.661670,-0.080000,-0.070000,-0.010000
198.661670,-0.090000,-0.080000,-0.010000
198.661670,-0.100000,-0.080000,-0.020000
198.661670,-0.100000,-0.080000,-0.030000
198.661670,-0.090000,-0.080000,-0.020000
198.745950,-0.070000,-0.080000,-0.010000
198.745950,-0.050000,-0.070000,0.000000
198.745950,-0.040000,-0.070000,0.000000
198.745950,-0.020000,-0.050000,0.000000
198.745950,-0.020000,-0.040000,0.000000
198.830230,-0.020000,-0.020000,0.010000
198.830230,-0.020000,-0.010000,0.020000
198.830230,-0.020000,-0.010000,0.020000
198.830230,-0.010000,-0.010000,0.020000
198.830230,0.000000,-0.010000,0.020000
198.914480,0.000000,-0.010000,0.010000
198.914480,0.000000,-0.010000,0.010000
198.914480,0.000000,-0.010000,0.010000
198.914480,-0.010000,-0.020000,0.010000
198.914480,-0.020000,-0.020000,0.010000
198.998740,-0.020000,-0.010000,0.010000
198.998740,-0.020000,-0.010000,0.010000
198.998740,-0.010000,-0.010000,0.000000
198.998740,-0.010000,-0.010000,0.010000
198.998740,-0.010000,-0.010000,0.000000
199.083040,-0.010000,-0.010000,0.000000
199.083040,-0.010000,0.000000,0.000000
199.083040,0.000000,0.000000,0.000000
199.083040,0.000000,0.000000,0.000000
199.083040,0.000000,0.000000,0.000000
786.528475,-0.010000,0.000000,0.000000
786.528475,-0.020000,0.000000,0.000000
786.528475,-0.010000,0.000000,0.000000
786.528475,-0.010000,0.000000,0.000000
786.528475,0.000000,0.000000,0.000000
786.624765,0.000000,0.000000,0.000000
786.624765,-0.010000,0.010000,0.000000
786.624765,-0.010000,0.010000,0.000000
786.624765,-0.020000,0.020000,0.000000
786.624765,-0.010000,0.020000,0.000000
786.721045,-0.010000,0.010000,0.000000
786.721045,-0.010000,0.010000,0.000000
786.721045,-0.010000,0.010000,0.000000
786.721045,-0.010000,0.000000,0.010000
786.721045,-0.010000,0.000000,0.010000
786.817325,0.000000,0.000000,0.010000
786.817325,0.000000,0.000000,0.010000
786.817325,0.000000,0.000000,0.000000
786.817325,0.000000,0.000000,0.000000
786.817325,0.000000,0.010000,0.010000
786.913605,0.010000,0.020000,0.020000
786.913605,0.010000,0.030000,0.020000
786.913605,0.010000,0.030000,0.010000
786.913605,0.010000,0.030000,0.010000
786.913605,0.000000,0.020000,0.010000
787.009895,-0.010000,0.000000,0.000000
787.009895,-0.010000,0.000000,0.000000
787.009895,-0.010000,0.000000,-0.010000
787.009895,-0.010000,-0.010000,-0.010000
787.009895,-0.020000,-0.010000,-0.010000
787.106165,-0.030000,-0.010000,-0.010000
787.106165,-0.040000,-0.010000,0.000000
787.106165,-0.040000,-0.010000,0.000000
787.106165,-0.030000,-0.010000,0.000000
787.106165,-0.010000,-0.010000,0.000000
787.202465,0.000000,-0.020000,-0.010000
787.202465,0.000000,-0.020000,-0.020000
787.202465,-0.010000,-0.020000,-0.020000
787.202465,-0.010000,-0.020000,-0.030000
787.202465,0.000000,-0.020000,-0.030000
787.298775,0.000000,-0.020000,-0.030000
787.298775,0.000000,-0.020000,-0.020000
787.298775,-0.010000,-0.010000,-0.020000
787.298775,-0.010000,-0.010000,-0.020000
787.298775,-0.020000,-0.020000,-0.010000
787.395105,-0.020000,-0.050000,0.000000
787.395105,0.000000,-0.050000,-0.010000
787.395105,0.000000,-0.050000,-0.020000
787.395105,0.000000,-0.050000,-0.020000
787.395105,-0.010000,-0.050000,-0.030000
787.491445,-0.020000,-0.030000,-0.020000
787.491445,-0.020000,-0.020000,-0.010000
787.491445,-0.010000,-0.010000,0.000000
787.491445,-0.010000,-0.010000,0.000000
787.491445,-0.010000,-0.010000,0.000000
787.587765,-0.020000,-0.010000,0.000000
787.587765,-0.020000,-0.010000,0.000000
787.587765,-0.020000,-0.020000,0.000000
787.587765,-0.020000,-0.020000,0.000000
787.587765,-0.010000,-0.030000,0.000000
787.684095,0.000000,-0.030000,0.000000
787.684095,0.010000,-0.030000,0.000000
787.684095,0.020000,-0.030000,0.000000
787.684095,0.030000,-0.030000,0.000000
787.684095,0.030000,-0.040000,0.000000
787.780435,0.030000,-0.030000,0.000000
787.780435,0.030000,-0.020000,0.000000
787.780435,0.030000,-0.010000,0.000000
787.780435,0.020000,0.000000,0.000000
787.780435,0.020000,0.000000,0.000000
787.876755,0.010000,0.000000,0.000000
787.876755,0.000000,0.010000,0.000000
787.876755,0.000000,0.010000,0.000000
787.876755,0.000000,0.010000,0.000000
787.876755,0.000000,0.010000,0.000000
787.973055,0.000000,0.010000,0.000000
787.973055,0.020000,0.000000,0.000000
787.973055,0.040000,-0.020000,0.000000
787.973055,0.050000,-0.030000,0.000000
787.973055,0.060000,-0.050000,0.000000
788.069385,0.080000,-0.070000,0.000000
788.069385,0.060000,-0.060000,-0.010000
788.069385,0.040000,-0.060000,-0.010000
788.069385,0.030000,-0.060000,-0.020000
788.069385,0.010000,-0.050000,-0.020000
788.165695,0.000000,-0.040000,-0.020000
788.165695,0.000000,-0.030000,-0.020000
788.165695,-0.010000,-0.030000,-0.010000
788.165695,-0.020000,-0.030000,-0.010000
788.165695,-0.020000,-0.030000,0.000000
788.262015,-0.020000,-0.040000,0.000000
788.262015,-0.010000,-0.040000,0.000000
788.262015,-0.020000,-0.050000,0.000000
788.262015,-0.020000,-0.050000,-0.010000
788.262015,-0.020000,-0.050000,-0.010000
788.358325,-0.010000,-0.040000,-0.020000
788.358325,-0.010000,-0.030000,-0.010000
788.358325,0.000000,-0.020000,-0.010000
788.358325,0.000000,-0.020000,-0.010000
788.358325,0.000000,-0.010000,0.000000
788.454645,0.000000,0.000000,0.000000
788.454645,0.000000,0.000000,0.000000
788.454645,-0.010000,0.010000,0.010000
788.454645,-0.010000,0.020000,0.010000
788.454645,0.000000,0.020000,0.020000
788.550975,0.000000,0.010000,0.020000
788.550975,0.000000,0.010000,0.020000
788.550975,0.000000,0.010000,0.020000
788.550975,0.000000,0.010000,0.020000
788.550975,0.000000,0.010000,0.020000
788.647285,0.000000,0.010000,0.010000
788.647285,0.000000,0.000000,0.020000
788.647285,0.000000,-0.010000,0.020000
788.647285,0.000000,-0.010000,0.020000
788.647285,0.000000,0.000000,0.010000
788.743605,0.000000,0.000000,0.000000
788.743605,0.000000,0.000000,0.000000
788.743605,0.000000,0.000000,-0.010000
788.743605,0.000000,0.000000,-0.010000
788.743605,0.000000,0.000000,-0.010000
788.839925,0.000000,0.000000,-0.010000
788.839925,0.000000,0.000000,-0.010000
788.839925,0.000000,0.000000,0.000000
788.839925,0.000000,0.000000,0.000000
788.839925,0.000000,0.000000,0.000000
788.936255,0.000000,0.000000,0.000000
788.936255,0.000000,-0.010000,0.000000
788.936255,-0.010000,-0.010000,0.000000
788.936255,-0.020000,-0.020000,0.000000
788.936255,-0.020000,-0.010000,0.000000
789.032565,-0.020000,-0.020000,0.000000
789.032565,-0.020000,-0.020000,0.000000
789.032565,-0.020000,-0.030000,0.000000
789.032565,-0.020000,-0.030000,0.000000
789.032565,-0.010000,-0.030000,0.000000
789.128835,0.000000,-0.040000,0.000000
789.128835,0.000000,-0.040000,0.000000
789.128835,0.000000,-0.030000,0.000000
789.128835,0.000000,-0.030000,0.000000
789.128835,0.000000,-0.030000,0.000000
789.225135,0.000000,-0.030000,0.010000
789.225135,-0.010000,-0.030000,0.000000
789.225135,-0.030000,-0.020000,0.000000
789.225135,-0.030000,-0.020000,0.000000
789.225135,-0.030000,-0.020000,0.000000
789.321425,-0.040000,-0.020000,-0.010000
789.321425,-0.030000,-0.020000,0.000000
789.321425,-0.030000,-0.040000,0.000000
789.321425,-0.020000,-0.040000,0.000000
789.321425,-0.010000,-0.040000,0.000000
789.417715,-0.010000,-0.030000,-0.010000
789.417715,-0.010000,-0.030000,-0.020000
789.417715,0.000000,-0.030000,-0.020000
789.417715,0.000000,-0.030000,-0.020000
789.417715,0.010000,-0.020000,-0.020000
789.514005,0.010000,0.000000,-0.010000
789.514005,0.010000,0.000000,0.000000
789.514005,0.010000,0.000000,-0.010000
789.514005,0.010000,-0.010000,-0.010000
789.514005,0.000000,-0.010000,-0.010000
789.610305,0.000000,-0.010000,-0.020000
789.610305,-0.010000,-0.010000,-0.020000
789.610305,-0.010000,-0.010000,-0.020000
789.610305,-0.010000,-0.020000,-0.020000
789.610305,-0.010000,-0.020000,-0.010000
789.706595,0.000000,-0.020000,-0.010000
789.706595,0.000000,-0.020000,-0.010000
789.706595,0.000000,-0.020000,-0.010000
789.706595,0.000000,-0.020000,-0.010000
789.706595,0.010000,-0.020000,-0.010000
789.802875,0.010000,-0.020000,0.000000
789.802875,0.000000,-0.020000,0.000000
789.802875,0.000000,-0.020000,0.000000
789.802875,0.010000,-0.020000,0.000000
789.802875,0.010000,-0.020000,0.000000
789.899165,0.000000,-0.050000,0.000000
789.899165,0.000000,-0.060000,0.000000
789.899165,0.000000,-0.060000,-0.010000
789.899165,0.000000,-0.060000,-0.010000
789.899165,0.000000,-0.050000,-0.020000
789.995475,-0.010000,-0.040000,-0.020000
789.995475,0.000000,-0.030000,-0.020000
789.995475,0.000000,-0.010000,-0.010000
789.995475,0.000000,-0.010000,-0.010000
789.995475,0.000000,-0.020000,0.000000
790.091775,0.000000,-0.040000,0.000000
790.091775,0.000000,-0.040000,-0.010000
790.091775,0.000000,-0.030000,-0.020000
790.091775,0.000000,-0.030000,-0.030000
790.091775,0.000000,-0.030000,-0.030000
790.190725,-0.010000,-0.020000,-0.030000
790.190725,-0.010000,-0.010000,-0.020000
790.190725,0.000000,-0.010000,-0.010000
790.190725,-0.010000,-0.020000,-0.010000
790.190725,-0.010000,-0.020000,-0.010000
790.286995,-0.010000,-0.030000,-0.010000
790.286995,-0.010000,-0.040000,-0.020000
790.286995,-0.010000,-0.050000,-0.020000
790.286995,-0.010000,-0.050000,-0.020000
790.286995,-0.010000,-0.050000,-0.020000
790.383245,-0.020000,-0.050000,-0.010000
790.383245,-0.030000,-0.040000,0.000000
790.383245,-0.030000,-0.040000,0.000000
790.383245,-0.030000,-0.040000,0.000000
790.383245,-0.030000,-0.040000,0.000000
900.160641,0.030000,0.000000,0.170000
900.160641,0.030000,0.000000,0.170000
900.160641,0.050000,0.000000,0.170000
900.160641,0.060000,-0.010000,0.160000
900.160641,0.070000,-0.010000,0.160000
900.256861,0.120000,-0.020000,0.120000
900.256861,0.130000,-0.030000,0.110000
900.256861,0.140000,-0.020000,0.090000
900.256861,0.130000,-0.020000,0.080000
900.256861,0.130000,-0.010000,0.070000
900.353101,0.110000,-0.030000,0.050000
900.353101,0.110000,-0.040000,0.050000
900.353101,0.090000,-0.050000,0.050000
900.353101,0.050000,-0.060000,0.060000
900.353101,0.030000,-0.070000,0.070000
900.449371,-0.060000,-0.020000,0.110000
900.449371,-0.070000,0.000000,0.120000
900.449371,-0.070000,0.030000,0.130000
900.449371,-0.050000,0.070000,0.130000
900.449371,-0.040000,0.090000,0.130000
900.545611,-0.040000,0.090000,0.070000
900.545611,-0.030000,0.070000,0.040000
900.545611,-0.030000,0.030000,-0.010000
900.545611,-0.030000,0.000000,-0.080000
900.545611,-0.020000,-0.020000,-0.110000
900.641861,-0.030000,-0.070000,-0.210000
900.641861,-0.020000,-0.070000,-0.220000
900.641861,0.000000,-0.070000,-0.230000
900.641861,0.000000,-0.070000,-0.220000
900.641861,-0.020000,-0.070000,-0.200000
900.738111,-0.040000,-0.090000,-0.160000
900.738111,-0.020000,-0.100000,-0.150000
900.738111,0.000000,-0.120000,-0.130000
900.738111,-0.020000,-0.170000,-0.090000
900.738111,-0.040000,-0.200000,-0.070000
900.834351,-0.110000,-0.290000,0.000000
900.834351,-0.130000,-0.290000,0.000000
900.834351,-0.130000,-0.260000,0.000000
900.834351,-0.120000,-0.190000,0.000000
900.834351,-0.120000,-0.130000,-0.010000
900.930621,-0.080000,0.180000,-0.040000
900.930621,-0.060000,0.270000,-0.030000
900.930621,-0.060000,0.350000,-0.010000
900.930621,-0.080000,0.330000,0.000000
900.930621,-0.090000,0.320000,0.000000
901.026831,-0.090000,0.300000,-0.060000
901.026831,-0.100000,0.230000,-0.080000
901.026831,-0.110000,0.150000,-0.120000
901.026831,-0.100000,0.110000,-0.150000
901.026831,-0.090000,0.100000,-0.160000
901.123081,-0.090000,0.090000,-0.140000
901.123081,-0.090000,0.090000,-0.130000
901.123081,-0.090000,0.090000,-0.110000
901.123081,-0.110000,0.070000,-0.080000
901.123081,-0.130000,0.040000,-0.060000
901.219331,-0.200000,0.000000,-0.030000
901.219331,-0.200000,0.000000,-0.050000
901.219331,-0.200000,0.000000,-0.080000
901.219331,-0.190000,0.010000,-0.090000
901.219331,-0.190000,0.000000,-0.080000
901.315561,-0.200000,-0.070000,-0.040000
901.315561,-0.210000,-0.080000,0.000000
901.315561,-0.220000,-0.030000,0.010000
901.315561,-0.180000,0.030000,0.010000
901.315561,-0.130000,0.050000,0.000000
901.414451,0.100000,0.030000,-0.100000
901.414451,0.250000,-0.080000,-0.180000
901.414451,0.330000,-0.220000,-0.270000
901.414451,0.340000,-0.330000,-0.320000
901.414451,0.350000,-0.440000,-0.340000
901.510661,0.280000,-0.580000,-0.300000
901.510661,0.270000,-0.630000,-0.290000
901.510661,0.290000,-0.630000,-0.290000
901.510661,0.370000,-0.480000,-0.300000
901.510661,0.410000,-0.380000,-0.300000
901.606881,0.470000,0.140000,-0.270000
901.606881,0.460000,0.290000,-0.160000
901.606881,0.440000,0.580000,-0.190000
901.606881,0.440000,0.890000,-0.110000
901.606881,0.460000,1.060000,-0.050000
901.703091,0.650000,1.770000,0.210000
901.703091,0.720000,1.920000,0.260000
901.703091,0.910000,2.180000,0.340000
901.703091,1.140000,2.350000,0.390000
901.703091,1.260000,2.380000,0.390000
901.799311,1.610000,2.460000,0.220000
901.799311,1.670000,2.510000,0.150000
901.799311,1.730000,2.540000,0.090000
901.799311,1.700000,2.350000,0.140000
901.799311,1.610000,2.180000,0.190000
901.895531,1.100000,1.390000,0.220000
901.895531,1.020000,1.260000,0.190000
901.895531,0.880000,1.070000,0.130000
901.895531,0.740000,0.840000,0.110000
901.895531,0.670000,0.720000,0.110000
901.991751,0.420000,0.210000,0.090000
901.991751,0.370000,0.120000,0.090000
901.991751,0.260000,-0.010000,0.100000
901.991751,0.190000,-0.150000,0.130000
901.991751,0.190000,-0.230000,0.140000
902.087961,0.230000,-0.450000,0.120000
902.087961,0.220000,-0.470000,0.090000
902.087961,0.180000,-0.420000,0.030000
902.087961,0.130000,-0.320000,-0.010000
902.087961,0.110000,-0.270000,-0.020000
902.184201,0.020000,-0.180000,-0.050000
902.184201,0.000000,-0.140000,-0.060000
902.184201,0.030000,-0.060000,-0.090000
902.184201,0.070000,-0.030000,-0.100000
902.184201,0.070000,-0.040000,-0.100000
902.280441,-0.130000,-0.110000,-0.100000
902.280441,-0.150000,-0.090000,-0.100000
902.280441,-0.110000,-0.070000,-0.080000
902.280441,-0.060000,-0.090000,-0.050000
902.280441,-0.050000,-0.120000,-0.020000
902.376651,0.010000,-0.250000,0.060000
902.376651,0.040000,-0.270000,0.080000
902.376651,0.100000,-0.260000,0.090000
902.376651,0.150000,-0.250000,0.110000
902.376651,0.170000,-0.240000,0.110000
902.472881,0.180000,-0.130000,0.120000
902.472881,0.160000,-0.090000,0.120000
902.472881,0.130000,-0.010000,0.130000
902.472881,0.110000,0.050000,0.130000
902.472881,0.120000,0.090000,0.110000
902.569101,0.250000,0.190000,0.030000
902.569101,0.290000,0.200000,0.010000
902.569101,0.330000,0.160000,-0.010000
902.569101,0.300000,0.110000,-0.020000
902.569101,0.270000,0.100000,-0.030000
902.665301,0.170000,0.120000,-0.080000
902.665301,0.160000,0.130000,-0.080000
902.665301,0.140000,0.120000,-0.070000
902.665301,0.130000,0.100000,-0.060000
902.665301,0.140000,0.090000,-0.050000
902.761521,0.300000,0.030000,-0.020000
902.761521,0.380000,0.000000,-0.010000
902.761521,0.570000,-0.100000,-0.020000
902.761521,0.720000,-0.170000,-0.050000
902.761521,0.760000,-0.180000,-0.070000
902.857761,0.670000,-0.110000,-0.100000
902.857761,0.590000,-0.090000,-0.070000
902.857761,0.400000,-0.060000,0.000000
902.857761,0.230000,-0.070000,0.100000
902.857761,0.160000,-0.090000,0.160000
902.953961,0.070000,-0.170000,0.350000
902.953961,0.100000,-0.210000,0.390000
902.953961,0.190000,-0.280000,0.430000
902.953961,0.270000,-0.320000,0.440000
902.953961,0.290000,-0.330000,0.420000
903.050161,0.330000,-0.230000,0.230000
903.050161,0.340000,-0.210000,0.180000
903.050161,0.380000,-0.170000,0.030000
903.050161,0.270000,-0.080000,0.000000
903.050161,0.400000,-0.040000,-0.070000
903.146391,0.240000,0.050000,-0.110000
903.146391,0.220000,0.090000,-0.090000
903.146391,0.080000,0.000000,0.020000
903.146391,0.110000,0.000000,0.050000
903.146391,0.150000,0.020000,0.040000
903.242581,0.090000,0.040000,0.090000
903.242581,0.060000,0.050000,0.100000
903.242581,0.060000,0.040000,0.090000
903.242581,0.080000,0.000000,0.070000
903.242581,0.100000,-0.020000,0.060000
903.338791,0.110000,-0.100000,0.030000
903.338791,0.080000,-0.110000,0.000000
903.338791,0.060000,-0.130000,-0.040000
903.338791,0.040000,-0.220000,-0.120000
903.338791,0.040000,-0.290000,-0.180000
903.434981,0.120000,-0.630000,-0.540000
903.434981,0.220000,-0.870000,-0.830000
903.434981,0.330000,-0.990000,-1.050000
903.434981,0.410000,-0.990000,-1.170000
903.434981,0.420000,-0.980000,-1.170000
903.533831,0.420000,-1.030000,-1.000000
903.533831,0.420000,-1.130000,-0.800000
903.533831,0.430000,-1.200000,-0.580000
903.533831,0.440000,-1.170000,-0.370000
903.533831,0.440000,-1.120000,-0.170000
903.629981,0.450000,-1.010000,0.080000
903.629981,0.450000,-1.000000,0.220000
903.629981,0.440000,-0.950000,0.210000
903.629981,0.390000,-0.820000,0.250000
903.629981,0.380000,-0.780000,0.260000
903.726181,0.470000,-0.840000,0.290000
903.726181,0.510000,-0.910000,0.300000
903.726181,0.560000,-1.090000,0.340000
903.726181,0.550000,-1.290000,0.380000
903.726181,0.520000,-1.380000,0.400000
903.822351,0.320000,-1.630000,0.450000
903.822351,0.280000,-1.670000,0.450000
903.822351,0.220000,-1.700000,0.440000
903.822351,0.240000,-1.720000,0.440000
903.822351,0.260000,-1.730000,0.440000
903.918541,0.390000,-1.860000,0.450000
903.918541,0.420000,-1.890000,0.460000
903.918541,0.470000,-1.930000,0.460000
903.918541,0.500000,-1.980000,0.460000
903.918541,0.490000,-2.020000,0.450000
904.014741,0.370000,-2.180000,0.420000
904.014741,0.330000,-2.210000,0.430000
904.014741,0.270000,-2.240000,0.450000
904.014741,0.230000,-2.250000,0.470000
904.014741,0.220000,-2.270000,0.470000
1013.067757,-0.030000,-0.020000,0.020000
1013.067757,-0.020000,-0.040000,0.010000
1013.067757,-0.020000,-0.040000,0.000000
1013.067757,-0.010000,-0.040000,0.000000
1013.067757,-0.010000,-0.030000,0.000000
1013.164037,-0.020000,-0.030000,0.000000
1013.164037,-0.020000,-0.030000,0.000000
1013.164037,-0.020000,-0.030000,0.000000
1013.164037,-0.020000,-0.030000,0.000000
1013.164037,-0.020000,-0.030000,0.010000
1013.260287,-0.020000,-0.030000,0.010000
1013.260287,-0.020000,-0.030000,0.000000
1013.260287,-0.010000,-0.030000,0.000000
1013.260287,-0.010000,-0.040000,0.000000
1013.260287,-0.010000,-0.040000,0.000000
1013.356537,0.000000,-0.040000,0.000000
1013.356537,-0.010000,-0.040000,0.000000
1013.356537,0.000000,-0.040000,0.000000
1013.356537,0.000000,-0.040000,0.000000
1013.356537,0.000000,-0.030000,0.000000
1013.452797,0.000000,-0.030000,0.000000
1013.452797,-0.010000,-0.030000,0.000000
1013.452797,-0.010000,-0.030000,0.000000
1013.452797,-0.010000,-0.030000,0.000000
1013.452797,-0.010000,-0.030000,0.000000
1013.549057,0.000000,-0.030000,0.000000
1013.549057,0.000000,-0.040000,0.000000
1013.549057,0.000000,-0.050000,0.000000
1013.549057,0.000000,-0.050000,0.000000
1013.549057,0.000000,-0.040000,0.010000
1013.645307,0.000000,-0.040000,0.020000
1013.645307,0.000000,-0.050000,0.020000
1013.645307,0.000000,-0.060000,0.030000
1013.645307,0.010000,-0.060000,0.030000
1013.645307,0.010000,-0.060000,0.030000
1238.934041,-0.010000,0.000000,0.000000
1238.934041,-0.020000,0.000000,0.000000
1238.934041,-0.010000,0.000000,0.000000
1238.934041,-0.010000,0.000000,0.000000
1238.934041,0.000000,0.000000,0.000000
1239.030331,0.000000,0.000000,0.000000
1239.030331,-0.010000,0.010000,0.000000
1239.030331,-0.010000,0.010000,0.000000
1239.030331,-0.020000,0.020000,0.000000
1239.030331,-0.010000,0.020000,0.000000
1239.126611,-0.010000,0.010000,0.000000
1239.126611,-0.010000,0.010000,0.000000
1239.126611,-0.010000,0.010000,0.000000
1239.126611,-0.010000,0.000000,0.010000
1239.126611,-0.010000,0.000000,0.010000
1239.222891,0.000000,0.000000,0.010000
1239.222891,0.000000,0.000000,0.010000
1239.222891,0.000000,0.000000,0.000000
1239.222891,0.000000,0.000000,0.000000
1239.222891,0.000000,0.010000,0.010000
1239.319171,0.010000,0.020000,0.020000
1239.319171,0.010000,0.030000,0.020000
1239.319171,0.010000,0.030000,0.010000
1239.319171,0.010000,0.030000,0.010000
1239.319171,0.000000,0.020000,0.010000
1239.415461,-0.010000,0.000000,0.000000
1239.415461,-0.010000,0.000000,0.000000
1239.415461,-0.010000,0.000000,-0.010000
1239.415461,-0.010000,-0.010000,-0.010000
1239.415461,-0.020000,-0.010000,-0.010000
1239.511731,-0.030000,-0.010000,-0.010000
1239.511731,-0.040000,-0.010000,0.000000
1239.511731,-0.040000,-0.010000,0.000000
1239.511731,-0.030000,-0.010000,0.000000
1239.511731,-0.010000,-0.010000,0.000000
1239.608031,0.000000,-0.020000,-0.010000
1239.608031,0.000000,-0.020000,-0.020000
1239.608031,-0.010000,-0.020000,-0.020000
1239.608031,-0.010000,-0.020000,-0.030000
1239.608031,0.000000,-0.020000,-0.030000
1239.704341,0.000000,-0.020000,-0.030000
1239.704341,0.000000,-0.020000,-0.020000
1239.704341,-0.010000,-0.010000,-0.020000
1239.704341,-0.010000,-0.010000,-0.020000
1239.704341,-0.020000,-0.020000,-0.010000
1239.800671,-0.020000,-0.050000,0.000000
1239.800671,0.000000,-0.050000,-0.010000
1239.800671,0.000000,-0.050000,-0.020000
1239.800671,0.000000,-0.050000,-0.020000
1239.800671,-0.010000,-0.050000,-0.030000
1239.897011,-0.020000,-0.030000,-0.020000
1239.897011,-0.020000,-0.020000,-0.010000
1239.897011,-0.010000,-0.010000,0.000000
1239.897011,-0.010000,-0.010000,0.000000
1239.897011,-0.010000,-0.010000,0.000000
1239.993331,-0.020000,-0.010000,0.000000
1239.993331,-0.020000,-0.010000,0.000000
1239.993331,-0.020000,-0.020000,0.000000
1239.993331,-0.020000,-0.020000,0.000000
1239.993331,-0.010000,-0.030000,0.000000
1240.089661,0.000000,-0.030000,0.000000
1240.089661,0.010000,-0.030000,0.000000
1240.089661,0.020000,-0.030000,0.000000
1240.089661,0.030000,-0.030000,0.000000
1240.089661,0.030000,-0.040000,0.000000
1240.186001,0.030000,-0.030000,0.000000
1240.186001,0.030000,-0.020000,0.000000
1240.186001,0.030000,-0.010000,0.000000
1240.186001,0.020000,0.000000,0.000000
1240.186001,0.020000,0.000000,0.000000
1240.282321,0.010000,0.000000,0.000000
1240.282321,0.000000,0.010000,0.000000
1240.282321,0.000000,0.010000,0.000000
1240.282321,0.000000,0.010000,0.000000
1240.282321,0.000000,0.010000,0.000000
1240.378621,0.000000,0.010000,0.000000
1240.378621,0.020000,0.000000,0.000000
1240.378621,0.040000,-0.020000,0.000000
1240.378621,0.050000,-0.030000,0.000000
1240.378621,0.060000,-0.050000,0.000000
1240.474951,0.080000,-0.070000,0.000000
1240.474951,0.060000,-0.060000,-0.010000
1240.474951,0.040000,-0.060000,-0.010000
1240.474951,0.030000,-0.060000,-0.020000
1240.474951,0.010000,-0.050000,-0.020000
1240.571261,0.000000,-0.040000,-0.020000
1240.571261,0.000000,-0.030000,-0.020000
1240.571261,-0.010000,-0.030000,-0.010000
1240.571261,-0.020000,-0.030000,-0.010000
1240.571261,-0.020000,-0.030000,0.000000
1240.667581,-0.020000,-0.040000,0.000000
1240.667581,-0.010000,-0.040000,0.000000
1240.667581,-0.020000,-0.050000,0.000000
1240.667581,-0.020000,-0.050000,-0.010000
1240.667581,-0.020000,-0.050000,-0.010000
1240.763891,-0.010000,-0.040000,-0.020000
1240.763891,-0.010000,-0.030000,-0.010000
1240.763891,0.000000,-0.020000,-0.010000
1240.763891,0.000000,-0.020000,-0.010000
1240.763891,0.000000,-0.010000,0.000000
1240.860211,0.000000,0.000000,0.000000
1240.860211,0.000000,0.000000,0.000000
1240.860211,-0.010000,0.010000,0.010000
1240.860211,-0.010000,0.020000,0.010000
1240.860211,0.000000,0.020000,0.020000
1240.956541,0.000000,0.010000,0.020000
1240.956541,0.000000,0.010000,0.020000
1240.956541,0.000000,0.010000,0.020000
1240.956541,0.000000,0.010000,0.020000
1240.956541,0.000000,0.010000,0.020000
1241.052851,0.000000,0.010000,0.010000
1241.052851,0.000000,0.000000,0.020000
1241.052851,0.000000,-0.010000,0.020000
1241.052851,0.000000,-0.010000,0.020000
1241.052851,0.000000,0.000000,0.010000
1241.149171,0.000000,0.000000,0.000000
1241.149171,0.000000,0.000000,0.000000
1241.149171,0.000000,0.000000,-0.010000
1241.149171,0.000000,0.000000,-0.010000
1241.149171,0.000000,0.000000,-0.010000
1241.245491,0.000000,0.000000,-0.010000
1241.245491,0.000000,0.000000,-0.010000
1241.245491,0.000000,0.000000,0.000000
1241.245491,0.000000,0.000000,0.000000
1241.245491,0.000000,0.000000,0.000000
1241.341821,0.000000,0.000000,0.000000
1241.341821,0.000000,-0.010000,0.000000
1241.341821,-0.010000,-0.010000,0.000000
1241.341821,-0.020000,-0.020000,0.000000
1241.341821,-0.020000,-0.010000,0.000000
1241.438131,-0.020000,-0.020000,0.000000
1241.438131,-0.020000,-0.020000,0.000000
1241.438131,-0.020000,-0.030000,0.000000
1241.438131,-0.020000,-0.030000,0.000000
1241.438131,-0.010000,-0.030000,0.000000
1241.534401,0.000000,-0.040000,0.000000
1241.534401,0.000000,-0.040000,0.000000
1241.534401,0.000000,-0.030000,0.000000
1241.534401,0.000000,-0.030000,0.000000
1241.534401,0.000000,-0.030000,0.000000
1241.630701,0.000000,-0.030000,0.010000
1241.630701,-0.010000,-0.030000,0.000000
1241.630701,-0.030000,-0.020000,0.000000
1241.630701,-0.030000,-0.020000,0.000000
1241.630701,-0.030000,-0.020000,0.000000
1241.726991,-0.040000,-0.020000,-0.010000
1241.726991,-0.030000,-0.020000,0.000000
1241.726991,-0.030000,-0.040000,0.000000
1241.726991,-0.020000,-0.040000,0.000000
1241.726991,-0.010000,-0.040000,0.000000
1241.823281,-0.010000,-0.030000,-0.010000
1241.823281,-0.010000,-0.030000,-0.020000
1241.823281,0.000000,-0.030000,-0.020000
1241.823281,0.000000,-0.030000,-0.020000
1241.823281,0.010000,-0.020000,-0.020000
1241.919571,0.010000,0.000000,-0.010000
1241.919571,0.010000,0.000000,0.000000
1241.919571,0.010000,0.000000,-0.010000
1241.919571,0.010000,-0.010000,-0.010000
1241.919571,0.000000,-0.010000,-0.010000
1242.015871,0.000000,-0.010000,-0.020000
1242.015871,-0.010000,-0.010000,-0.020000
1242.015871,-0.010000,-0.010000,-0.020000
1242.015871,-0.010000,-0.020000,-0.020000
1242.015871,-0.010000,-0.020000,-0.010000
1242.112161,0.000000,-0.020000,-0.010000
1242.112161,0.000000,-0.020000,-0.010000
1242.112161,0.000000,-0.020000,-0.010000
1242.112161,0.000000,-0.020000,-0.010000
1242.112161,0.010000,-0.020000,-0.010000
1242.208441,0.010000,-0.020000,0.000000
1242.208441,0.000000,-0.020000,0.000000
1242.208441,0.000000,-0.020000,0.000000
1242.208441,0.010000,-0.020000,0.000000
1242.208441,0.010000,-0.020000,0.000000
1242.304731,0.000000,-0.050000,0.000000
1242.304731,0.000000,-0.060000,0.000000
1242.304731,0.000000,-0.060000,-0.010000
1242.304731,0.000000,-0.060000,-0.010000
1242.304731,0.000000,-0.050000,-0.020000
1242.401041,-0.010000,-0.040000,-0.020000
1242.401041,0.000000,-0.030000,-0.020000
1242.401041,0.000000,-0.010000,-0.010000
1242.401041,0.000000,-0.010000,-0.010000
1242.401041,0.000000,-0.020000,0.000000
1242.497341,0.000000,-0.040000,0.000000
1242.497341,0.000000,-0.040000,-0.010000
1242.497341,0.000000,-0.030000,-0.020000
1242.497341,0.000000,-0.030000,-0.030000
1242.497341,0.000000,-0.030000,-0.030000
1242.596291,-0.010000,-0.020000,-0.030000
1242.596291,-0.010000,-0.010000,-0.020000
1242.596291,0.000000,-0.010000,-0.010000
1242.596291,-0.010000,-0.020000,-0.010000
1242.596291,-0.010000,-0.020000,-0.010000
1242.692561,-0.010000,-0.030000,-0.010000
1242.692561,-0.010000,-0.040000,-0.020000
1242.692561,-0.010000,-0.050000,-0.020000
1242.692561,-0.010000,-0.050000,-0.020000
1242.692561,-0.010000,-0.050000,-0.020000
1242.788811,-0.020000,-0.050000,-0.010000
1242.788811,-0.030000,-0.040000,0.000000
1242.788811,-0.030000,-0.040000,0.000000
1242.788811,-0.030000,-0.040000,0.000000
1242.788811,-0.030000,-0.040000,0.000000
1352.566207,-1.200000,0.450000,0.950000
1352.566207,-1.170000,0.500000,0.960000
1352.566207,-1.180000,0.480000,0.910000
1352.566207,-1.010000,0.330000,0.730000
1352.566207,-0.740000,0.270000,0.410000
1352.662437,-0.300000,0.390000,-0.140000
1352.662437,-0.140000,0.400000,-0.350000
1352.662437,-0.020000,0.340000,-0.390000
1352.662437,0.060000,0.310000,-0.530000
1352.662437,0.050000,0.260000,-0.530000
1352.758657,0.540000,0.020000,-0.180000
1352.758657,0.550000,-0.010000,-0.110000
1352.758657,0.720000,0.010000,-0.130000
1352.758657,0.740000,0.090000,-0.170000
1352.758657,0.770000,0.170000,-0.240000
1352.854867,0.890000,0.480000,-0.300000
1352.854867,0.870000,0.590000,-0.380000
1352.854867,0.900000,0.820000,-0.330000
1352.854867,0.810000,0.960000,-0.260000
1352.854867,0.730000,0.990000,-0.190000
1352.951067,0.240000,0.730000,0.300000
1352.951067,0.170000,0.670000,0.400000
1352.951067,-0.010000,0.550000,0.590000
1352.951067,-0.020000,0.570000,0.720000
1352.951067,-0.060000,0.600000,0.810000
1353.047267,-0.200000,1.070000,1.460000
1353.047267,-0.160000,1.380000,1.690000
1353.047267,0.180000,2.210000,2.150000
1353.047267,0.310000,2.940000,2.780000
1353.047267,0.310000,3.190000,3.090000
1353.143477,0.620000,3.540000,3.680000
1353.143477,0.720000,3.460000,3.680000
1353.143477,0.670000,3.140000,3.490000
1353.143477,0.670000,2.660000,3.040000
1353.143477,0.700000,2.370000,2.800000
1353.239677,0.710000,1.330000,2.020000
1353.239677,0.640000,1.100000,1.880000
1353.239677,0.570000,0.800000,1.580000
1353.239677,0.280000,0.640000,1.310000
1353.239677,0.130000,0.630000,1.170000
1353.335917,-0.450000,0.730000,0.700000
1353.335917,-0.550000,0.770000,0.580000
1353.335917,-0.660000,0.830000,0.340000
1353.335917,-0.690000,0.880000,0.090000
1353.335917,-0.710000,0.900000,0.000000
1353.432097,-0.860000,0.950000,-0.320000
1353.432097,-0.800000,0.930000,-0.380000
1353.432097,-0.840000,0.820000,-0.350000
1353.432097,-0.750000,0.610000,-0.230000
1353.432097,-0.710000,0.450000,-0.130000
1353.528297,-0.810000,0.520000,-0.310000
1353.528297,-0.730000,0.550000,-0.410000
1353.528297,-0.470000,0.380000,-0.480000
1353.528297,-0.180000,-0.010000,-0.470000
1353.528297,0.000000,-0.240000,-0.480000
1353.624497,0.730000,-0.590000,-0.550000
1353.624497,0.780000,-0.610000,-0.500000
1353.624497,0.990000,-0.520000,-0.440000
1353.624497,1.060000,-0.390000,-0.400000
1353.624497,1.150000,-0.320000,-0.380000
1353.720717,1.400000,0.190000,-0.410000
1353.720717,1.350000,0.350000,-0.420000
1353.720717,1.030000,0.510000,-0.350000
1353.720717,0.670000,0.510000,-0.190000
1353.720717,0.480000,0.470000,-0.100000
1353.816947,-0.130000,0.380000,0.190000
1353.816947,-0.330000,0.400000,0.260000
1353.816947,-0.620000,0.410000,0.400000
1353.816947,-0.880000,0.360000,0.510000
1353.816947,-0.780000,0.280000,0.530000
1353.913167,0.030000,0.410000,0.370000
1353.913167,0.280000,0.350000,0.410000
1353.913167,0.680000,0.040000,0.570000
1353.913167,0.970000,-0.360000,0.670000
1353.913167,1.140000,-0.430000,0.620000
1354.009387,0.920000,-0.220000,0.340000
1354.009387,0.900000,-0.160000,0.290000
1354.009387,0.660000,-0.060000,0.250000
1354.009387,0.410000,-0.030000,0.240000
1354.009387,0.260000,0.000000,0.240000
1354.105637,-0.460000,0.170000,0.240000
1354.105637,-0.660000,0.230000,0.250000
1354.105637,-1.070000,0.350000,0.270000
1354.105637,-1.360000,0.490000,0.240000
1354.105637,-1.420000,0.570000,0.210000
1354.201867,-1.460000,0.850000,0.020000
1354.201867,-1.530000,0.940000,-0.030000
1354.201867,-1.590000,0.890000,-0.010000
1354.201867,-1.130000,0.560000,0.130000
1354.201867,-1.000000,0.410000,0.130000
1354.298077,-0.220000,0.230000,-0.500000
1354.298077,-0.090000,0.020000,-0.490000
1354.298077,0.290000,-0.410000,-0.600000
1354.298077,0.430000,-0.930000,-0.630000
1354.298077,0.500000,-1.060000,-0.640000
1354.394277,0.730000,-0.880000,-0.530000
1354.394277,0.820000,-0.880000,-0.450000
1354.394277,0.850000,-0.910000,-0.220000
1354.394277,0.930000,-0.920000,-0.030000
1354.394277,0.990000,-0.890000,0.030000
1354.490487,1.190000,-0.790000,0.290000
1354.490487,1.280000,-0.640000,0.340000
1354.490487,1.390000,-0.320000,0.350000
1354.490487,1.390000,0.010000,0.350000
1354.490487,1.390000,0.080000,0.390000
1354.586707,1.310000,-0.060000,0.800000
1354.586707,1.050000,-0.300000,0.960000
1354.586707,0.880000,-0.580000,1.260000
1354.586707,0.770000,-0.630000,1.180000
1354.586707,0.720000,-0.560000,0.970000
1354.682917,0.220000,0.170000,0.040000
1354.682917,0.640000,0.270000,-0.150000
1354.682917,1.170000,-0.090000,0.080000
1354.682917,1.360000,-0.480000,0.050000
1354.682917,1.160000,-0.640000,0.020000
1354.779147,1.060000,-0.440000,-0.340000
1354.779147,0.880000,-0.260000,-0.490000
1354.779147,0.630000,-0.040000,-0.640000
1354.779147,0.340000,0.150000,-0.730000
1354.779147,0.200000,0.230000,-0.760000
1354.875377,-0.280000,0.330000,-0.660000
1354.875377,-0.610000,0.300000,-0.500000
1354.875377,-0.890000,0.240000,-0.340000
1354.875377,-1.130000,0.210000,-0.220000
1354.875377,-1.220000,0.260000,-0.200000
1354.971617,-1.260000,0.420000,-0.240000
1354.971617,-1.190000,0.580000,-0.370000
1354.971617,-0.510000,0.380000,-0.430000
1354.971617,-0.290000,0.160000,-0.350000
1354.971617,-0.290000,0.020000,-0.270000
1355.067847,0.560000,-0.230000,-0.410000
1355.067847,1.110000,-0.340000,-0.480000
1355.067847,1.490000,-0.620000,-0.400000
1355.067847,1.630000,-0.720000,-0.350000
1355.067847,1.560000,-0.690000,-0.300000
1355.164087,1.390000,-0.410000,-0.250000
1355.164087,1.240000,-0.250000,-0.200000
1355.164087,1.160000,-0.180000,-0.170000
1355.164087,1.030000,-0.140000,-0.130000
1355.164087,1.040000,-0.120000,-0.130000
1355.260307,0.950000,0.030000,-0.190000
1355.260307,0.880000,0.190000,-0.270000
1355.260307,0.750000,0.320000,-0.290000
1355.260307,0.630000,0.410000,-0.240000
1355.260307,0.350000,0.440000,-0.190000
1355.356527,0.040000,0.410000,0.020000
1355.356527,0.050000,0.420000,0.110000
1355.356527,0.310000,0.440000,0.140000
1355.356527,0.420000,0.260000,0.210000
1355.356527,0.510000,0.250000,0.220000
1355.452747,0.170000,0.310000,0.040000
1355.452747,0.500000,0.280000,-0.010000
1355.452747,0.730000,0.110000,0.010000
1355.452747,0.780000,0.030000,0.000000
1355.452747,0.890000,0.010000,-0.040000
1355.548957,0.670000,-0.040000,0.000000
1355.548957,0.350000,-0.020000,0.010000
1355.548957,-0.060000,0.040000,0.030000
1355.548957,-0.280000,0.110000,0.020000
1355.548957,-0.710000,0.270000,0.000000
1355.645187,-1.230000,0.390000,-0.040000
1355.645187,-1.470000,0.380000,-0.030000
1355.645187,-1.620000,0.260000,0.000000
1355.645187,-1.680000,0.180000,0.030000
1355.645187,-1.760000,0.040000,0.070000
1355.741427,-1.590000,-0.090000,-0.040000
1355.741427,-1.170000,-0.110000,-0.270000
1355.741427,-0.390000,-0.330000,-0.420000
1355.741427,-0.040000,-0.540000,-0.410000
1355.741427,-0.030000,-0.860000,-0.350000
1355.837637,0.730000,-0.770000,-0.830000
1355.837637,1.490000,-0.920000,-0.930000
1355.837637,1.690000,-1.230000,-0.870000
1355.837637,1.590000,-1.320000,-0.790000
1355.837637,1.130000,-1.290000,-0.540000
1355.933867,0.510000,-1.010000,-0.230000
1355.933867,0.180000,-0.930000,-0.020000
1355.933867,-0.050000,-0.970000,0.170000
1355.933867,-0.140000,-1.020000,0.250000
1355.933867,-0.270000,-1.120000,0.340000
1356.030077,-0.260000,-1.240000,0.310000
1356.030077,-0.190000,-1.450000,0.220000
1356.030077,-0.300000,-1.840000,0.090000
1356.030077,-0.390000,-2.110000,-0.030000
1356.030077,-0.730000,-2.940000,-0.390000
1356.126287,-1.480000,-4.370000,-1.100000
1356.126287,-1.900000,-5.120000,-1.480000
1356.126287,-2.240000,-5.780000,-1.730000
1356.126287,-2.430000,-6.030000,-1.800000
1356.126287,-2.540000,-6.340000,-1.900000
1356.222517,-2.440000,-6.260000,-1.840000
1356.222517,-2.170000,-6.010000,-1.780000
1356.222517,-1.810000,-5.520000,-1.680000
1356.222517,-1.470000,-5.210000,-1.650000
1356.222517,-0.590000,-4.450000,-1.600000
1356.318737,-0.220000,-3.230000,-1.150000
1356.318737,0.000000,-2.950000,-0.840000
1356.318737,0.400000,-2.450000,-0.710000
1356.318737,0.260000,-2.300000,-0.580000
1356.318737,0.100000,-2.170000,-0.310000
1356.414907,-0.190000,-1.880000,-0.190000
1356.414907,-0.480000,-1.890000,-0.220000
1356.414907,-0.630000,-1.860000,-0.240000
1356.414907,-0.660000,-1.820000,-0.250000
1356.414907,-0.810000,-1.700000,-0.260000
1408.131340,-1.160000,-2.610000,-0.660000
1408.131340,-1.050000,-2.590000,-0.720000
1408.131340,-1.100000,-2.520000,-0.690000
1408.131340,-1.140000,-2.490000,-0.660000
1408.131340,-1.140000,-2.380000,-0.620000
1408.227640,-0.980000,-2.100000,-0.620000
1408.227640,-0.790000,-1.920000,-0.650000
1408.227640,-0.620000,-1.710000,-0.710000
1408.227640,-0.580000,-1.620000,-0.750000
1408.227640,-0.540000,-1.490000,-0.810000
1408.323920,-0.610000,-1.420000,-0.880000
1408.323920,-0.710000,-1.470000,-0.940000
1408.323920,-0.810000,-1.600000,-1.000000
1408.323920,-0.850000,-1.690000,-1.040000
1408.323920,-0.980000,-1.960000,-1.160000
1408.420190,-1.230000,-2.620000,-1.430000
1408.420190,-1.450000,-3.270000,-1.680000
1408.420190,-1.760000,-4.360000,-2.020000
1408.420190,-1.970000,-5.110000,-2.240000
1408.420190,-2.460000,-6.410000,-2.870000
1408.516440,-2.690000,-6.830000,-4.000000
1408.516440,-2.140000,-6.530000,-4.630000
1408.516440,-1.850000,-6.510000,-4.810000
1408.516440,-1.580000,-6.350000,-4.810000
1408.516440,-1.260000,-5.860000,-4.530000
1408.612720,-0.850000,-4.640000,-3.400000
1408.612720,-0.850000,-3.860000,-2.430000
1408.612720,-0.840000,-3.420000,-1.660000
1408.612720,-0.830000,-3.280000,-1.410000
1408.612720,-0.900000,-3.040000,-1.150000
1408.709000,-1.080000,-2.700000,-1.130000
1408.709000,-1.100000,-2.580000,-1.150000
1408.709000,-1.030000,-2.500000,-1.160000
1408.709000,-0.980000,-2.410000,-1.170000
1408.709000,-0.900000,-2.130000,-1.190000
1408.805290,-0.950000,-1.590000,-1.130000
1408.805290,-1.020000,-1.300000,-1.060000
1408.805290,-1.040000,-1.110000,-0.970000
1408.805290,-1.030000,-1.060000,-0.910000
1408.805290,-1.000000,-1.020000,-0.790000
1408.901580,-0.940000,-1.070000,-0.640000
1408.901580,-0.840000,-1.100000,-0.550000
1408.901580,-0.720000,-1.130000,-0.450000
1408.901580,-0.660000,-1.120000,-0.420000
1408.901580,-0.570000,-1.050000,-0.370000
1408.997860,-0.510000,-0.930000,-0.340000
1408.997860,-0.450000,-0.830000,-0.380000
1408.997860,-0.370000,-0.710000,-0.430000
1408.997860,-0.370000,-0.670000,-0.440000
1408.997860,-0.300000,-0.610000,-0.440000
1409.094150,-0.230000,-0.600000,-0.420000
1409.094150,-0.170000,-0.600000,-0.390000
1409.094150,-0.150000,-0.570000,-0.340000
1409.094150,-0.160000,-0.560000,-0.310000
1409.094150,-0.140000,-0.550000,-0.260000
1409.190440,-0.100000,-0.510000,-0.220000
1409.190440,-0.120000,-0.480000,-0.200000
1409.190440,-0.120000,-0.430000,-0.210000
1409.190440,-0.120000,-0.440000,-0.220000
1409.190440,-0.130000,-0.450000,-0.230000
1409.286690,-0.130000,-0.370000,-0.310000
1409.286690,-0.160000,-0.320000,-0.340000
1409.286690,-0.170000,-0.250000,-0.370000
1409.286690,-0.150000,-0.200000,-0.380000
1409.286690,-0.110000,-0.060000,-0.370000
1409.382950,-0.190000,-0.010000,-0.240000
1409.382950,-0.320000,-0.140000,-0.160000
1409.382950,-0.390000,-0.220000,-0.130000
1409.382950,-0.390000,-0.250000,-0.110000
1409.382950,-0.300000,-0.310000,-0.070000
1409.479210,-0.140000,-0.400000,-0.080000
1409.479210,-0.180000,-0.450000,-0.100000
1409.479210,-0.260000,-0.520000,-0.090000
1409.479210,-0.290000,-0.610000,-0.090000
1409.479210,-0.330000,-0.900000,-0.110000
1409.575520,-0.460000,-1.250000,-0.110000
1409.575520,-0.450000,-1.140000,-0.120000
1409.575520,-0.320000,-0.880000,-0.140000
1409.575520,-0.220000,-0.730000,-0.150000
1409.575520,-0.040000,-0.420000,-0.160000
1409.671790,0.120000,0.000000,-0.170000
1409.671790,0.120000,0.220000,-0.150000
1409.671790,0.080000,0.370000,-0.110000
1409.671790,0.060000,0.420000,-0.100000
1409.671790,0.030000,0.450000,-0.080000
1409.768060,0.000000,0.410000,-0.050000
1409.768060,-0.010000,0.350000,-0.050000
1409.768060,-0.020000,0.310000,-0.050000
1409.768060,-0.050000,0.280000,-0.050000
1409.768060,-0.140000,0.200000,-0.030000
1409.864320,-0.250000,0.060000,-0.020000
1409.864320,-0.280000,0.010000,-0.010000
1409.864320,-0.290000,0.000000,-0.010000
1409.864320,-0.350000,-0.040000,0.020000
1409.864320,-0.360000,-0.130000,0.070000
1409.960610,-0.230000,-0.080000,0.060000
1409.960610,-0.120000,0.040000,0.020000
1409.960610,-0.070000,0.130000,0.020000
1409.960610,-0.030000,0.170000,0.010000
1409.960610,0.000000,0.210000,0.000000
1410.056910,-0.040000,0.260000,-0.060000
1410.056910,-0.110000,0.210000,-0.060000
1410.056910,-0.180000,0.260000,-0.120000
1410.056910,-0.230000,0.300000,-0.140000
1410.056910,-0.420000,0.320000,-0.100000
1410.153180,-0.450000,0.220000,-0.100000
1410.153180,-0.360000,0.130000,-0.140000
1410.153180,-0.200000,0.070000,-0.210000
1410.153180,-0.120000,0.030000,-0.250000
1410.153180,0.080000,-0.030000,-0.300000
1410.249460,0.320000,-0.090000,-0.350000
1410.249460,0.330000,-0.140000,-0.310000
1410.249460,0.210000,-0.210000,-0.220000
1410.249460,0.150000,-0.240000,-0.190000
1410.249460,0.030000,-0.280000,-0.130000
1410.345720,-0.070000,-0.360000,-0.070000
1410.345720,-0.040000,-0.380000,-0.080000
1410.345720,0.030000,-0.380000,-0.100000
1410.345720,0.030000,-0.390000,-0.090000
1410.345720,0.010000,-0.430000,-0.040000
1410.442010,0.000000,-0.430000,-0.030000
1410.442010,0.010000,-0.370000,-0.070000
1410.442010,0.030000,-0.320000,-0.110000
1410.442010,0.050000,-0.300000,-0.130000
1410.442010,0.090000,-0.270000,-0.170000
1410.538280,0.180000,-0.320000,-0.220000
1410.538280,0.170000,-0.370000,-0.180000
1410.538280,0.060000,-0.390000,-0.080000
1410.538280,0.000000,-0.390000,-0.020000
1410.538280,-0.070000,-0.370000,0.060000
1410.634540,-0.180000,-0.310000,0.170000
1410.634540,-0.190000,-0.320000,0.240000
1410.634540,-0.100000,-0.360000,0.290000
1410.634540,-0.060000,-0.400000,0.320000
1410.634540,0.070000,-0.410000,0.310000
1410.730810,0.210000,-0.300000,0.240000
1410.730810,0.200000,-0.340000,0.280000
1410.730810,0.170000,-0.350000,0.300000
1410.730810,0.140000,-0.330000,0.280000
1410.730810,0.110000,-0.230000,0.200000
1410.827070,0.130000,-0.080000,0.060000
1410.827070,0.230000,0.070000,-0.060000
1410.827070,0.360000,0.260000,-0.190000
1410.827070,0.420000,0.350000,-0.250000
1410.827070,0.450000,0.500000,-0.330000
1410.923340,0.270000,0.700000,-0.290000
1410.923340,0.160000,0.730000,-0.170000
1410.923340,0.070000,0.660000,-0.050000
1410.923340,0.030000,0.610000,-0.010000
1410.923340,-0.040000,0.480000,0.000000
1411.019610,-0.100000,0.280000,-0.050000
1411.019610,-0.070000,0.190000,-0.100000
1411.019610,-0.050000,0.130000,-0.170000
1411.019610,-0.040000,0.110000,-0.200000
1411.019610,-0.040000,0.100000,-0.270000
1411.115910,-0.100000,0.030000,-0.350000
1411.115910,-0.130000,0.000000,-0.390000
1411.115910,-0.140000,0.000000,-0.440000
1411.115910,-0.140000,0.010000,-0.470000
1411.115910,-0.120000,0.030000,-0.510000
1411.212200,-0.140000,0.010000,-0.540000
1411.212200,-0.090000,0.000000,-0.550000
1411.212200,-0.060000,0.000000,-0.580000
1411.212200,-0.070000,-0.010000,-0.580000
1411.212200,-0.020000,-0.030000,-0.590000
1411.308490,-0.040000,-0.070000,-0.570000
1411.308490,-0.080000,-0.080000,-0.560000
1411.308490,-0.090000,-0.070000,-0.560000
1411.308490,-0.140000,-0.080000,-0.540000
1411.308490,-0.190000,-0.100000,-0.470000
1411.404800,-0.240000,-0.160000,-0.350000
1411.404800,-0.230000,-0.180000,-0.290000
1411.404800,-0.210000,-0.220000,-0.220000
1411.404800,-0.160000,-0.250000,-0.170000
1411.404800,-0.100000,-0.330000,-0.080000
1411.501090,-0.060000,-0.400000,0.010000
1411.501090,-0.100000,-0.370000,0.070000
1411.501090,-0.130000,-0.310000,0.120000
1411.501090,-0.160000,-0.290000,0.150000
1411.501090,-0.190000,-0.290000,0.230000
1411.597400,-0.060000,-0.360000,0.290000
1411.597400,0.100000,-0.400000,0.260000
1411.597400,0.150000,-0.340000,0.200000
1411.597400,0.200000,-0.290000,0.160000
1411.597400,0.140000,-0.110000,0.090000
1411.693660,-0.060000,0.180000,0.040000
1411.693660,-0.200000,0.300000,0.060000
1411.693660,-0.280000,0.360000,0.090000
1411.693660,-0.350000,0.370000,0.090000
1411.693660,-0.370000,0.400000,0.100000
1411.789900,-0.370000,0.420000,0.110000
1411.789900,-0.400000,0.380000,0.140000
1411.789900,-0.420000,0.270000,0.200000
1411.789900,-0.440000,0.240000,0.220000
1411.789900,-0.470000,0.120000,0.230000
1411.886190,-0.460000,-0.050000,0.190000
1411.886190,-0.300000,-0.040000,0.080000
1411.886190,-0.300000,-0.090000,0.050000
1411.886190,-0.120000,-0.080000,0.010000
1411.886190,-0.040000,-0.130000,0.000000
1411.982470,0.050000,-0.180000,-0.020000
1411.982470,0.050000,-0.170000,-0.040000
1411.982470,0.040000,-0.150000,-0.070000
1411.982470,0.020000,-0.100000,-0.070000
1411.982470,0.020000,-0.060000,-0.080000
1495.853685,-0.430000,-1.670000,-0.370000
1495.853685,-0.400000,-1.730000,-0.360000
1495.853685,-0.380000,-1.750000,-0.330000
1495.853685,-0.370000,-1.760000,-0.300000
1495.853685,-0.340000,-1.760000,-0.290000
1495.949905,-0.310000,-1.730000,-0.230000
1495.949905,-0.320000,-1.700000,-0.180000
1495.949905,-0.350000,-1.660000,-0.120000
1495.949905,-0.360000,-1.640000,-0.010000
1495.949905,-0.390000,-1.590000,-0.040000
1496.046125,-0.460000,-1.490000,0.010000
1496.046125,-0.510000,-1.420000,0.040000
1496.046125,-0.550000,-1.370000,0.060000
1496.046125,-0.560000,-1.340000,0.060000
1496.046125,-0.570000,-1.320000,0.060000
1496.142355,-0.560000,-1.330000,0.040000
1496.142355,-0.550000,-1.400000,0.000000
1496.142355,-0.540000,-1.550000,-0.070000
1496.142355,-0.550000,-1.660000,-0.120000
1496.142355,-0.630000,-1.970000,-0.280000
1496.238545,-0.790000,-2.650000,-0.610000
1496.238545,-0.920000,-3.200000,-0.860000
1496.238545,-1.070000,-3.800000,-1.120000
1496.238545,-1.140000,-4.110000,-1.260000
1496.238545,-1.240000,-4.640000,-1.540000
1496.337405,-1.270000,-5.150000,-1.820000
1496.337405,-1.230000,-5.310000,-1.910000
1496.337405,-1.150000,-5.280000,-1.910000
1496.337405,-1.050000,-5.090000,-1.820000
1496.337405,-1.000000,-4.940000,-1.750000
1496.433595,-0.790000,-4.070000,-1.370000
1496.433595,-0.740000,-3.820000,-1.280000
1496.433595,-0.650000,-3.340000,-1.090000
1496.433595,-0.580000,-2.900000,-0.910000
1496.433595,-0.540000,-2.710000,-0.820000
1496.529775,-0.460000,-2.030000,-0.540000
1496.529775,-0.440000,-1.870000,-0.490000
1496.529775,-0.410000,-1.570000,-0.400000
1496.529775,-0.350000,-1.320000,-0.330000
1496.529775,-0.320000,-1.210000,-0.290000
1496.625955,-0.270000,-0.850000,-0.200000
1496.625955,-0.250000,-0.780000,-0.180000
1496.625955,-0.220000,-0.650000,-0.150000
1496.625955,-0.180000,-0.520000,-0.120000
1496.625955,-0.150000,-0.460000,-0.110000
1496.722125,-0.110000,-0.230000,-0.030000
1496.722125,-0.110000,-0.190000,-0.010000
1496.722125,-0.120000,-0.120000,0.020000
1496.722125,-0.120000,-0.070000,0.050000
1496.722125,-0.120000,-0.040000,0.070000
1496.818315,-0.110000,0.040000,0.140000
1496.818315,-0.110000,0.040000,0.160000
1496.818315,-0.120000,0.040000,0.190000
1496.818315,-0.130000,0.030000,0.210000
1496.818315,-0.130000,0.020000,0.220000
1496.914485,-0.110000,0.000000,0.260000
1496.914485,-0.100000,-0.050000,0.280000
1496.914485,-0.080000,-0.090000,0.310000
1496.914485,-0.050000,-0.130000,0.320000
1496.914485,-0.030000,-0.150000,0.320000
1497.010665,-0.030000,-0.140000,0.300000
1497.010665,-0.060000,-0.110000,0.270000
1497.010665,-0.080000,-0.090000,0.240000
1497.010665,-0.100000,-0.080000,0.210000
1497.010665,-0.100000,-0.070000,0.190000
1497.106875,-0.090000,-0.030000,0.150000
1497.106875,-0.080000,0.000000,0.150000
1497.106875,-0.050000,0.000000,0.160000
1497.106875,-0.020000,-0.010000,0.190000
1497.106875,0.000000,-0.030000,0.210000
1497.203085,-0.010000,-0.090000,0.250000
1497.203085,-0.010000,-0.070000,0.260000
1497.203085,-0.020000,-0.030000,0.270000
1497.203085,-0.010000,-0.020000,0.280000
1497.203085,-0.010000,-0.020000,0.290000
1497.299285,-0.020000,-0.080000,0.320000
1497.299285,-0.040000,-0.150000,0.340000
1497.299285,-0.060000,-0.230000,0.350000
1497.299285,-0.070000,-0.300000,0.350000
1497.299285,-0.080000,-0.320000,0.340000
1497.395485,-0.080000,-0.340000,0.290000
1497.395485,-0.050000,-0.340000,0.260000
1497.395485,-0.010000,-0.350000,0.240000
1497.395485,0.010000,-0.370000,0.220000
1497.395485,0.020000,-0.380000,0.220000
1497.491705,0.050000,-0.410000,0.190000
1497.491705,0.050000,-0.420000,0.170000
1497.491705,0.040000,-0.430000,0.150000
1497.491705,0.050000,-0.440000,0.130000
1497.491705,0.100000,-0.460000,0.120000
1497.587935,0.240000,-0.540000,0.060000
1497.587935,0.330000,-0.620000,0.010000
1497.587935,0.410000,-0.720000,-0.030000
1497.587935,0.450000,-0.850000,-0.090000
1497.587935,0.490000,-0.890000,-0.120000
1497.684175,0.520000,-1.070000,-0.200000
1497.684175,0.540000,-1.220000,-0.250000
1497.684175,0.570000,-1.350000,-0.320000
1497.684175,0.570000,-1.410000,-0.390000
1497.684175,0.540000,-1.490000,-0.420000
1497.780415,0.430000,-1.580000,-0.530000
1497.780415,0.350000,-1.630000,-0.590000
1497.780415,0.300000,-1.640000,-0.650000
1497.780415,0.280000,-1.630000,-0.760000
1497.780415,0.270000,-1.610000,-0.720000
1497.876655,0.260000,-1.590000,-0.740000
1497.876655,0.230000,-1.590000,-0.730000
1497.876655,0.170000,-1.560000,-0.720000
1497.876655,0.140000,-1.540000,-0.710000
1497.876655,0.060000,-1.500000,-0.670000
1497.972855,0.000000,-1.450000,-0.590000
1497.972855,0.000000,-1.430000,-0.550000
1497.972855,0.010000,-1.420000,-0.510000
1497.972855,0.000000,-1.410000,-0.490000
1497.972855,-0.030000,-1.390000,-0.460000
1498.069075,-0.100000,-1.330000,-0.450000
1498.069075,-0.100000,-1.250000,-0.480000
1498.069075,-0.060000,-1.160000,-0.500000
1498.069075,-0.050000,-1.110000,-0.510000
1498.069075,-0.060000,-1.010000,-0.540000
1498.165255,0.060000,-0.820000,-0.600000
1498.165255,0.090000,-0.700000,-0.640000
1498.165255,0.060000,-0.600000,-0.620000
1498.165255,0.040000,-0.570000,-0.590000
1498.165255,0.050000,-0.560000,-0.560000
1498.261445,0.070000,-0.560000,-0.480000
1498.261445,0.060000,-0.540000,-0.420000
1498.261445,0.050000,-0.480000,-0.330000
1498.261445,0.050000,-0.440000,-0.290000
1498.261445,0.040000,-0.340000,-0.200000
1498.357665,0.030000,-0.150000,-0.050000
1498.357665,-0.020000,0.060000,0.100000
1498.357665,-0.150000,0.380000,0.360000
1498.357665,-0.240000,0.570000,0.520000
1498.357665,-0.440000,1.020000,0.890000
1498.453875,-0.830000,1.810000,1.660000
1498.453875,-0.950000,2.150000,2.050000
1498.453875,-0.980000,2.350000,2.280000
1498.453875,-0.950000,2.390000,2.320000
1498.453875,-0.790000,2.330000,2.280000
1498.550085,-0.490000,2.000000,1.940000
1498.550085,-0.340000,1.770000,1.580000
1498.550085,-0.270000,1.560000,1.170000
1498.550085,-0.260000,1.450000,0.980000
1498.550085,-0.260000,1.240000,0.610000
1498.646305,-0.270000,0.990000,0.210000
1498.646305,-0.240000,0.830000,0.040000
1498.646305,-0.180000,0.690000,-0.050000
1498.646305,-0.150000,0.630000,-0.080000
1498.646305,-0.070000,0.540000,-0.090000
1498.742515,-0.010000,0.450000,-0.040000
1498.742515,0.010000,0.410000,0.000000
1498.742515,0.040000,0.370000,0.010000
1498.742515,0.050000,0.340000,0.030000
1498.742515,0.050000,0.300000,0.050000
1498.838745,0.070000,0.220000,0.060000
1498.838745,0.090000,0.170000,0.070000
1498.838745,0.110000,0.120000,0.070000
1498.838745,0.120000,0.090000,0.070000
1498.838745,0.150000,0.040000,0.050000
1498.934955,0.200000,-0.030000,-0.030000
1498.934955,0.190000,-0.090000,-0.090000
1498.934955,0.190000,-0.170000,-0.140000
1498.934955,0.190000,-0.230000,-0.170000
1498.934955,0.180000,-0.350000,-0.250000
1499.031165,0.100000,-0.390000,-0.410000
1499.031165,0.040000,-0.360000,-0.470000
1499.031165,-0.010000,-0.370000,-0.490000
1499.031165,-0.030000,-0.380000,-0.490000
1499.031165,-0.060000,-0.400000,-0.460000
1499.127375,-0.030000,-0.340000,-0.410000
1499.127375,0.030000,-0.290000,-0.370000
1499.127375,0.050000,-0.230000,-0.330000
1499.127375,0.050000,-0.200000,-0.290000
1499.127375,0.030000,-0.140000,-0.210000
1499.223615,0.080000,-0.060000,-0.130000
1499.223615,0.130000,0.030000,-0.090000
1499.223615,0.170000,0.160000,-0.050000
1499.223615,0.180000,0.230000,-0.020000
1499.223615,0.180000,0.340000,0.030000
1499.319815,0.170000,0.400000,0.080000
1499.319815,0.200000,0.390000,0.080000
1499.319815,0.220000,0.360000,0.050000
1499.319815,0.210000,0.330000,0.030000
1499.319815,0.150000,0.240000,0.010000
1499.416025,0.070000,0.070000,0.000000
1499.416025,0.040000,-0.030000,-0.010000
1499.416025,0.020000,-0.130000,-0.020000
1499.416025,0.010000,-0.180000,-0.010000
1499.416025,0.000000,-0.260000,-0.010000
1499.512245,-0.010000,-0.300000,-0.030000
1499.512245,-0.020000,-0.280000,-0.060000
1499.512245,-0.010000,-0.260000,-0.080000
1499.512245,0.000000,-0.250000,-0.080000
1499.512245,0.030000,-0.260000,-0.090000
1499.608435,0.080000,-0.290000,-0.080000
1499.608435,0.120000,-0.280000,-0.100000
1499.608435,0.180000,-0.250000,-0.110000
1499.608435,0.210000,-0.240000,-0.110000
1499.608435,0.270000,-0.220000,-0.110000
1499.704655,0.360000,-0.240000,-0.090000
1499.704655,0.420000,-0.270000,-0.080000
1499.704655,0.490000,-0.320000,-0.070000
1499.704655,0.520000,-0.350000,-0.070000
1499.704655,0.580000,-0.420000,-0.070000
1612.936001,0.130000,0.120000,0.540000
1612.936001,0.120000,0.110000,0.570000
1612.936001,0.100000,0.060000,0.610000
1612.936001,0.080000,0.020000,0.600000
1612.936001,0.070000,0.000000,0.580000
1613.032261,0.040000,-0.140000,0.460000
1613.032261,0.020000,-0.100000,0.430000
1613.032261,0.040000,-0.090000,0.370000
1613.032261,0.030000,-0.040000,0.340000
1613.032261,0.040000,-0.010000,0.320000
1613.128481,0.060000,0.030000,0.290000
1613.128481,0.010000,0.040000,0.290000
1613.128481,-0.060000,0.060000,0.300000
1613.128481,-0.110000,0.060000,0.290000
1613.128481,-0.120000,0.060000,0.290000
1613.224691,-0.060000,0.040000,0.160000
1613.224691,-0.040000,-0.040000,0.210000
1613.224691,-0.030000,-0.170000,0.150000
1613.224691,0.000000,-0.320000,0.070000
1613.224691,0.000000,-0.400000,0.020000
1613.320921,0.000000,-0.600000,-0.150000
1613.320921,-0.040000,-0.730000,-0.290000
1613.320921,-0.090000,-0.920000,-0.440000
1613.320921,-0.090000,-1.200000,-0.650000
1613.320921,-0.070000,-1.360000,-0.760000
1613.417201,-0.040000,-1.920000,-1.070000
1613.417201,-0.040000,-2.280000,-1.220000
1613.417201,-0.030000,-2.630000,-1.300000
1613.417201,0.000000,-2.950000,-1.330000
1613.417201,0.000000,-3.070000,-1.340000
1613.513461,-0.050000,-3.260000,-1.380000
1613.513461,-0.110000,-3.240000,-1.380000
1613.513461,-0.200000,-3.120000,-1.360000
1613.513461,-0.270000,-2.940000,-1.350000
1613.513461,-0.280000,-2.840000,-1.340000
1613.609711,-0.190000,-2.550000,-1.270000
1613.609711,-0.090000,-2.350000,-1.210000
1613.609711,0.070000,-2.170000,-1.140000
1613.609711,0.290000,-2.090000,-1.060000
1613.609711,0.380000,-2.080000,-1.010000
1613.705951,0.540000,-2.040000,-0.910000
1613.705951,0.490000,-1.980000,-0.840000
1613.705951,0.410000,-1.870000,-0.780000
1613.705951,0.330000,-1.720000,-0.710000
1613.705951,0.300000,-1.640000,-0.680000
1613.802201,0.290000,-1.370000,-0.610000
1613.802201,0.300000,-1.230000,-0.570000
1613.802201,0.300000,-1.090000,-0.540000
1613.802201,0.340000,-0.950000,-0.500000
1613.802201,0.360000,-0.860000,-0.500000
1613.898441,0.400000,-0.630000,-0.460000
1613.898441,0.400000,-0.470000,-0.470000
1613.898441,0.400000,-0.360000,-0.480000
1613.898441,0.420000,-0.260000,-0.480000
1613.898441,0.420000,-0.220000,-0.480000
1613.994711,0.400000,-0.150000,-0.450000
1613.994711,0.380000,-0.110000,-0.440000
1613.994711,0.370000,-0.050000,-0.420000
1613.994711,0.370000,-0.040000,-0.370000
1613.994711,0.340000,-0.040000,-0.350000
1614.090951,0.260000,-0.110000,-0.270000
1614.090951,0.210000,-0.130000,-0.240000
1614.090951,0.170000,-0.160000,-0.210000
1614.090951,0.150000,-0.190000,-0.180000
1614.090951,0.110000,-0.200000,-0.170000
1614.187221,0.010000,-0.210000,-0.200000
1614.187221,-0.020000,-0.160000,-0.220000
1614.187221,-0.040000,-0.080000,-0.270000
1614.187221,-0.040000,-0.040000,-0.300000
1614.187221,-0.050000,0.000000,-0.310000
1614.283491,-0.150000,0.050000,-0.320000
1614.283491,-0.200000,0.120000,-0.330000
1614.283491,-0.200000,0.200000,-0.350000
1614.283491,-0.190000,0.240000,-0.370000
1614.283491,-0.160000,0.300000,-0.370000
1614.379691,-0.130000,0.400000,-0.370000
1614.379691,-0.100000,0.460000,-0.380000
1614.379691,0.000000,0.510000,-0.400000
1614.379691,0.050000,0.530000,-0.430000
1614.379691,0.150000,0.560000,-0.440000
1614.475881,0.220000,0.600000,-0.450000
1614.475881,0.210000,0.600000,-0.430000
1614.475881,0.160000,0.580000,-0.390000
1614.475881,0.120000,0.550000,-0.370000
1614.475881,0.020000,0.500000,-0.300000
1614.572091,-0.040000,0.410000,-0.220000
1614.572091,-0.010000,0.340000,-0.180000
1614.572091,0.060000,0.250000,-0.160000
1614.572091,0.110000,0.210000,-0.150000
1614.572091,0.240000,0.120000,-0.150000
1614.668311,0.400000,-0.050000,-0.140000
1614.668311,0.420000,-0.160000,-0.120000
1614.668311,0.370000,-0.240000,-0.080000
1614.668311,0.330000,-0.260000,-0.070000
1614.668311,0.220000,-0.260000,-0.040000
1614.764481,0.100000,-0.230000,-0.030000
1614.764481,0.040000,-0.190000,-0.020000
1614.764481,0.000000,-0.150000,-0.030000
1614.764481,0.000000,-0.120000,-0.040000
1614.764481,0.000000,-0.070000,-0.060000
1614.860691,0.030000,0.000000,-0.100000
1614.860691,0.030000,0.040000,-0.110000
1614.860691,0.020000,0.070000,-0.120000
1614.860691,0.020000,0.090000,-0.120000
1614.860691,0.020000,0.090000,-0.120000
1614.956891,0.000000,0.070000,-0.090000
1614.956891,-0.030000,0.070000,-0.070000
1614.956891,-0.040000,0.080000,-0.050000
1614.956891,-0.040000,0.080000,-0.030000
1614.956891,-0.030000,0.080000,0.000000
1615.055701,0.000000,0.030000,0.050000
1615.055701,0.030000,0.000000,0.090000
1615.055701,0.040000,-0.020000,0.120000
1615.055701,0.040000,-0.030000,0.140000
1615.055701,0.020000,-0.070000,0.170000
1615.154541,-0.010000,-0.160000,0.240000
1615.154541,-0.030000,-0.180000,0.250000
1615.154541,-0.040000,-0.200000,0.260000
1615.154541,-0.010000,-0.230000,0.250000
1615.154541,0.020000,-0.260000,0.250000
1615.250671,0.030000,-0.270000,0.250000
1615.250671,0.020000,-0.280000,0.250000
1615.250671,0.020000,-0.290000,0.260000
1615.250671,0.020000,-0.300000,0.260000
1615.250671,0.000000,-0.300000,0.270000
1615.346811,0.000000,-0.280000,0.280000
1615.346811,0.000000,-0.270000,0.280000
1615.346811,-0.010000,-0.260000,0.290000
1615.346811,-0.020000,-0.270000,0.310000
1615.346811,0.010000,-0.310000,0.300000
1615.442951,0.140000,-0.380000,0.260000
1615.442951,0.210000,-0.450000,0.240000
1615.442951,0.230000,-0.480000,0.240000
1615.442951,0.190000,-0.560000,0.250000
1615.442951,0.040000,-0.620000,0.300000
1615.539091,-0.210000,-0.680000,0.390000
1615.539091,-0.220000,-0.680000,0.400000
1615.539091,-0.130000,-0.660000,0.380000
1615.539091,0.050000,-0.590000,0.310000
1615.539091,0.160000,-0.450000,0.200000
1615.635241,0.440000,-0.180000,0.020000
1615.635241,0.450000,-0.010000,-0.040000
1615.635241,0.390000,0.040000,-0.040000
1615.635241,0.220000,0.110000,-0.020000
1615.635241,0.120000,0.120000,0.000000
1615.731391,-0.170000,0.150000,0.080000
1615.731391,-0.210000,0.150000,0.090000
1615.731391,-0.240000,0.150000,0.090000
1615.731391,-0.200000,0.140000,0.080000
1615.731391,-0.170000,0.130000,0.070000
1615.827511,-0.050000,0.030000,0.040000
1615.827511,-0.010000,0.000000,0.020000
1615.827511,0.010000,-0.040000,0.010000
1615.827511,0.020000,-0.100000,0.000000
1615.827511,0.020000,-0.120000,0.000000
1615.923631,0.060000,-0.160000,-0.050000
1615.923631,0.060000,-0.140000,-0.070000
1615.923631,0.020000,-0.090000,-0.060000
1615.923631,-0.040000,-0.030000,-0.030000
1615.923631,-0.070000,-0.020000,-0.020000
1616.019761,-0.140000,-0.040000,0.020000
1616.019761,-0.160000,-0.040000,0.030000
1616.019761,-0.220000,-0.050000,0.050000
1616.019761,-0.270000,-0.070000,0.060000
1616.019761,-0.280000,-0.090000,0.060000
1616.115901,-0.230000,-0.220000,0.020000
1616.115901,-0.160000,-0.250000,-0.010000
1616.115901,-0.070000,-0.280000,-0.060000
1616.115901,-0.010000,-0.320000,-0.100000
1616.115901,0.040000,-0.340000,-0.130000
1616.212041,0.190000,-0.370000,-0.220000
1616.212041,0.170000,-0.350000,-0.250000
1616.212041,0.110000,-0.280000,-0.270000
1616.212041,0.050000,-0.210000,-0.280000
1616.212041,0.040000,-0.190000,-0.270000
1616.308201,0.180000,-0.300000,-0.180000
1616.308201,0.240000,-0.370000,-0.160000
1616.308201,0.390000,-0.510000,-0.100000
1616.308201,0.510000,-0.650000,-0.040000
1616.308201,0.550000,-0.730000,-0.010000
1616.404341,0.570000,-1.030000,0.110000
1616.404341,0.520000,-1.070000,0.150000
1616.404341,0.390000,-1.100000,0.200000
1616.404341,0.270000,-1.070000,0.230000
1616.404341,0.220000,-1.050000,0.240000
1616.500471,0.110000,-0.950000,0.250000
1616.500471,0.100000,-0.920000,0.250000
1616.500471,0.100000,-0.860000,0.220000
1616.500471,0.100000,-0.790000,0.200000
1616.500471,0.100000,-0.750000,0.190000
1616.596601,0.100000,-0.600000,0.180000
1616.596601,0.100000,-0.570000,0.190000
1616.596601,0.100000,-0.520000,0.210000
1616.596601,0.080000,-0.480000,0.230000
1616.596601,0.060000,-0.470000,0.240000
1616.692731,0.000000,-0.420000,0.260000
1616.692731,-0.030000,-0.390000,0.270000
1616.692731,-0.070000,-0.390000,0.290000
1616.692731,-0.120000,-0.390000,0.320000
1616.692731,-0.160000,-0.390000,0.340000
1616.788861,-0.260000,-0.370000,0.380000
1616.788861,-0.290000,-0.370000,0.390000
1616.788861,-0.270000,-0.380000,0.390000
1616.788861,-0.230000,-0.420000,0.400000
1616.788861,-0.210000,-0.450000,0.400000
