0.096300,0.000000,-0.020000,0.000000
0.096300,0.000000,-0.030000,0.010000
0.096300,0.000000,-0.030000,0.010000
0.096300,0.000000,-0.020000,0.010000
0.096300,-0.010000,-0.010000,0.010000
0.192590,-0.010000,-0.020000,0.010000
0.192590,0.000000,-0.040000,0.010000
0.192590,0.000000,-0.040000,0.010000
0.192590,-0.010000,-0.030000,0.010000
0.192590,-0.020000,0.000000,0.010000
0.288870,-0.010000,-0.020000,0.000000
0.288870,-0.010000,-0.020000,0.000000
0.288870,-0.010000,-0.020000,0.000000
0.288870,-0.010000,-0.010000,0.000000
0.288870,-0.010000,-0.010000,0.000000
0.385150,-0.010000,0.000000,0.000000
0.385150,0.000000,-0.020000,0.000000
0.385150,0.000000,-0.030000,0.000000
0.385150,0.000000,-0.030000,0.000000
0.385150,0.000000,-0.010000,0.000000
0.481430,0.000000,0.000000,0.000000
0.481430,0.000000,-0.030000,0.000000
0.481430,0.000000,-0.040000,0.000000
0.481430,0.000000,-0.040000,0.000000
0.481430,0.000000,-0.020000,0.000000
0.577720,0.000000,-0.010000,0.000000
0.577720,0.000000,-0.020000,0.000000
0.577720,0.000000,-0.020000,0.000000
0.577720,0.000000,-0.030000,0.000000
0.577720,0.000000,-0.030000,0.000000
0.673990,0.000000,-0.020000,0.000000
0.673990,0.000000,-0.010000,-0.010000
0.673990,0.000000,-0.010000,-0.010000
0.673990,0.000000,-0.020000,0.000000
0.673990,0.000000,-0.030000,0.000000
0.770290,0.000000,-0.040000,-0.010000
0.770290,0.000000,-0.010000,-0.010000
0.770290,0.000000,0.000000,-0.010000
0.770290,0.000000,0.000000,0.000000
0.770290,0.010000,-0.020000,0.000000
0.866600,0.010000,-0.060000,0.000000
0.866600,0.000000,-0.030000,0.000000
0.866600,0.000000,-0.020000,0.000000
0.866600,0.000000,-0.010000,0.000000
0.866600,0.000000,-0.030000,0.000000
0.962930,0.000000,-0.040000,0.000000
0.962930,0.000000,-0.030000,0.000000
0.962930,0.000000,-0.020000,0.000000
0.962930,0.000000,-0.030000,0.000000
0.962930,0.000000,-0.040000,0.000000
1.059270,0.000000,0.000000,0.000000
1.059270,0.000000,0.000000,0.000000
1.059270,0.000000,-0.020000,0.010000
1.059270,0.010000,-0.060000,0.010000
1.059270,0.000000,-0.050000,0.000000
1.155590,-0.010000,0.000000,0.000000
1.155590,-0.010000,-0.020000,0.010000
1.155590,0.000000,-0.050000,0.020000
1.155590,0.000000,-0.090000,0.020000
1.155590,0.000000,-0.060000,0.020000
1.251920,-0.010000,-0.010000,0.000000
1.251920,0.000000,-0.010000,0.000000
1.251920,0.000000,-0.020000,0.000000
1.251920,0.000000,-0.030000,0.000000
1.251920,0.000000,-0.030000,0.000000
1.348260,0.010000,-0.030000,0.000000
1.348260,0.000000,-0.020000,-0.010000
1.348260,0.000000,-0.010000,-0.010000
1.348260,0.000000,-0.010000,-0.010000
1.348260,0.000000,-0.030000,0.000000
1.444580,0.000000,-0.040000,0.000000
1.444580,0.000000,-0.020000,-0.010000
1.444580,0.000000,-0.010000,-0.010000
1.444580,0.000000,0.000000,-0.010000
1.444580,0.000000,-0.030000,0.000000
1.540880,0.000000,-0.020000,0.000000
1.540880,0.000000,0.000000,0.000000
1.540880,0.000000,0.000000,0.000000
1.540880,0.000000,-0.030000,0.000000
1.540880,0.010000,-0.040000,0.000000
1.637210,0.010000,0.000000,0.000000
1.637210,0.010000,-0.010000,0.000000
1.637210,0.020000,-0.020000,0.000000
1.637210,0.020000,-0.030000,0.000000
1.637210,0.020000,-0.020000,0.000000
1.733520,0.000000,-0.010000,0.010000
1.733520,0.000000,-0.020000,0.010000
1.733520,0.010000,-0.020000,0.010000
1.733520,0.010000,-0.030000,0.020000
1.733520,0.010000,-0.030000,0.020000
1.829840,0.000000,-0.010000,0.010000
1.829840,0.000000,-0.010000,0.020000
1.829840,0.010000,-0.020000,0.020000
1.829840,0.010000,-0.030000,0.020000
1.829840,0.010000,-0.030000,0.030000
1.926150,0.010000,-0.030000,0.030000
1.926150,0.020000,-0.030000,0.030000
1.926150,0.020000,-0.030000,0.030000
1.926150,0.010000,-0.030000,0.030000
1.926150,0.010000,-0.030000,0.020000
2.022470,0.000000,-0.030000,0.010000
2.022470,0.000000,0.000000,0.000000
2.022470,0.000000,0.000000,0.000000
2.022470,0.000000,0.000000,0.010000
2.022470,0.000000,-0.030000,0.020000
2.118800,0.000000,-0.040000,0.020000
2.118800,0.000000,-0.010000,0.010000
2.118800,0.000000,0.000000,0.000000
2.118800,0.000000,0.000000,0.010000
2.118800,0.000000,-0.020000,0.010000
2.215110,0.000000,-0.040000,0.020000
2.215110,0.000000,-0.030000,0.010000
2.215110,0.000000,-0.020000,0.010000
2.215110,0.000000,-0.020000,0.010000
2.215110,0.000000,-0.010000,0.010000
2.311430,0.010000,-0.050000,0.020000
2.311430,0.020000,-0.050000,0.020000
2.311430,0.020000,-0.040000,0.020000
2.311430,0.010000,-0.020000,0.010000
2.311430,0.000000,-0.010000,0.010000
2.407750,0.010000,-0.020000,0.020000
2.407750,0.010000,-0.060000,0.020000
2.407750,0.010000,-0.080000,0.020000
2.407750,0.000000,-0.080000,0.010000
2.407750,0.000000,-0.040000,0.010000
2.504080,0.000000,-0.010000,0.000000
2.504080,0.000000,-0.020000,0.010000
2.504080,0.000000,-0.030000,0.010000
2.504080,0.010000,-0.050000,0.010000
2.504080,0.010000,-0.050000,0.000000
2.600390,0.000000,-0.030000,0.000000
2.600390,0.000000,-0.010000,0.000000
2.600390,0.000000,-0.010000,0.000000
2.600390,-0.010000,0.000000,0.000000
2.600390,-0.010000,0.000000,0.010000
2.696660,0.000000,-0.020000,0.010000
2.696660,0.000000,-0.030000,0.010000
2.696660,0.000000,-0.030000,0.010000
2.696660,0.000000,-0.020000,0.010000
2.696660,0.000000,-0.020000,0.010000
2.792960,-0.010000,-0.030000,0.010000
2.792960,0.000000,-0.030000,0.010000
2.792960,0.000000,-0.030000,0.010000
2.792960,0.000000,-0.020000,0.010000
2.792960,0.000000,-0.030000,0.010000
2.889250,-0.010000,-0.030000,0.000000
2.889250,-0.010000,-0.010000,0.000000
2.889250,-0.010000,0.000000,0.000000
2.889250,0.000000,-0.020000,0.000000
2.889250,0.000000,-0.030000,0.000000
2.985540,0.000000,-0.020000,0.000000
2.985540,0.000000,-0.020000,0.000000
2.985540,0.000000,-0.020000,0.000000
2.985540,0.000000,-0.020000,0.000000
2.985540,0.000000,-0.010000,0.000000
3.081830,0.000000,-0.030000,0.000000
3.081830,0.000000,-0.030000,0.000000
3.081830,0.000000,-0.020000,0.000000
3.081830,0.000000,-0.020000,0.000000
3.081830,0.000000,-0.020000,0.000000
3.178130,0.010000,-0.030000,0.000000
3.178130,0.000000,-0.030000,0.000000
3.178130,0.000000,-0.030000,0.000000
3.178130,0.000000,-0.020000,0.000000
3.178130,0.000000,-0.020000,0.000000
3.274420,0.000000,-0.040000,0.000000
3.274420,0.010000,-0.030000,0.000000
3.274420,0.010000,-0.030000,0.000000
3.274420,0.000000,-0.020000,0.000000
3.274420,0.000000,-0.030000,0.000000
3.370700,0.010000,-0.040000,0.000000
3.370700,0.010000,-0.030000,0.000000
3.370700,0.000000,-0.020000,0.000000
3.370700,0.000000,-0.010000,-0.010000
3.370700,0.000000,-0.020000,0.000000
3.466990,0.000000,-0.030000,0.000000
3.466990,0.000000,-0.020000,-0.010000
3.466990,0.000000,-0.010000,-0.010000
3.466990,0.000000,0.000000,0.000000
3.466990,0.010000,-0.020000,0.000000
3.563300,0.010000,-0.030000,0.000000
3.563300,0.000000,-0.040000,0.000000
3.563300,0.000000,-0.050000,0.000000
3.563300,0.000000,-0.020000,-0.010000
3.563300,0.000000,0.000000,-0.010000
3.659600,0.000000,-0.020000,-0.010000
3.659600,0.000000,-0.010000,0.000000
3.659600,0.000000,0.000000,0.000000
3.659600,0.000000,-0.010000,0.000000
3.659600,0.020000,-0.030000,0.000000
3.758550,0.010000,-0.040000,0.000000
3.758550,0.010000,-0.030000,0.000000
3.758550,0.010000,-0.020000,0.000000
3.758550,0.000000,-0.030000,0.000000
3.758550,0.000000,-0.030000,0.000000
3.854820,0.000000,-0.020000,0.000000
3.854820,0.000000,-0.020000,0.000000
3.854820,0.000000,-0.030000,0.000000
3.854820,0.000000,-0.030000,0.000000
3.854820,0.010000,-0.040000,0.000000
3.951070,0.000000,-0.020000,0.000000
3.951070,0.000000,-0.010000,0.000000
3.951070,0.010000,-0.030000,0.000000
3.951070,0.000000,-0.030000,0.000000
3.951070,0.010000,-0.030000,0.000000
113.728606,-0.210000,0.180000,0.030000
113.728606,-0.170000,0.090000,0.050000
113.728606,-0.130000,0.030000,0.040000
113.728606,-0.120000,0.020000,0.040000
113.728606,-0.110000,0.120000,0.060000
113.824946,-0.240000,0.260000,0.050000
113.824946,-0.230000,0.210000,0.080000
113.824946,-0.060000,0.110000,0.080000
113.824946,0.040000,0.020000,0.060000
113.824946,0.150000,-0.180000,0.060000
113.921316,0.030000,-0.200000,0.070000
113.921316,-0.040000,-0.120000,0.060000
113.921316,0.050000,0.040000,0.050000
113.921316,0.140000,0.110000,0.030000
113.921316,0.270000,0.150000,0.000000
114.017666,0.160000,0.140000,0.050000
114.017666,0.000000,0.090000,0.070000
114.017666,-0.080000,0.000000,0.130000
114.017666,-0.040000,-0.070000,0.140000
114.017666,0.120000,-0.220000,0.110000
114.114036,0.290000,-0.340000,0.070000
114.114036,0.200000,-0.310000,0.050000
114.114036,0.050000,-0.200000,0.020000
114.114036,0.020000,-0.160000,0.010000
114.114036,0.090000,-0.050000,-0.030000
114.210436,0.300000,0.010000,-0.100000
114.210436,0.260000,0.010000,-0.090000
114.210436,0.130000,-0.050000,-0.080000
114.210436,0.060000,-0.090000,-0.070000
114.210436,-0.020000,-0.220000,-0.050000
114.309446,0.060000,-0.210000,-0.080000
114.309446,0.100000,0.000000,-0.100000
114.309446,0.070000,0.120000,-0.080000
114.309446,0.030000,-0.060000,-0.080000
114.309446,0.010000,-0.140000,-0.080000
114.405766,0.020000,-0.230000,-0.100000
114.405766,0.070000,-0.160000,-0.100000
114.405766,0.100000,-0.100000,-0.100000
114.405766,0.100000,-0.030000,-0.140000
114.405766,0.090000,-0.010000,-0.140000
114.502046,0.080000,-0.200000,-0.110000
114.502046,0.000000,-0.320000,-0.100000
114.502046,-0.100000,-0.100000,-0.120000
114.502046,-0.080000,0.050000,-0.130000
114.502046,-0.030000,0.070000,-0.130000
114.598346,0.090000,0.030000,-0.160000
114.598346,0.030000,-0.040000,-0.150000
114.598346,-0.100000,-0.030000,-0.110000
114.598346,-0.210000,0.070000,-0.090000
114.598346,-0.200000,0.130000,-0.100000
114.694636,-0.020000,0.250000,-0.090000
114.694636,0.000000,0.230000,-0.080000
114.694636,-0.130000,0.200000,-0.040000
114.694636,-0.280000,0.160000,0.000000
114.694636,-0.310000,0.180000,0.010000
114.790946,-0.190000,0.230000,0.030000
114.790946,-0.030000,0.290000,0.020000
114.790946,0.070000,0.200000,0.030000
114.790946,0.070000,-0.070000,0.080000
114.790946,0.010000,-0.130000,0.100000
114.887286,-0.190000,-0.120000,0.140000
114.887286,-0.130000,-0.050000,0.170000
114.887286,0.100000,-0.100000,0.150000
114.887286,0.310000,-0.260000,0.130000
114.887286,0.310000,-0.340000,0.140000
114.983636,-0.010000,-0.430000,0.180000
114.983636,-0.180000,-0.280000,0.170000
114.983636,-0.080000,-0.080000,0.130000
114.983636,0.170000,0.020000,0.090000
114.983636,0.250000,0.060000,0.070000
115.079976,0.160000,0.050000,0.060000
115.079976,-0.040000,-0.060000,0.100000
115.079976,-0.160000,-0.200000,0.110000
115.079976,-0.060000,-0.220000,0.100000
115.079976,0.030000,-0.160000,0.080000
115.176306,0.290000,-0.100000,0.040000
115.176306,0.220000,-0.130000,0.040000
115.176306,0.010000,-0.170000,0.060000
115.176306,-0.080000,-0.170000,0.080000
115.176306,-0.060000,-0.190000,0.080000
115.272616,0.200000,-0.130000,0.040000
115.272616,0.310000,-0.170000,0.040000
115.272616,0.230000,-0.290000,0.070000
115.272616,0.070000,-0.440000,0.080000
115.272616,0.010000,-0.500000,0.060000
115.364906,0.090000,-0.430000,-0.060000
115.364906,0.210000,-0.160000,-0.050000
115.364906,0.260000,0.090000,-0.070000
115.364906,0.170000,0.230000,-0.070000
115.364906,0.130000,0.230000,-0.080000
115.461176,0.100000,0.000000,-0.020000
115.461176,0.120000,-0.280000,0.030000
115.461176,0.100000,-0.370000,0.040000
115.461176,0.050000,-0.330000,0.040000
115.461176,0.070000,-0.140000,0.070000
115.557436,0.230000,-0.010000,0.070000
115.557436,0.270000,-0.110000,0.090000
115.557436,0.170000,-0.240000,0.130000
115.557436,0.110000,-0.270000,0.140000
115.557436,0.020000,-0.290000,0.180000
115.653686,0.060000,-0.220000,0.210000
115.653686,0.130000,-0.200000,0.200000
115.653686,0.140000,-0.190000,0.180000
115.653686,0.100000,-0.140000,0.180000
115.653686,0.030000,-0.020000,0.180000
115.749946,-0.020000,0.060000,0.210000
115.749946,0.000000,-0.020000,0.240000
115.749946,0.000000,-0.110000,0.270000
115.749946,-0.020000,-0.140000,0.290000
115.749946,-0.100000,-0.120000,0.350000
115.846236,-0.300000,-0.050000,0.480000
115.846236,-0.420000,0.000000,0.580000
115.846236,-0.480000,0.130000,0.700000
115.846236,-0.570000,0.220000,0.750000
115.846236,-0.650000,0.290000,0.850000
115.942466,-0.790000,0.180000,0.940000
115.942466,-0.920000,0.020000,0.860000
115.942466,-0.970000,-0.200000,0.780000
115.942466,-1.080000,-0.390000,0.780000
115.942466,-1.170000,-0.910000,0.810000
116.041446,-0.790000,-1.080000,0.420000
116.041446,-0.330000,-1.090000,0.140000
116.041446,0.130000,-1.590000,0.160000
116.041446,0.330000,-1.980000,0.180000
116.041446,0.530000,-2.590000,0.130000
116.137706,0.320000,-2.860000,0.050000
116.137706,0.200000,-2.370000,0.030000
116.137706,0.270000,-1.490000,-0.060000
116.137706,0.370000,-0.980000,-0.120000
116.137706,0.630000,0.000000,-0.240000
116.233976,0.830000,0.720000,-0.300000
116.233976,0.700000,0.580000,-0.200000
116.233976,0.460000,0.260000,-0.190000
116.233976,0.350000,0.190000,-0.240000
116.233976,0.280000,0.350000,-0.320000
116.330256,0.540000,1.240000,-0.460000
116.330256,0.600000,2.060000,-0.660000
116.330256,0.480000,2.900000,-0.820000
116.330256,0.360000,3.220000,-0.870000
116.330256,0.110000,3.830000,-1.080000
116.426486,0.000000,4.070000,-1.110000
116.426486,-0.250000,1.650000,-0.600000
116.426486,-0.240000,-1.910000,-0.290000
116.426486,-0.100000,-3.660000,-0.220000
116.426486,0.490000,-6.670000,-0.180000
116.522736,0.410000,-4.520000,-0.150000
116.522736,-0.710000,-0.830000,-0.340000
116.522736,-1.430000,2.080000,-0.630000
116.522736,-1.240000,3.070000,-0.670000
116.522736,-0.280000,3.650000,-0.690000
116.618996,0.530000,2.460000,-0.770000
116.618996,-0.040000,0.740000,-0.680000
116.618996,-0.890000,-0.800000,-0.430000
116.618996,-1.090000,-1.370000,-0.350000
116.618996,-0.940000,-2.010000,-0.250000
116.715236,-0.400000,-0.740000,-0.320000
116.715236,-0.080000,0.630000,-0.460000
116.715236,0.110000,1.380000,-0.510000
116.715236,0.140000,1.380000,-0.520000
116.715236,0.060000,1.020000,-0.450000
116.811476,-0.200000,-0.020000,-0.410000
116.811476,-0.180000,-0.640000,-0.320000
116.811476,0.010000,-0.960000,-0.280000
116.811476,0.140000,-0.950000,-0.320000
116.811476,0.290000,-0.640000,-0.390000
116.907736,0.110000,0.440000,-0.380000
116.907736,0.040000,0.740000,-0.320000
116.907736,0.060000,0.640000,-0.180000
116.907736,0.060000,0.330000,-0.140000
116.907736,-0.110000,-0.430000,-0.090000
117.003996,-0.560000,-0.610000,0.020000
117.003996,-0.520000,-0.450000,0.000000
117.003996,-0.220000,-0.110000,-0.020000
117.003996,-0.030000,0.050000,-0.040000
117.003996,0.210000,0.250000,-0.100000
117.100246,0.090000,0.210000,-0.020000
117.100246,-0.130000,0.000000,0.030000
117.100246,-0.240000,-0.400000,0.070000
117.100246,-0.150000,-0.610000,0.100000
117.100246,0.090000,-0.770000,0.110000
117.196486,0.230000,-0.480000,0.110000
117.196486,0.120000,-0.250000,0.150000
117.196486,0.060000,-0.260000,0.120000
117.196486,0.090000,-0.360000,0.100000
117.196486,0.200000,-0.540000,0.090000
117.292736,0.310000,-0.450000,0.050000
117.292736,0.370000,-0.440000,0.050000
117.292736,0.400000,-0.340000,0.070000
117.292736,0.350000,-0.310000,0.060000
117.292736,0.170000,-0.270000,0.060000
117.388996,0.080000,-0.370000,0.060000
117.388996,0.110000,-0.150000,0.040000
117.388996,0.120000,0.020000,0.080000
117.388996,0.090000,0.050000,0.100000
117.388996,-0.030000,0.090000,0.110000
117.485246,-0.190000,0.090000,0.080000
117.485246,-0.230000,0.210000,0.080000
117.485246,-0.220000,0.350000,0.070000
117.485246,-0.200000,0.340000,0.070000
117.485246,-0.110000,0.150000,0.060000
117.584166,-0.060000,0.170000,0.020000
117.584166,-0.130000,0.190000,0.040000
117.584166,-0.160000,0.150000,0.070000
117.584166,-0.150000,0.150000,0.080000
117.584166,-0.160000,0.180000,0.080000
195.191120,0.010000,-0.030000,0.010000
195.191120,0.000000,-0.030000,0.010000
195.191120,0.000000,-0.030000,0.010000
195.191120,0.000000,-0.030000,0.000000
195.191120,0.010000,-0.030000,0.000000
195.275400,0.000000,-0.020000,0.000000
195.275400,0.000000,-0.020000,0.010000
195.275400,-0.010000,-0.010000,0.010000
195.275400,0.000000,-0.020000,0.010000
195.275400,0.000000,-0.030000,0.000000
195.359660,0.020000,-0.030000,0.000000
195.359660,0.020000,-0.030000,0.000000
195.359660,0.000000,-0.030000,0.000000
195.359660,0.000000,-0.030000,0.000000
195.359660,0.000000,-0.020000,0.000000
195.443920,0.000000,-0.010000,0.000000
195.443920,0.000000,0.000000,0.000000
195.443920,0.010000,0.000000,0.000000
195.443920,0.010000,-0.010000,0.000000
195.443920,0.000000,-0.030000,0.000000
195.528160,-0.010000,-0.050000,0.010000
195.528160,0.000000,-0.040000,0.010000
195.528160,0.000000,-0.030000,0.010000
195.528160,0.010000,-0.020000,0.000000
195.528160,0.010000,-0.020000,0.000000
195.612410,0.000000,-0.030000,0.000000
195.612410,0.000000,-0.020000,0.010000
195.612410,0.000000,-0.030000,0.010000
195.612410,0.000000,-0.030000,0.000000
195.612410,0.000000,-0.040000,0.000000
195.696660,0.000000,-0.030000,0.000000
195.696660,0.000000,-0.020000,0.000000
195.696660,-0.010000,0.000000,0.000000
195.696660,-0.020000,0.010000,0.000000
195.696660,-0.030000,0.010000,0.000000
195.780910,-0.020000,0.000000,0.000000
195.780910,0.000000,0.000000,0.000000
195.780910,0.000000,0.000000,0.000000
195.780910,0.000000,-0.010000,0.000000
195.780910,0.000000,-0.020000,0.010000
195.865150,0.000000,-0.030000,0.010000
195.865150,0.010000,-0.030000,0.000000
195.865150,0.020000,-0.020000,0.000000
195.865150,0.020000,0.000000,0.000000
195.865150,0.020000,0.000000,0.000000
195.949410,0.000000,0.000000,0.000000
195.949410,-0.010000,-0.010000,0.010000
195.949410,-0.020000,-0.030000,0.010000
195.949410,-0.010000,-0.030000,0.010000
195.949410,0.000000,-0.040000,0.010000
196.036320,0.020000,-0.020000,0.000000
196.036320,0.010000,-0.020000,0.000000
196.036320,0.000000,-0.010000,0.000000
196.036320,0.000000,-0.010000,0.000000
196.036320,0.000000,0.000000,0.000000
196.123260,0.000000,-0.010000,0.000000
196.123260,0.000000,-0.020000,0.000000
196.123260,0.000000,-0.020000,0.000000
196.123260,0.000000,-0.010000,0.000000
196.123260,0.000000,-0.020000,0.000000
196.210180,-0.010000,-0.020000,0.010000
196.210180,-0.010000,-0.030000,0.010000
196.210180,0.000000,-0.030000,0.010000
196.210180,0.000000,-0.020000,0.000000
196.210180,0.000000,-0.010000,0.000000
196.294410,0.000000,-0.010000,0.000000
196.294410,0.000000,-0.010000,0.000000
196.294410,0.000000,-0.020000,0.010000
196.294410,0.000000,-0.030000,0.010000
196.294410,0.000000,-0.030000,0.010000
196.378650,0.000000,-0.050000,0.010000
196.378650,0.000000,-0.040000,0.010000
196.378650,-0.010000,-0.030000,0.010000
196.378650,-0.010000,-0.020000,0.010000
196.378650,-0.010000,-0.010000,0.010000
196.462890,0.000000,-0.010000,0.000000
196.462890,0.000000,-0.030000,0.010000
196.462890,0.000000,-0.040000,0.010000
196.462890,0.000000,-0.050000,0.010000
196.462890,0.000000,-0.050000,0.010000
196.547120,0.020000,-0.050000,0.000000
196.547120,0.020000,-0.020000,0.000000
196.547120,0.010000,-0.010000,0.000000
196.547120,0.000000,-0.010000,0.000000
196.547120,0.000000,0.000000,0.000000
196.631380,0.010000,-0.020000,0.000000
196.631380,0.010000,-0.030000,0.000000
196.631380,0.010000,-0.040000,0.000000
196.631380,0.010000,-0.040000,0.000000
196.631380,0.000000,-0.040000,0.000000
196.715620,0.000000,-0.020000,0.000000
196.715620,0.010000,-0.010000,0.000000
196.715620,0.010000,0.000000,0.000000
196.715620,0.010000,-0.010000,0.000000
196.715620,0.010000,-0.010000,0.000000
196.799870,0.010000,-0.040000,0.000000
196.799870,0.010000,-0.050000,0.010000
196.799870,0.020000,-0.040000,0.010000
196.799870,0.020000,-0.030000,0.000000
196.799870,0.020000,-0.030000,0.000000
196.884080,0.020000,-0.020000,0.010000
196.884080,0.010000,-0.030000,0.010000
196.884080,0.000000,-0.030000,0.010000
196.884080,0.000000,-0.030000,0.010000
196.884080,0.010000,-0.030000,0.010000
196.968340,0.020000,-0.040000,0.000000
196.968340,0.030000,-0.040000,0.000000
196.968340,0.040000,-0.030000,0.000000
196.968340,0.040000,-0.030000,0.000000
196.968340,0.030000,-0.030000,0.000000
197.052600,0.030000,-0.030000,0.000000
197.052600,0.020000,-0.040000,0.000000
197.052600,0.010000,-0.020000,0.000000
197.052600,0.010000,-0.020000,0.000000
197.052600,0.000000,-0.010000,0.000000
197.136820,0.000000,0.000000,0.000000
197.136820,0.010000,-0.010000,0.000000
197.136820,0.010000,-0.020000,0.000000
197.136820,0.020000,-0.030000,0.000000
197.136820,0.010000,-0.040000,0.000000
197.221080,0.000000,-0.040000,0.010000
197.221080,0.000000,-0.020000,0.000000
197.221080,0.000000,-0.020000,0.000000
197.221080,0.010000,-0.010000,0.000000
197.221080,0.020000,0.000000,0.000000
197.305340,0.000000,-0.010000,0.000000
197.305340,0.000000,-0.020000,0.000000
197.305340,-0.010000,-0.030000,0.010000
197.305340,0.000000,-0.040000,0.010000
197.305340,0.010000,-0.040000,0.000000
197.389610,0.030000,-0.030000,0.000000
197.389610,0.020000,-0.010000,0.000000
197.389610,0.010000,0.000000,0.000000
197.389610,0.000000,0.000000,0.000000
197.389610,0.000000,-0.010000,0.000000
197.473860,0.010000,-0.030000,0.010000
197.473860,0.000000,-0.050000,0.010000
197.473860,0.000000,-0.040000,0.010000
197.473860,0.000000,-0.030000,0.010000
197.473860,0.000000,-0.030000,0.010000
197.560760,0.010000,-0.020000,0.000000
197.560760,0.020000,-0.020000,0.000000
197.560760,0.020000,-0.020000,0.000000
197.560760,0.020000,-0.020000,0.000000
197.560760,0.000000,-0.030000,0.000000
197.647700,0.000000,-0.020000,0.000000
197.647700,0.020000,-0.010000,0.000000
197.647700,0.030000,-0.010000,0.000000
197.647700,0.030000,-0.010000,0.000000
197.647700,0.020000,-0.020000,0.000000
197.731950,0.000000,-0.020000,0.000000
197.731950,0.000000,-0.020000,0.000000
197.731950,0.010000,-0.020000,0.000000
197.731950,0.010000,-0.020000,0.000000
197.731950,0.010000,-0.010000,0.000000
197.816220,0.000000,-0.010000,0.000000
197.816220,0.000000,-0.010000,0.000000
197.816220,0.010000,-0.020000,0.000000
197.816220,0.010000,-0.030000,0.000000
197.816220,0.010000,-0.030000,0.000000
197.903140,0.000000,-0.030000,0.000000
197.903140,0.000000,-0.030000,0.000000
197.903140,0.000000,-0.020000,0.000000
197.903140,0.010000,-0.010000,0.000000
197.903140,0.010000,-0.010000,0.000000
197.987420,0.020000,-0.020000,0.000000
197.987420,0.010000,-0.030000,0.000000
197.987420,0.000000,-0.030000,0.000000
197.987420,0.000000,-0.020000,0.000000
197.987420,0.000000,-0.020000,0.000000
198.071710,0.000000,-0.020000,0.000000
198.071710,0.010000,-0.020000,0.000000
198.071710,0.010000,-0.010000,0.000000
198.071710,0.000000,0.010000,0.000000
198.071710,0.000000,0.010000,0.000000
198.155990,0.000000,-0.020000,0.000000
198.155990,0.010000,-0.060000,0.000000
198.155990,0.020000,-0.070000,0.000000
198.155990,0.010000,-0.060000,0.000000
198.155990,0.000000,-0.040000,0.000000
198.240280,0.000000,-0.010000,0.000000
198.240280,0.010000,0.000000,0.000000
198.240280,0.030000,0.000000,0.000000
198.240280,0.020000,0.000000,0.000000
198.240280,0.010000,-0.030000,0.000000
198.324550,0.000000,-0.050000,0.010000
198.324550,0.000000,-0.050000,0.010000
198.324550,0.000000,-0.040000,0.000000
198.324550,0.010000,-0.040000,0.000000
198.324550,0.020000,-0.020000,0.000000
198.408830,0.010000,0.000000,0.000000
198.408830,0.000000,0.000000,0.000000
198.408830,0.000000,-0.010000,0.000000
198.408830,0.000000,-0.020000,0.000000
198.408830,0.010000,-0.030000,0.000000
198.493130,0.010000,-0.040000,0.010000
198.493130,0.000000,-0.020000,0.010000
198.493130,0.000000,-0.020000,0.010000
198.493130,0.000000,-0.020000,0.010000
198.493130,0.000000,-0.020000,0.000000
198.577410,0.020000,-0.020000,0.000000
198.577410,0.020000,-0.030000,0.000000
198.577410,0.010000,-0.020000,0.000000
198.577410,0.000000,-0.020000,0.010000
198.577410,0.000000,-0.020000,0.010000
198.661670,0.010000,-0.030000,0.010000
198.661670,0.010000,-0.030000,0.010000
198.661670,0.000000,-0.030000,0.010000
198.661670,0.000000,-0.030000,0.010000
198.661670,0.000000,-0.030000,0.010000
198.745950,0.000000,-0.030000,0.010000
198.745950,0.010000,-0.030000,0.010000
198.745950,0.010000,-0.030000,0.000000
198.745950,0.010000,-0.030000,0.010000
198.745950,0.010000,-0.030000,0.010000
198.830230,0.000000,-0.020000,0.000000
198.830230,0.000000,-0.020000,0.010000
198.830230,0.000000,-0.010000,0.000000
198.830230,0.000000,-0.010000,0.000000
198.830230,0.010000,-0.010000,0.000000
198.914480,0.000000,-0.020000,0.000000
198.914480,0.000000,-0.030000,0.000000
198.914480,0.000000,-0.040000,0.000000
198.914480,0.000000,-0.040000,0.000000
198.914480,0.000000,-0.030000,0.000000
198.998740,0.000000,0.000000,0.000000
198.998740,0.000000,0.000000,0.000000
198.998740,0.010000,0.000000,0.000000
198.998740,0.010000,-0.010000,0.000000
198.998740,0.000000,-0.020000,0.000000
199.083040,-0.010000,-0.030000,0.010000
199.083040,0.000000,-0.040000,0.000000
199.083040,0.000000,-0.040000,0.000000
199.083040,0.010000,-0.040000,0.000000
199.083040,0.020000,-0.020000,0.000000
786.528475,0.000000,-0.020000,0.000000
786.528475,0.000000,-0.030000,0.010000
786.528475,0.000000,-0.030000,0.010000
786.528475,0.000000,-0.020000,0.010000
786.528475,-0.010000,-0.010000,0.010000
786.624765,-0.010000,-0.020000,0.010000
786.624765,0.000000,-0.040000,0.010000
786.624765,0.000000,-0.040000,0.010000
786.624765,-0.010000,-0.030000,0.010000
786.624765,-0.020000,0.000000,0.010000
786.721045,-0.010000,-0.020000,0.000000
786.721045,-0.010000,-0.020000,0.000000
786.721045,-0.010000,-0.020000,0.000000
786.721045,-0.010000,-0.010000,0.000000
786.721045,-0.010000,-0.010000,0.000000
786.817325,-0.010000,0.000000,0.000000
786.817325,0.000000,-0.020000,0.000000
786.817325,0.000000,-0.030000,0.000000
786.817325,0.000000,-0.030000,0.000000
786.817325,0.000000,-0.010000,0.000000
786.913605,0.000000,0.000000,0.000000
786.913605,0.000000,-0.030000,0.000000
786.913605,0.000000,-0.040000,0.000000
786.913605,0.000000,-0.040000,0.000000
786.913605,0.000000,-0.020000,0.000000
787.009895,0.000000,-0.010000,0.000000
787.009895,0.000000,-0.020000,0.000000
787.009895,0.000000,-0.020000,0.000000
787.009895,0.000000,-0.030000,0.000000
787.009895,0.000000,-0.030000,0.000000
787.106165,0.000000,-0.020000,0.000000
787.106165,0.000000,-0.010000,-0.010000
787.106165,0.000000,-0.010000,-0.010000
787.106165,0.000000,-0.020000,0.000000
787.106165,0.000000,-0.030000,0.000000
787.202465,0.000000,-0.040000,-0.010000
787.202465,0.000000,-0.010000,-0.010000
787.202465,0.000000,0.000000,-0.010000
787.202465,0.000000,0.000000,0.000000
787.202465,0.010000,-0.020000,0.000000
787.298775,0.010000,-0.060000,0.000000
787.298775,0.000000,-0.030000,0.000000
787.298775,0.000000,-0.020000,0.000000
787.298775,0.000000,-0.010000,0.000000
787.298775,0.000000,-0.030000,0.000000
787.395105,0.000000,-0.040000,0.000000
787.395105,0.000000,-0.030000,0.000000
787.395105,0.000000,-0.020000,0.000000
787.395105,0.000000,-0.030000,0.000000
787.395105,0.000000,-0.040000,0.000000
787.491445,0.000000,0.000000,0.000000
787.491445,0.000000,0.000000,0.000000
787.491445,0.000000,-0.020000,0.010000
787.491445,0.010000,-0.060000,0.010000
787.491445,0.000000,-0.050000,0.000000
787.587765,-0.010000,0.000000,0.000000
787.587765,-0.010000,-0.020000,0.010000
787.587765,0.000000,-0.050000,0.020000
787.587765,0.000000,-0.090000,0.020000
787.587765,0.000000,-0.060000,0.020000
787.684095,-0.010000,-0.010000,0.000000
787.684095,0.000000,-0.010000,0.000000
787.684095,0.000000,-0.020000,0.000000
787.684095,0.000000,-0.030000,0.000000
787.684095,0.000000,-0.030000,0.000000
787.780435,0.010000,-0.030000,0.000000
787.780435,0.000000,-0.020000,-0.010000
787.780435,0.000000,-0.010000,-0.010000
787.780435,0.000000,-0.010000,-0.010000
787.780435,0.000000,-0.030000,0.000000
787.876755,0.000000,-0.040000,0.000000
787.876755,0.000000,-0.020000,-0.010000
787.876755,0.000000,-0.010000,-0.010000
787.876755,0.000000,0.000000,-0.010000
787.876755,0.000000,-0.030000,0.000000
787.973055,0.000000,-0.020000,0.000000
787.973055,0.000000,0.000000,0.000000
787.973055,0.000000,0.000000,0.000000
787.973055,0.000000,-0.030000,0.000000
787.973055,0.010000,-0.040000,0.000000
788.069385,0.010000,0.000000,0.000000
788.069385,0.010000,-0.010000,0.000000
788.069385,0.020000,-0.020000,0.000000
788.069385,0.020000,-0.030000,0.000000
788.069385,0.020000,-0.020000,0.000000
788.165695,0.000000,-0.010000,0.010000
788.165695,0.000000,-0.020000,0.010000
788.165695,0.010000,-0.020000,0.010000
788.165695,0.010000,-0.030000,0.020000
788.165695,0.010000,-0.030000,0.020000
788.262015,0.000000,-0.010000,0.010000
788.262015,0.000000,-0.010000,0.020000
788.262015,0.010000,-0.020000,0.020000
788.262015,0.010000,-0.030000,0.020000
788.262015,0.010000,-0.030000,0.030000
788.358325,0.010000,-0.030000,0.030000
788.358325,0.020000,-0.030000,0.030000
788.358325,0.020000,-0.030000,0.030000
788.358325,0.010000,-0.030000,0.030000
788.358325,0.010000,-0.030000,0.020000
788.454645,0.000000,-0.030000,0.010000
788.454645,0.000000,0.000000,0.000000
788.454645,0.000000,0.000000,0.000000
788.454645,0.000000,0.000000,0.010000
788.454645,0.000000,-0.030000,0.020000
788.550975,0.000000,-0.040000,0.020000
788.550975,0.000000,-0.010000,0.010000
788.550975,0.000000,0.000000,0.000000
788.550975,0.000000,0.000000,0.010000
788.550975,0.000000,-0.020000,0.010000
788.647285,0.000000,-0.040000,0.020000
788.647285,0.000000,-0.030000,0.010000
788.647285,0.000000,-0.020000,0.010000
788.647285,0.000000,-0.020000,0.010000
788.647285,0.000000,-0.010000,0.010000
788.743605,0.010000,-0.050000,0.020000
788.743605,0.020000,-0.050000,0.020000
788.743605,0.020000,-0.040000,0.020000
788.743605,0.010000,-0.020000,0.010000
788.743605,0.000000,-0.010000,0.010000
788.839925,0.010000,-0.020000,0.020000
788.839925,0.010000,-0.060000,0.020000
788.839925,0.010000,-0.080000,0.020000
788.839925,0.000000,-0.080000,0.010000
788.839925,0.000000,-0.040000,0.010000
788.936255,0.000000,-0.010000,0.000000
788.936255,0.000000,-0.020000,0.010000
788.936255,0.000000,-0.030000,0.010000
788.936255,0.010000,-0.050000,0.010000
788.936255,0.010000,-0.050000,0.000000
789.032565,0.000000,-0.030000,0.000000
789.032565,0.000000,-0.010000,0.000000
789.032565,0.000000,-0.010000,0.000000
789.032565,-0.010000,0.000000,0.000000
789.032565,-0.010000,0.000000,0.010000
789.128835,0.000000,-0.020000,0.010000
789.128835,0.000000,-0.030000,0.010000
789.128835,0.000000,-0.030000,0.010000
789.128835,0.000000,-0.020000,0.010000
789.128835,0.000000,-0.020000,0.010000
789.225135,-0.010000,-0.030000,0.010000
789.225135,0.000000,-0.030000,0.010000
789.225135,0.000000,-0.030000,0.010000
789.225135,0.000000,-0.020000,0.010000
789.225135,0.000000,-0.030000,0.010000
789.321425,-0.010000,-0.030000,0.000000
789.321425,-0.010000,-0.010000,0.000000
789.321425,-0.010000,0.000000,0.000000
789.321425,0.000000,-0.020000,0.000000
789.321425,0.000000,-0.030000,0.000000
789.417715,0.000000,-0.020000,0.000000
789.417715,0.000000,-0.020000,0.000000
789.417715,0.000000,-0.020000,0.000000
789.417715,0.000000,-0.020000,0.000000
789.417715,0.000000,-0.010000,0.000000
789.514005,0.000000,-0.030000,0.000000
789.514005,0.000000,-0.030000,0.000000
789.514005,0.000000,-0.020000,0.000000
789.514005,0.000000,-0.020000,0.000000
789.514005,0.000000,-0.020000,0.000000
789.610305,0.010000,-0.030000,0.000000
789.610305,0.000000,-0.030000,0.000000
789.610305,0.000000,-0.030000,0.000000
789.610305,0.000000,-0.020000,0.000000
789.610305,0.000000,-0.020000,0.000000
789.706595,0.000000,-0.040000,0.000000
789.706595,0.010000,-0.030000,0.000000
789.706595,0.010000,-0.030000,0.000000
789.706595,0.000000,-0.020000,0.000000
789.706595,0.000000,-0.030000,0.000000
789.802875,0.010000,-0.040000,0.000000
789.802875,0.010000,-0.030000,0.000000
789.802875,0.000000,-0.020000,0.000000
789.802875,0.000000,-0.010000,-0.010000
789.802875,0.000000,-0.020000,0.000000
789.899165,0.000000,-0.030000,0.000000
789.899165,0.000000,-0.020000,-0.010000
789.899165,0.000000,-0.010000,-0.010000
789.899165,0.000000,0.000000,0.000000
789.899165,0.010000,-0.020000,0.000000
789.995475,0.010000,-0.030000,0.000000
789.995475,0.000000,-0.040000,0.000000
789.995475,0.000000,-0.050000,0.000000
789.995475,0.000000,-0.020000,-0.010000
789.995475,0.000000,0.000000,-0.010000
790.091775,0.000000,-0.020000,-0.010000
790.091775,0.000000,-0.010000,0.000000
790.091775,0.000000,0.000000,0.000000
790.091775,0.000000,-0.010000,0.000000
790.091775,0.020000,-0.030000,0.000000
790.190725,0.010000,-0.040000,0.000000
790.190725,0.010000,-0.030000,0.000000
790.190725,0.010000,-0.020000,0.000000
790.190725,0.000000,-0.030000,0.000000
790.190725,0.000000,-0.030000,0.000000
790.286995,0.000000,-0.020000,0.000000
790.286995,0.000000,-0.020000,0.000000
790.286995,0.000000,-0.030000,0.000000
790.286995,0.000000,-0.030000,0.000000
790.286995,0.010000,-0.040000,0.000000
790.383245,0.000000,-0.020000,0.000000
790.383245,0.000000,-0.010000,0.000000
790.383245,0.010000,-0.030000,0.000000
790.383245,0.000000,-0.030000,0.000000
790.383245,0.010000,-0.030000,0.000000
900.160641,0.210000,0.200000,-0.230000
900.160641,0.240000,0.310000,-0.230000
900.160641,0.230000,0.400000,-0.210000
900.160641,0.200000,0.250000,-0.160000
900.160641,0.190000,0.100000,-0.130000
900.256861,0.010000,-0.520000,-0.040000
900.256861,-0.020000,-0.510000,-0.040000
900.256861,0.000000,-0.190000,-0.050000
900.256861,0.080000,0.150000,-0.060000
900.256861,0.100000,0.230000,-0.060000
900.353101,0.050000,-0.050000,-0.030000
900.353101,0.000000,-0.220000,-0.010000
900.353101,-0.060000,-0.420000,0.000000
900.353101,-0.030000,-0.350000,0.000000
900.353101,0.000000,-0.250000,0.000000
900.449371,0.120000,0.210000,-0.050000
900.449371,0.140000,0.250000,-0.040000
900.449371,0.100000,0.170000,-0.020000
900.449371,0.010000,-0.030000,0.000000
900.449371,0.000000,-0.140000,0.020000
900.545611,-0.020000,-0.340000,0.070000
900.545611,-0.030000,-0.320000,0.070000
900.545611,-0.070000,-0.250000,0.070000
900.545611,-0.060000,-0.110000,0.050000
900.545611,-0.030000,-0.050000,0.040000
900.641861,0.020000,0.130000,0.040000
900.641861,0.000000,0.060000,0.060000
900.641861,-0.030000,-0.100000,0.090000
900.641861,-0.010000,-0.290000,0.100000
900.641861,-0.020000,-0.320000,0.110000
900.738111,-0.130000,-0.150000,0.120000
900.738111,-0.120000,-0.070000,0.110000
900.738111,-0.070000,0.030000,0.090000
900.738111,-0.010000,0.110000,0.070000
900.738111,-0.030000,0.120000,0.080000
900.834351,-0.150000,-0.080000,0.120000
900.834351,-0.130000,-0.140000,0.130000
900.834351,-0.090000,-0.170000,0.140000
900.834351,-0.140000,-0.100000,0.150000
900.834351,-0.180000,-0.060000,0.160000
900.930621,-0.150000,0.050000,0.150000
900.930621,-0.140000,0.060000,0.150000
900.930621,-0.230000,0.100000,0.170000
900.930621,-0.290000,0.090000,0.200000
900.930621,-0.290000,0.070000,0.210000
901.026831,-0.240000,0.010000,0.240000
901.026831,-0.280000,0.030000,0.250000
901.026831,-0.360000,0.050000,0.280000
901.026831,-0.340000,0.080000,0.290000
901.026831,-0.320000,0.050000,0.300000
901.123081,-0.360000,-0.080000,0.320000
901.123081,-0.360000,-0.080000,0.330000
901.123081,-0.340000,-0.090000,0.340000
901.123081,-0.340000,-0.130000,0.330000
901.123081,-0.350000,-0.150000,0.340000
901.219331,-0.360000,-0.130000,0.350000
901.219331,-0.340000,-0.100000,0.350000
901.219331,-0.250000,-0.030000,0.340000
901.219331,-0.220000,-0.010000,0.350000
901.219331,-0.260000,-0.050000,0.350000
901.315561,-0.350000,-0.310000,0.400000
901.315561,-0.340000,-0.340000,0.400000
901.315561,-0.330000,-0.300000,0.400000
901.315561,-0.320000,-0.190000,0.400000
901.315561,-0.310000,-0.130000,0.400000
901.414451,-0.300000,-0.130000,0.420000
901.414451,-0.320000,-0.180000,0.430000
901.414451,-0.370000,-0.320000,0.450000
901.414451,-0.400000,-0.370000,0.460000
901.414451,-0.360000,-0.400000,0.450000
901.510661,-0.340000,-0.380000,0.430000
901.510661,-0.330000,-0.400000,0.420000
901.510661,-0.340000,-0.390000,0.410000
901.510661,-0.370000,-0.370000,0.390000
901.510661,-0.400000,-0.260000,0.350000
901.606881,-0.550000,-0.150000,0.270000
901.606881,-0.730000,-0.130000,0.240000
901.606881,-0.840000,-0.100000,0.230000
901.606881,-0.970000,0.040000,0.210000
901.606881,-1.010000,0.190000,0.220000
901.703091,-1.160000,0.480000,0.030000
901.703091,-1.130000,0.620000,-0.130000
901.703091,-1.080000,0.660000,-0.180000
901.703091,-1.010000,0.250000,-0.140000
901.703091,-0.970000,-0.470000,-0.110000
901.799311,-0.800000,-2.490000,0.120000
901.799311,-0.380000,-2.280000,-0.090000
901.799311,-0.030000,-1.650000,-0.310000
901.799311,0.820000,-0.050000,-0.700000
901.799311,1.630000,1.500000,-1.050000
901.895531,2.350000,1.970000,-0.940000
901.895531,2.340000,1.020000,-0.710000
901.895531,2.170000,0.320000,-0.710000
901.895531,1.680000,-1.070000,-0.690000
901.895531,1.490000,-1.850000,-0.530000
901.991751,1.900000,-1.650000,-0.650000
901.991751,2.180000,-1.120000,-0.850000
901.991751,2.240000,-0.800000,-0.900000
901.991751,2.150000,-0.410000,-0.840000
901.991751,1.950000,-0.380000,-0.720000
902.087961,1.910000,-0.620000,-0.540000
902.087961,1.980000,-0.660000,-0.450000
902.087961,1.980000,-0.640000,-0.430000
902.087961,1.830000,-0.460000,-0.380000
902.087961,1.700000,-0.100000,-0.400000
902.184201,1.640000,0.490000,-0.410000
902.184201,1.580000,0.880000,-0.450000
902.184201,1.550000,1.060000,-0.470000
902.184201,1.450000,1.330000,-0.450000
902.184201,1.170000,1.010000,-0.240000
902.280441,0.360000,-0.300000,0.110000
902.280441,0.120000,-0.480000,0.130000
902.280441,0.100000,-0.420000,0.130000
902.280441,-0.060000,0.200000,0.110000
902.280441,-0.400000,0.970000,0.190000
902.376651,-0.600000,0.900000,0.260000
902.376651,-0.950000,0.030000,0.310000
902.376651,-1.210000,-0.430000,0.320000
902.376651,-1.650000,-2.260000,0.570000
902.376651,-1.730000,-4.660000,0.910000
902.472881,0.760000,-5.450000,0.140000
902.472881,0.980000,-0.510000,-0.340000
902.472881,0.990000,0.800000,-0.400000
902.472881,-0.160000,4.570000,-0.660000
902.472881,-0.540000,4.730000,-0.560000
902.569101,-0.980000,2.990000,-0.330000
902.569101,-0.820000,0.650000,-0.360000
902.569101,-0.400000,-0.300000,-0.260000
902.569101,-0.070000,-1.610000,-0.120000
902.569101,0.080000,-2.430000,0.000000
902.665301,-0.680000,-1.360000,0.050000
902.665301,-0.870000,-1.170000,-0.090000
902.665301,-0.950000,0.110000,-0.210000
902.665301,-0.520000,1.200000,-0.520000
902.665301,-0.120000,1.680000,-0.600000
902.761521,0.640000,1.450000,-0.580000
902.761521,0.320000,0.900000,-0.460000
902.761521,-0.390000,-0.030000,-0.310000
902.761521,-0.560000,-0.880000,-0.080000
902.761521,-0.520000,-1.070000,-0.010000
902.857761,-0.210000,-0.470000,-0.040000
902.857761,-0.210000,-0.080000,0.060000
902.857761,-0.390000,0.420000,0.000000
902.857761,-0.530000,0.430000,0.020000
902.857761,-0.540000,0.250000,0.020000
902.953961,-0.400000,-0.680000,0.080000
902.953961,-0.360000,-0.760000,0.070000
902.953961,-0.350000,-0.580000,0.080000
902.953961,-0.350000,-0.210000,0.070000
902.953961,-0.310000,-0.040000,0.040000
903.050161,0.000000,0.290000,0.010000
903.050161,0.030000,0.220000,0.030000
903.050161,-0.030000,-0.010000,0.070000
903.050161,-0.230000,-0.320000,0.160000
903.050161,-0.320000,-0.450000,0.210000
903.146391,-0.410000,-0.770000,0.260000
903.146391,-0.360000,-0.710000,0.250000
903.146391,-0.230000,-0.470000,0.260000
903.146391,-0.190000,-0.290000,0.250000
903.146391,-0.210000,-0.240000,0.240000
903.242581,-0.260000,-0.340000,0.300000
903.242581,-0.270000,-0.420000,0.320000
903.242581,-0.300000,-0.550000,0.340000
903.242581,-0.350000,-0.530000,0.380000
903.242581,-0.370000,-0.510000,0.400000
903.338791,-0.400000,-0.460000,0.440000
903.338791,-0.400000,-0.470000,0.460000
903.338791,-0.440000,-0.560000,0.500000
903.338791,-0.550000,-0.610000,0.530000
903.338791,-0.590000,-0.650000,0.550000
903.434981,-0.560000,-0.560000,0.620000
903.434981,-0.550000,-0.510000,0.650000
903.434981,-0.650000,-0.480000,0.680000
903.434981,-0.810000,-0.620000,0.690000
903.434981,-0.870000,-0.750000,0.680000
903.533831,-0.850000,-1.030000,0.590000
903.533831,-0.850000,-1.030000,0.570000
903.533831,-0.860000,-1.020000,0.540000
903.533831,-0.820000,-1.000000,0.510000
903.533831,-0.670000,-0.970000,0.500000
903.629981,-0.470000,-0.980000,0.500000
903.629981,-0.560000,-1.000000,0.490000
903.629981,-0.640000,-1.010000,0.470000
903.629981,-0.770000,-1.020000,0.450000
903.629981,-0.680000,-0.960000,0.370000
903.726181,-0.500000,-0.820000,0.380000
903.726181,-0.500000,-0.740000,0.320000
903.726181,-0.470000,-0.700000,0.220000
903.726181,-0.410000,-0.740000,0.050000
903.726181,-0.260000,-0.970000,0.000000
903.822351,0.080000,-1.550000,-0.030000
903.822351,0.170000,-1.950000,-0.030000
903.822351,0.140000,-2.100000,0.000000
903.822351,0.090000,-2.370000,0.020000
903.822351,0.130000,-2.380000,0.010000
903.918541,0.370000,-2.010000,-0.080000
903.918541,0.530000,-1.480000,-0.150000
903.918541,0.590000,-1.170000,-0.180000
903.918541,0.700000,-0.620000,-0.220000
903.918541,0.830000,-0.360000,-0.200000
904.014741,0.960000,-0.550000,-0.150000
904.014741,0.990000,-0.860000,-0.130000
904.014741,1.040000,-1.000000,-0.130000
904.014741,1.130000,-1.130000,-0.160000
904.014741,1.060000,-1.120000,-0.180000
1013.067757,0.000000,0.000000,0.000000
1013.067757,0.000000,0.030000,0.000000
1013.067757,0.070000,0.000000,0.010000
1013.067757,0.010000,-0.010000,0.010000
1013.067757,0.000000,-0.070000,0.010000
1013.164037,-0.020000,-0.080000,0.020000
1013.164037,-0.020000,-0.040000,0.010000
1013.164037,0.060000,-0.010000,0.010000
1013.164037,0.010000,0.000000,0.000000
1013.164037,0.020000,0.000000,0.000000
1013.260287,-0.010000,-0.020000,0.010000
1013.260287,-0.020000,-0.050000,0.010000
1013.260287,-0.010000,-0.070000,0.010000
1013.260287,0.000000,-0.060000,0.010000
1013.260287,0.000000,-0.050000,0.010000
1013.356537,0.000000,0.000000,0.000000
1013.356537,0.000000,0.010000,0.000000
1013.356537,0.000000,0.000000,0.010000
1013.356537,0.000000,-0.030000,0.010000
1013.356537,0.000000,-0.070000,0.010000
1013.452797,-0.010000,-0.050000,0.010000
1013.452797,-0.010000,-0.010000,0.000000
1013.452797,0.000000,0.000000,0.000000
1013.452797,0.010000,0.000000,0.000000
1013.452797,0.020000,-0.020000,0.000000
1013.549057,0.000000,-0.050000,0.010000
1013.549057,-0.010000,-0.050000,0.010000
1013.549057,-0.010000,-0.040000,0.000000
1013.549057,0.000000,-0.020000,0.000000
1013.549057,0.020000,-0.010000,0.000000
1013.645307,0.010000,0.000000,0.000000
1013.645307,0.000000,-0.020000,0.000000
1013.645307,0.000000,-0.030000,0.000000
1013.645307,0.000000,-0.040000,0.000000
1013.645307,0.010000,-0.040000,0.000000
1238.934041,0.000000,-0.020000,0.000000
1238.934041,0.000000,-0.030000,0.010000
1238.934041,0.000000,-0.030000,0.010000
1238.934041,0.000000,-0.020000,0.010000
1238.934041,-0.010000,-0.010000,0.010000
1239.030331,-0.010000,-0.020000,0.010000
1239.030331,0.000000,-0.040000,0.010000
1239.030331,0.000000,-0.040000,0.010000
1239.030331,-0.010000,-0.030000,0.010000
1239.030331,-0.020000,0.000000,0.010000
1239.126611,-0.010000,-0.020000,0.000000
1239.126611,-0.010000,-0.020000,0.000000
1239.126611,-0.010000,-0.020000,0.000000
1239.126611,-0.010000,-0.010000,0.000000
1239.126611,-0.010000,-0.010000,0.000000
1239.222891,-0.010000,0.000000,0.000000
1239.222891,0.000000,-0.020000,0.000000
1239.222891,0.000000,-0.030000,0.000000
1239.222891,0.000000,-0.030000,0.000000
1239.222891,0.000000,-0.010000,0.000000
1239.319171,0.000000,0.000000,0.000000
1239.319171,0.000000,-0.030000,0.000000
1239.319171,0.000000,-0.040000,0.000000
1239.319171,0.000000,-0.040000,0.000000
1239.319171,0.000000,-0.020000,0.000000
1239.415461,0.000000,-0.010000,0.000000
1239.415461,0.000000,-0.020000,0.000000
1239.415461,0.000000,-0.020000,0.000000
1239.415461,0.000000,-0.030000,0.000000
1239.415461,0.000000,-0.030000,0.000000
1239.511731,0.000000,-0.020000,0.000000
1239.511731,0.000000,-0.010000,-0.010000
1239.511731,0.000000,-0.010000,-0.010000
1239.511731,0.000000,-0.020000,0.000000
1239.511731,0.000000,-0.030000,0.000000
1239.608031,0.000000,-0.040000,-0.010000
1239.608031,0.000000,-0.010000,-0.010000
1239.608031,0.000000,0.000000,-0.010000
1239.608031,0.000000,0.000000,0.000000
1239.608031,0.010000,-0.020000,0.000000
1239.704341,0.010000,-0.060000,0.000000
1239.704341,0.000000,-0.030000,0.000000
1239.704341,0.000000,-0.020000,0.000000
1239.704341,0.000000,-0.010000,0.000000
1239.704341,0.000000,-0.030000,0.000000
1239.800671,0.000000,-0.040000,0.000000
1239.800671,0.000000,-0.030000,0.000000
1239.800671,0.000000,-0.020000,0.000000
1239.800671,0.000000,-0.030000,0.000000
1239.800671,0.000000,-0.040000,0.000000
1239.897011,0.000000,0.000000,0.000000
1239.897011,0.000000,0.000000,0.000000
1239.897011,0.000000,-0.020000,0.010000
1239.897011,0.010000,-0.060000,0.010000
1239.897011,0.000000,-0.050000,0.000000
1239.993331,-0.010000,0.000000,0.000000
1239.993331,-0.010000,-0.020000,0.010000
1239.993331,0.000000,-0.050000,0.020000
1239.993331,0.000000,-0.090000,0.020000
1239.993331,0.000000,-0.060000,0.020000
1240.089661,-0.010000,-0.010000,0.000000
1240.089661,0.000000,-0.010000,0.000000
1240.089661,0.000000,-0.020000,0.000000
1240.089661,0.000000,-0.030000,0.000000
1240.089661,0.000000,-0.030000,0.000000
1240.186001,0.010000,-0.030000,0.000000
1240.186001,0.000000,-0.020000,-0.010000
1240.186001,0.000000,-0.010000,-0.010000
1240.186001,0.000000,-0.010000,-0.010000
1240.186001,0.000000,-0.030000,0.000000
1240.282321,0.000000,-0.040000,0.000000
1240.282321,0.000000,-0.020000,-0.010000
1240.282321,0.000000,-0.010000,-0.010000
1240.282321,0.000000,0.000000,-0.010000
1240.282321,0.000000,-0.030000,0.000000
1240.378621,0.000000,-0.020000,0.000000
1240.378621,0.000000,0.000000,0.000000
1240.378621,0.000000,0.000000,0.000000
1240.378621,0.000000,-0.030000,0.000000
1240.378621,0.010000,-0.040000,0.000000
1240.474951,0.010000,0.000000,0.000000
1240.474951,0.010000,-0.010000,0.000000
1240.474951,0.020000,-0.020000,0.000000
1240.474951,0.020000,-0.030000,0.000000
1240.474951,0.020000,-0.020000,0.000000
1240.571261,0.000000,-0.010000,0.010000
1240.571261,0.000000,-0.020000,0.010000
1240.571261,0.010000,-0.020000,0.010000
1240.571261,0.010000,-0.030000,0.020000
1240.571261,0.010000,-0.030000,0.020000
1240.667581,0.000000,-0.010000,0.010000
1240.667581,0.000000,-0.010000,0.020000
1240.667581,0.010000,-0.020000,0.020000
1240.667581,0.010000,-0.030000,0.020000
1240.667581,0.010000,-0.030000,0.030000
1240.763891,0.010000,-0.030000,0.030000
1240.763891,0.020000,-0.030000,0.030000
1240.763891,0.020000,-0.030000,0.030000
1240.763891,0.010000,-0.030000,0.030000
1240.763891,0.010000,-0.030000,0.020000
1240.860211,0.000000,-0.030000,0.010000
1240.860211,0.000000,0.000000,0.000000
1240.860211,0.000000,0.000000,0.000000
1240.860211,0.000000,0.000000,0.010000
1240.860211,0.000000,-0.030000,0.020000
1240.956541,0.000000,-0.040000,0.020000
1240.956541,0.000000,-0.010000,0.010000
1240.956541,0.000000,0.000000,0.000000
1240.956541,0.000000,0.000000,0.010000
1240.956541,0.000000,-0.020000,0.010000
1241.052851,0.000000,-0.040000,0.020000
1241.052851,0.000000,-0.030000,0.010000
1241.052851,0.000000,-0.020000,0.010000
1241.052851,0.000000,-0.020000,0.010000
1241.052851,0.000000,-0.010000,0.010000
1241.149171,0.010000,-0.050000,0.020000
1241.149171,0.020000,-0.050000,0.020000
1241.149171,0.020000,-0.040000,0.020000
1241.149171,0.010000,-0.020000,0.010000
1241.149171,0.000000,-0.010000,0.010000
1241.245491,0.010000,-0.020000,0.020000
1241.245491,0.010000,-0.060000,0.020000
1241.245491,0.010000,-0.080000,0.020000
1241.245491,0.000000,-0.080000,0.010000
1241.245491,0.000000,-0.040000,0.010000
1241.341821,0.000000,-0.010000,0.000000
1241.341821,0.000000,-0.020000,0.010000
1241.341821,0.000000,-0.030000,0.010000
1241.341821,0.010000,-0.050000,0.010000
1241.341821,0.010000,-0.050000,0.000000
1241.438131,0.000000,-0.030000,0.000000
1241.438131,0.000000,-0.010000,0.000000
1241.438131,0.000000,-0.010000,0.000000
1241.438131,-0.010000,0.000000,0.000000
1241.438131,-0.010000,0.000000,0.010000
1241.534401,0.000000,-0.020000,0.010000
1241.534401,0.000000,-0.030000,0.010000
1241.534401,0.000000,-0.030000,0.010000
1241.534401,0.000000,-0.020000,0.010000
1241.534401,0.000000,-0.020000,0.010000
1241.630701,-0.010000,-0.030000,0.010000
1241.630701,0.000000,-0.030000,0.010000
1241.630701,0.000000,-0.030000,0.010000
1241.630701,0.000000,-0.020000,0.010000
1241.630701,0.000000,-0.030000,0.010000
1241.726991,-0.010000,-0.030000,0.000000
1241.726991,-0.010000,-0.010000,0.000000
1241.726991,-0.010000,0.000000,0.000000
1241.726991,0.000000,-0.020000,0.000000
1241.726991,0.000000,-0.030000,0.000000
1241.823281,0.000000,-0.020000,0.000000
1241.823281,0.000000,-0.020000,0.000000
1241.823281,0.000000,-0.020000,0.000000
1241.823281,0.000000,-0.020000,0.000000
1241.823281,0.000000,-0.010000,0.000000
1241.919571,0.000000,-0.030000,0.000000
1241.919571,0.000000,-0.030000,0.000000
1241.919571,0.000000,-0.020000,0.000000
1241.919571,0.000000,-0.020000,0.000000
1241.919571,0.000000,-0.020000,0.000000
1242.015871,0.010000,-0.030000,0.000000
1242.015871,0.000000,-0.030000,0.000000
1242.015871,0.000000,-0.030000,0.000000
1242.015871,0.000000,-0.020000,0.000000
1242.015871,0.000000,-0.020000,0.000000
1242.112161,0.000000,-0.040000,0.000000
1242.112161,0.010000,-0.030000,0.000000
1242.112161,0.010000,-0.030000,0.000000
1242.112161,0.000000,-0.020000,0.000000
1242.112161,0.000000,-0.030000,0.000000
1242.208441,0.010000,-0.040000,0.000000
1242.208441,0.010000,-0.030000,0.000000
1242.208441,0.000000,-0.020000,0.000000
1242.208441,0.000000,-0.010000,-0.010000
1242.208441,0.000000,-0.020000,0.000000
1242.304731,0.000000,-0.030000,0.000000
1242.304731,0.000000,-0.020000,-0.010000
1242.304731,0.000000,-0.010000,-0.010000
1242.304731,0.000000,0.000000,0.000000
1242.304731,0.010000,-0.020000,0.000000
1242.401041,0.010000,-0.030000,0.000000
1242.401041,0.000000,-0.040000,0.000000
1242.401041,0.000000,-0.050000,0.000000
1242.401041,0.000000,-0.020000,-0.010000
1242.401041,0.000000,0.000000,-0.010000
1242.497341,0.000000,-0.020000,-0.010000
1242.497341,0.000000,-0.010000,0.000000
1242.497341,0.000000,0.000000,0.000000
1242.497341,0.000000,-0.010000,0.000000
1242.497341,0.020000,-0.030000,0.000000
1242.596291,0.010000,-0.040000,0.000000
1242.596291,0.010000,-0.030000,0.000000
1242.596291,0.010000,-0.020000,0.000000
1242.596291,0.000000,-0.030000,0.000000
1242.596291,0.000000,-0.030000,0.000000
1242.692561,0.000000,-0.020000,0.000000
1242.692561,0.000000,-0.020000,0.000000
1242.692561,0.000000,-0.030000,0.000000
1242.692561,0.000000,-0.030000,0.000000
1242.692561,0.010000,-0.040000,0.000000
1242.788811,0.000000,-0.020000,0.000000
1242.788811,0.000000,-0.010000,0.000000
1242.788811,0.010000,-0.030000,0.000000
1242.788811,0.000000,-0.030000,0.000000
1242.788811,0.010000,-0.030000,0.000000
1352.566207,-2.790000,1.580000,0.160000
1352.566207,-3.050000,1.250000,0.190000
1352.566207,-4.410000,1.830000,0.930000
1352.566207,-3.250000,2.690000,0.040000
1352.566207,-2.300000,3.620000,-0.270000
1352.662437,-1.940000,7.210000,0.050000
1352.662437,-1.560000,7.280000,0.300000
1352.662437,-0.830000,5.820000,0.690000
1352.662437,-1.890000,2.210000,0.990000
1352.662437,-2.230000,1.300000,1.420000
1352.758657,-0.170000,-1.950000,2.600000
1352.758657,1.060000,-2.730000,2.510000
1352.758657,3.750000,-2.510000,2.030000
1352.758657,5.200000,0.690000,1.680000
1352.758657,4.940000,3.420000,1.540000
1352.854867,3.180000,6.410000,1.420000
1352.854867,3.150000,6.800000,1.720000
1352.854867,3.300000,8.480000,2.140000
1352.854867,2.590000,9.850000,1.830000
1352.854867,1.460000,8.870000,1.290000
1352.951067,0.120000,1.910000,1.000000
1352.951067,0.580000,-0.810000,0.840000
1352.951067,1.150000,-3.930000,-0.440000
1352.951067,0.480000,-3.980000,-1.810000
1352.951067,-0.190000,-2.610000,-2.680000
1353.047267,-1.140000,-9.640000,-2.050000
1353.047267,-0.480000,-10.000000,-0.880000
1353.047267,-3.340000,-5.360000,0.120000
1353.047267,-3.690000,-3.190000,-0.470000
1353.047267,-4.330000,0.480000,-0.900000
1353.143477,0.520000,3.780000,-1.120000
1353.143477,0.520000,4.120000,-1.140000
1353.143477,-1.670000,4.220000,-1.250000
1353.143477,-1.540000,2.650000,-0.950000
1353.143477,-1.150000,1.650000,-0.770000
1353.239677,2.480000,-1.930000,-0.130000
1353.239677,2.760000,-3.130000,-0.150000
1353.239677,2.290000,-4.640000,-0.080000
1353.239677,0.100000,-4.170000,0.550000
1353.239677,-0.890000,-4.690000,0.730000
1353.335917,-3.100000,-2.460000,0.400000
1353.335917,-4.230000,-1.050000,0.460000
1353.335917,-2.040000,1.460000,-0.200000
1353.335917,-3.030000,2.320000,-0.730000
1353.335917,-3.900000,3.160000,-0.530000
1353.432097,0.010000,-1.230000,-0.780000
1353.432097,-0.410000,-2.910000,-0.820000
1353.432097,-1.750000,-4.520000,-0.390000
1353.432097,-2.160000,-5.250000,0.140000
1353.432097,-1.650000,-5.240000,0.300000
1353.528297,1.160000,0.640000,0.500000
1353.528297,1.970000,1.690000,0.490000
1353.528297,1.900000,3.920000,1.050000
1353.528297,2.380000,3.840000,2.000000
1353.528297,2.910000,3.740000,2.340000
1353.624497,4.450000,2.780000,3.070000
1353.624497,5.830000,2.040000,3.130000
1353.624497,7.090000,1.690000,3.080000
1353.624497,6.320000,0.780000,2.670000
1353.624497,6.100000,1.270000,2.420000
1353.720717,4.060000,2.910000,1.220000
1353.720717,1.870000,4.270000,1.010000
1353.720717,0.330000,5.380000,0.630000
1353.720717,-0.530000,4.640000,0.030000
1353.720717,-0.660000,2.840000,-0.520000
1353.816947,-1.380000,-0.790000,-2.230000
1353.816947,-2.250000,3.930000,-4.310000
1353.816947,-3.080000,-5.820000,-3.790000
1353.816947,-0.800000,-10.000000,-1.510000
1353.816947,0.400000,-9.770000,-0.810000
1353.913167,-4.520000,-2.440000,-0.460000
1353.913167,-4.480000,1.750000,-0.980000
1353.913167,-2.420000,1.860000,-0.810000
1353.913167,0.160000,5.160000,-0.770000
1353.913167,1.500000,5.860000,-0.940000
1354.009387,0.770000,2.160000,-0.680000
1354.009387,0.460000,-1.240000,-0.270000
1354.009387,-0.240000,-3.320000,-0.260000
1354.009387,-0.410000,-4.820000,0.210000
1354.009387,-0.380000,-5.190000,0.490000
1354.105637,-1.390000,-5.450000,0.010000
1354.105637,-3.170000,-1.970000,-0.080000
1354.105637,-5.210000,-0.030000,0.090000
1354.105637,-2.130000,0.100000,-1.330000
1354.105637,-2.970000,1.060000,-0.960000
1354.201867,-1.440000,0.170000,-0.260000
1354.201867,0.170000,-3.250000,-0.520000
1354.201867,-1.200000,-4.590000,0.040000
1354.201867,-3.190000,-2.230000,0.680000
1354.201867,-2.790000,-0.530000,0.570000
1354.298077,0.170000,3.880000,0.050000
1354.298077,0.920000,5.610000,0.560000
1354.298077,1.560000,6.870000,1.390000
1354.298077,1.910000,6.960000,2.120000
1354.298077,1.790000,4.830000,2.460000
1354.394277,3.270000,0.070000,3.260000
1354.394277,5.300000,-1.130000,3.360000
1354.394277,7.090000,-1.920000,2.790000
1354.394277,7.770000,-1.930000,2.150000
1354.394277,7.420000,-1.130000,1.860000
1354.490487,5.000000,3.190000,1.410000
1354.490487,3.250000,5.140000,1.220000
1354.490487,1.160000,6.160000,1.110000
1354.490487,0.400000,4.490000,1.100000
1354.490487,0.530000,3.610000,0.860000
1354.586707,-0.710000,-1.870000,-1.510000
1354.586707,-2.750000,3.130000,-4.450000
1354.586707,-4.420000,2.890000,-5.910000
1354.586707,-2.070000,-10.000000,-2.370000
1354.586707,0.430000,-10.000000,-1.240000
1354.682917,-4.410000,-0.980000,0.020000
1354.682917,-5.000000,-4.000000,-0.380000
1354.682917,-3.380000,3.350000,-0.600000
1354.682917,-0.780000,4.420000,-0.760000
1354.682917,0.080000,6.150000,-0.840000
1354.779147,0.220000,4.180000,-0.840000
1354.779147,0.020000,1.840000,-0.400000
1354.779147,-0.650000,-2.080000,-0.240000
1354.779147,-0.040000,-3.010000,-0.260000
1354.779147,0.290000,-4.200000,-0.200000
1354.875377,-0.250000,-5.030000,0.190000
1354.875377,-2.420000,-4.700000,-0.350000
1354.875377,-4.010000,-4.040000,-0.330000
1354.875377,-4.390000,-3.500000,-0.380000
1354.875377,-5.310000,-2.610000,-0.150000
1354.971617,-3.810000,-0.820000,-1.580000
1354.971617,-5.290000,2.860000,-0.690000
1354.971617,-2.060000,1.620000,-0.810000
1354.971617,-0.780000,3.070000,-0.590000
1354.971617,-0.430000,3.170000,-0.350000
1355.067847,-1.020000,0.950000,0.110000
1355.067847,-0.840000,0.400000,1.130000
1355.067847,0.460000,0.180000,1.970000
1355.067847,1.680000,-0.130000,2.070000
1355.067847,4.900000,-0.630000,2.060000
1355.164087,8.890000,-2.190000,2.410000
1355.164087,9.200000,-2.700000,2.290000
1355.164087,6.110000,-1.930000,2.010000
1355.164087,5.620000,1.080000,1.320000
1355.164087,5.380000,3.710000,0.940000
1355.260307,6.370000,7.680000,0.510000
1355.260307,3.860000,9.950000,0.840000
1355.260307,-0.290000,7.510000,1.120000
1355.260307,-1.640000,5.340000,1.540000
1355.260307,-1.350000,1.910000,0.840000
1355.356527,-0.440000,-4.450000,-2.300000
1355.356527,-2.890000,2.350000,-4.840000
1355.356527,-2.610000,-3.200000,-4.850000
1355.356527,-1.960000,-9.700000,-1.780000
1355.356527,1.810000,-8.370000,-0.900000
1355.452747,-5.610000,-5.600000,-0.030000
1355.452747,-4.480000,-1.200000,-0.490000
1355.452747,-2.150000,1.380000,-0.910000
1355.452747,-1.240000,3.190000,-1.120000
1355.452747,0.750000,4.860000,-1.100000
1355.548957,0.000000,2.290000,-0.780000
1355.548957,-0.250000,0.600000,-0.430000
1355.548957,-0.840000,-1.530000,-0.310000
1355.548957,-0.810000,-1.600000,-0.200000
1355.548957,-0.260000,-2.670000,-0.070000
1355.645187,-0.250000,-3.750000,0.200000
1355.645187,-1.020000,-2.780000,0.100000
1355.645187,-1.830000,-2.140000,-0.210000
1355.645187,-2.110000,-1.740000,-0.450000
1355.645187,-2.400000,-1.480000,-1.120000
1355.741427,-3.230000,-0.430000,-1.440000
1355.741427,-3.510000,-0.580000,-1.420000
1355.741427,-3.460000,-1.020000,-1.500000
1355.741427,-3.800000,-0.550000,-1.310000
1355.741427,-2.990000,-0.390000,-0.420000
1355.837637,-0.250000,-2.050000,0.090000
1355.837637,-1.190000,-0.370000,0.520000
1355.837637,-1.010000,0.590000,1.260000
1355.837637,-0.170000,0.280000,1.600000
1355.837637,2.530000,0.940000,2.160000
1355.933867,6.460000,-0.600000,1.850000
1355.933867,8.110000,-0.700000,1.640000
1355.933867,7.920000,1.090000,1.690000
1355.933867,7.080000,1.230000,1.710000
1355.933867,5.470000,1.660000,1.630000
1356.030077,5.340000,3.960000,2.090000
1356.030077,5.920000,4.280000,2.100000
1356.030077,5.820000,4.240000,1.750000
1356.030077,4.800000,3.770000,1.710000
1356.030077,2.550000,4.120000,1.480000
1356.126287,0.890000,-0.300000,2.010000
1356.126287,1.310000,-3.270000,1.420000
1356.126287,0.360000,-4.520000,-0.970000
1356.126287,0.540000,-4.630000,-3.120000
1356.126287,-4.140000,-2.310000,-2.580000
1356.222517,-2.040000,-9.520000,0.460000
1356.222517,-2.000000,-9.730000,-0.470000
1356.222517,-3.100000,3.500000,0.030000
1356.222517,-2.790000,5.000000,-0.350000
1356.222517,-2.420000,6.270000,-1.710000
1356.318737,0.390000,7.570000,-0.600000
1356.318737,-0.400000,4.510000,-0.440000
1356.318737,-0.760000,0.100000,-0.300000
1356.318737,-0.590000,-2.080000,-0.130000
1356.318737,0.310000,-3.380000,0.320000
1356.414907,2.000000,-5.490000,0.780000
1356.414907,1.470000,-5.470000,0.910000
1356.414907,0.740000,-3.040000,1.030000
1356.414907,0.220000,-2.160000,1.040000
1356.414907,-0.530000,-0.910000,0.790000
1408.131340,-2.360000,1.630000,0.410000
1408.131340,-1.610000,4.150000,0.400000
1408.131340,-0.060000,1.450000,-0.670000
1408.131340,0.300000,-0.310000,-0.860000
1408.131340,-0.030000,-1.370000,-0.540000
1408.227640,-0.650000,-1.790000,-0.300000
1408.227640,-0.400000,-2.680000,-0.190000
1408.227640,-0.220000,-2.750000,0.060000
1408.227640,-0.140000,-2.340000,0.090000
1408.227640,-0.060000,-1.330000,-0.020000
1408.323920,-0.240000,-0.070000,0.050000
1408.323920,-0.170000,0.270000,0.120000
1408.323920,0.100000,0.660000,0.080000
1408.323920,0.130000,0.770000,0.090000
1408.323920,-0.090000,0.580000,0.120000
1408.420190,-0.350000,-0.110000,0.230000
1408.420190,-0.150000,-0.660000,0.230000
1408.420190,-0.060000,-0.950000,0.200000
1408.420190,-0.120000,-0.990000,0.200000
1408.420190,-0.330000,-1.030000,0.240000
1408.516440,-0.440000,-0.920000,0.180000
1408.516440,-0.300000,-0.600000,0.160000
1408.516440,-0.300000,-0.440000,0.180000
1408.516440,-0.370000,-0.410000,0.200000
1408.516440,-0.550000,-0.440000,0.280000
1408.612720,-0.450000,-0.780000,0.400000
1408.612720,-0.260000,-0.840000,0.470000
1408.612720,-0.290000,-1.130000,0.600000
1408.612720,-0.280000,-1.200000,0.670000
1408.612720,-0.110000,-1.190000,0.840000
1408.709000,0.270000,-1.410000,1.140000
1408.709000,0.360000,-1.660000,1.230000
1408.709000,0.390000,-2.050000,1.180000
1408.709000,0.430000,-2.040000,1.140000
1408.709000,0.600000,-1.730000,1.020000
1408.805290,1.020000,-1.750000,0.960000
1408.805290,1.290000,-2.350000,0.970000
1408.805290,0.940000,-4.910000,1.170000
1408.805290,0.740000,-8.160000,1.360000
1408.805290,1.940000,-10.000000,2.040000
1408.901580,3.580000,-10.000000,2.130000
1408.901580,1.540000,-10.000000,2.020000
1408.901580,-1.050000,-9.740000,2.300000
1408.901580,-1.340000,-8.790000,2.040000
1408.901580,-1.130000,-1.990000,0.760000
1408.997860,0.490000,5.850000,-1.470000
1408.997860,1.410000,7.210000,-1.060000
1408.997860,-0.580000,7.090000,-0.350000
1408.997860,-1.330000,6.200000,0.000000
1408.997860,-1.790000,2.540000,0.220000
1409.094150,-1.350000,-2.110000,0.020000
1409.094150,-0.030000,-4.070000,0.540000
1409.094150,1.500000,-5.880000,0.640000
1409.094150,2.090000,-6.500000,0.570000
1409.094150,2.470000,-7.210000,0.690000
1409.190440,-0.110000,-5.150000,0.830000
1409.190440,0.020000,-3.230000,0.580000
1409.190440,0.730000,-1.590000,0.200000
1409.190440,1.190000,-0.930000,0.130000
1409.190440,1.330000,-0.400000,0.170000
1409.286690,-0.100000,-1.550000,0.150000
1409.286690,-1.150000,-2.920000,-0.250000
1409.286690,-1.440000,-3.390000,-0.500000
1409.286690,-1.240000,-3.820000,-0.520000
1409.286690,-1.100000,-5.170000,-0.340000
1409.382950,-1.690000,-2.150000,-0.290000
1409.382950,0.120000,4.000000,-2.080000
1409.382950,0.140000,3.750000,-2.010000
1409.382950,-1.050000,2.050000,-1.560000
1409.382950,-3.150000,2.030000,-0.720000
1409.479210,-2.070000,3.330000,-1.020000
1409.479210,0.210000,0.950000,-1.230000
1409.479210,1.800000,0.090000,-0.760000
1409.479210,1.180000,-1.150000,-0.600000
1409.479210,-0.210000,-2.000000,-0.560000
1409.575520,-0.270000,-3.170000,-0.560000
1409.575520,0.210000,-2.390000,-0.560000
1409.575520,0.370000,-0.750000,-0.440000
1409.575520,0.480000,-0.460000,-0.360000
1409.575520,0.280000,0.560000,-0.260000
1409.671790,0.290000,1.080000,-0.150000
1409.671790,0.620000,1.050000,-0.080000
1409.671790,0.760000,0.900000,-0.110000
1409.671790,0.610000,0.610000,-0.120000
1409.671790,0.140000,-0.210000,0.000000
1409.768060,-0.040000,-0.970000,0.020000
1409.768060,-0.010000,-1.200000,-0.010000
1409.768060,-0.020000,-1.340000,-0.010000
1409.768060,-0.030000,-1.350000,-0.020000
1409.768060,0.010000,-1.210000,-0.120000
1409.864320,0.100000,-0.260000,-0.320000
1409.864320,-0.040000,0.680000,-0.430000
1409.864320,-0.260000,0.880000,-0.500000
1409.864320,-0.360000,0.770000,-0.490000
1409.864320,-0.530000,0.280000,-0.560000
1409.960610,-0.920000,-0.890000,-0.720000
1409.960610,-1.320000,-1.340000,-0.840000
1409.960610,-1.570000,-1.450000,-0.940000
1409.960610,-1.660000,-1.430000,-0.990000
1409.960610,-1.810000,-1.400000,-1.050000
1410.056910,-1.570000,-1.640000,-1.170000
1410.056910,-1.430000,-2.650000,-0.980000
1410.056910,-1.970000,-5.450000,-0.520000
1410.056910,-2.670000,-6.610000,-0.590000
1410.056910,-4.080000,-5.420000,-1.110000
1410.153180,-4.740000,-3.000000,-0.960000
1410.153180,-2.260000,-1.700000,-0.680000
1410.153180,1.200000,-0.640000,-1.010000
1410.153180,2.330000,-1.320000,-0.910000
1410.153180,2.440000,-2.850000,-0.380000
1410.249460,1.170000,-3.090000,0.640000
1410.249460,1.100000,-1.130000,0.690000
1410.249460,2.590000,0.650000,0.200000
1410.249460,3.550000,1.790000,0.000000
1410.249460,5.150000,3.030000,-0.030000
1410.345720,6.500000,3.270000,0.590000
1410.345720,6.570000,3.260000,0.800000
1410.345720,5.360000,3.050000,1.030000
1410.345720,4.760000,3.100000,1.420000
1410.345720,4.350000,2.220000,2.160000
1410.442010,4.690000,0.730000,2.140000
1410.442010,5.280000,0.150000,1.650000
1410.442010,4.950000,0.050000,1.240000
1410.442010,4.430000,0.080000,1.100000
1410.442010,3.240000,0.140000,0.910000
1410.538280,2.150000,0.200000,0.650000
1410.538280,1.570000,0.280000,0.130000
1410.538280,0.820000,0.190000,-0.480000
1410.538280,0.130000,-0.050000,-0.680000
1410.538280,-1.650000,0.770000,-0.650000
1410.634540,-0.360000,-1.990000,-1.200000
1410.634540,-0.320000,-4.220000,-0.880000
1410.634540,-3.890000,-3.020000,-1.180000
1410.634540,-4.830000,-2.230000,-1.510000
1410.634540,-2.060000,2.670000,-0.110000
1410.730810,-0.730000,4.020000,-0.560000
1410.730810,-1.790000,3.160000,-0.340000
1410.730810,-1.710000,0.710000,-0.060000
1410.730810,-1.000000,-0.120000,-0.140000
1410.730810,0.260000,-0.400000,-0.570000
1410.827070,0.410000,-1.330000,-0.100000
1410.827070,-0.610000,-1.680000,0.140000
1410.827070,-0.350000,-1.690000,-0.010000
1410.827070,-0.060000,-1.460000,-0.060000
1410.827070,0.260000,-0.710000,-0.020000
1410.923340,-0.160000,0.170000,-0.050000
1410.923340,-0.650000,0.020000,0.010000
1410.923340,-0.560000,-0.380000,0.020000
1410.923340,-0.400000,-0.630000,-0.010000
1410.923340,-0.190000,-1.050000,-0.130000
1411.019610,-0.430000,-1.260000,-0.130000
1411.019610,-0.460000,-1.420000,-0.110000
1411.019610,-0.310000,-1.290000,-0.110000
1411.019610,-0.240000,-1.090000,-0.120000
1411.019610,-0.290000,-0.680000,-0.190000
1411.115910,-0.770000,-0.420000,-0.210000
1411.115910,-0.830000,-0.380000,-0.240000
1411.115910,-0.790000,-0.360000,-0.340000
1411.115910,-0.770000,-0.420000,-0.400000
1411.115910,-0.860000,-0.570000,-0.440000
1411.212200,-1.530000,-0.450000,-0.400000
1411.212200,-1.550000,-0.620000,-0.460000
1411.212200,-1.430000,-0.940000,-0.610000
1411.212200,-1.470000,-1.230000,-0.650000
1411.212200,-1.940000,-1.830000,-0.600000
1411.308490,-1.620000,-2.230000,-0.600000
1411.308490,-1.060000,-1.820000,-0.390000
1411.308490,-1.260000,-5.210000,-0.110000
1411.308490,-2.050000,-7.120000,-0.200000
1411.308490,-3.710000,-5.620000,-0.440000
1411.404800,-3.210000,-2.820000,-0.800000
1411.404800,-1.150000,-1.540000,-0.460000
1411.404800,1.120000,-1.970000,0.070000
1411.404800,2.310000,-3.690000,0.260000
1411.404800,4.300000,-6.630000,0.240000
1411.501090,4.070000,-4.700000,0.830000
1411.501090,3.280000,-1.520000,0.640000
1411.501090,3.060000,1.040000,0.340000
1411.501090,3.370000,2.180000,0.230000
1411.501090,4.530000,4.450000,0.340000
1411.597400,4.420000,5.740000,0.570000
1411.597400,2.730000,5.010000,0.470000
1411.597400,1.560000,4.270000,0.510000
1411.597400,1.090000,3.970000,0.450000
1411.597400,0.510000,3.960000,0.490000
1411.693660,-0.390000,6.940000,-2.040000
1411.693660,-2.380000,5.250000,-1.100000
1411.693660,-1.050000,-2.610000,1.340000
1411.693660,0.070000,-5.190000,1.760000
1411.693660,1.860000,-3.910000,0.550000
1411.789900,-0.120000,-4.960000,-0.420000
1411.789900,1.160000,-2.900000,-0.320000
1411.789900,1.210000,-0.540000,0.320000
1411.789900,0.420000,-0.140000,0.070000
1411.789900,-0.460000,0.400000,-0.330000
1411.886190,-0.130000,1.330000,-0.530000
1411.886190,0.220000,1.150000,-0.540000
1411.886190,0.390000,0.820000,-0.480000
1411.886190,0.240000,0.550000,-0.420000
1411.886190,-0.240000,-0.020000,-0.240000
1411.982470,-0.200000,-0.740000,-0.070000
1411.982470,0.080000,-0.730000,-0.130000
1411.982470,0.200000,-0.340000,-0.210000
1411.982470,0.160000,-0.140000,-0.240000
1411.982470,0.000000,0.240000,-0.240000
1495.853685,-1.180000,-0.230000,0.110000
1495.853685,-1.080000,0.110000,0.000000
1495.853685,-0.950000,0.210000,-0.130000
1495.853685,-0.860000,0.260000,-0.190000
1495.853685,-0.510000,0.180000,-0.240000
1495.949905,-0.250000,-0.950000,-0.180000
1495.949905,-0.200000,-1.760000,-0.250000
1495.949905,0.000000,-2.380000,-0.280000
1495.949905,0.110000,-2.580000,-0.290000
1495.949905,0.270000,-2.790000,-0.320000
1496.046125,0.420000,-3.020000,-0.320000
1496.046125,0.490000,-3.230000,-0.340000
1496.046125,0.550000,-3.560000,-0.370000
1496.046125,0.570000,-3.730000,-0.390000
1496.046125,0.620000,-3.920000,-0.400000
1496.142355,0.560000,-3.840000,-0.330000
1496.142355,0.350000,-3.610000,-0.260000
1496.142355,0.260000,-3.130000,-0.250000
1496.142355,0.250000,-2.780000,-0.260000
1496.142355,0.290000,-2.030000,-0.270000
1496.238545,0.370000,-0.990000,-0.320000
1496.238545,0.320000,-0.720000,-0.260000
1496.238545,0.230000,-0.620000,-0.180000
1496.238545,0.180000,-0.630000,-0.140000
1496.238545,0.100000,-0.570000,-0.080000
1496.337405,0.100000,-0.260000,-0.100000
1496.337405,0.100000,-0.070000,-0.100000
1496.337405,0.120000,0.040000,-0.110000
1496.337405,0.130000,0.120000,-0.130000
1496.337405,0.190000,0.260000,-0.200000
1496.433595,0.380000,0.320000,-0.270000
1496.433595,0.430000,0.230000,-0.270000
1496.433595,0.550000,-0.060000,-0.250000
1496.433595,0.700000,-0.550000,-0.190000
1496.433595,0.770000,-0.750000,-0.170000
1496.529775,1.220000,-1.460000,0.000000
1496.529775,1.340000,-1.710000,0.100000
1496.529775,1.420000,-2.320000,0.320000
1496.529775,1.380000,-2.950000,0.430000
1496.529775,1.360000,-3.190000,0.450000
1496.625955,1.580000,-3.610000,0.330000
1496.625955,1.590000,-3.550000,0.310000
1496.625955,1.470000,-3.520000,0.340000
1496.625955,1.260000,-3.660000,0.440000
1496.625955,1.090000,-3.730000,0.460000
1496.722125,0.580000,-3.660000,0.440000
1496.722125,0.420000,-3.480000,0.390000
1496.722125,-0.040000,-2.910000,0.280000
1496.722125,-0.400000,-1.910000,0.130000
1496.722125,-0.470000,-1.310000,0.030000
1496.818315,-0.090000,0.120000,-0.270000
1496.818315,0.030000,0.620000,-0.370000
1496.818315,0.240000,1.150000,-0.510000
1496.818315,0.160000,1.450000,-0.500000
1496.818315,0.010000,1.590000,-0.590000
1496.914485,-0.240000,1.020000,-0.530000
1496.914485,-0.290000,0.550000,-0.480000
1496.914485,-0.420000,-0.640000,-0.330000
1496.914485,-0.770000,-1.080000,-0.200000
1496.914485,-0.790000,-1.340000,-0.240000
1497.010665,-0.310000,-0.070000,-0.470000
1497.010665,-0.200000,0.390000,-0.500000
1497.010665,-0.050000,0.990000,-0.540000
1497.010665,-0.130000,1.010000,-0.610000
1497.010665,-0.170000,0.790000,-0.570000
1497.106875,-0.370000,-0.590000,-0.360000
1497.106875,-0.470000,-0.770000,-0.310000
1497.106875,-0.520000,-0.870000,-0.200000
1497.106875,-0.470000,-0.660000,-0.190000
1497.106875,-0.410000,-0.450000,-0.210000
1497.203085,-0.130000,0.140000,-0.140000
1497.203085,-0.140000,0.040000,-0.130000
1497.203085,-0.240000,-0.270000,-0.090000
1497.203085,-0.280000,-0.610000,-0.010000
1497.203085,-0.300000,-0.740000,0.000000
1497.299285,-0.330000,-0.890000,0.030000
1497.299285,-0.380000,-0.760000,0.010000
1497.299285,-0.350000,-0.490000,-0.010000
1497.299285,-0.230000,-0.260000,-0.030000
1497.299285,-0.180000,-0.190000,-0.060000
1497.395485,-0.160000,-0.140000,-0.060000
1497.395485,-0.230000,-0.280000,-0.020000
1497.395485,-0.320000,-0.380000,-0.020000
1497.395485,-0.320000,-0.450000,0.000000
1497.395485,-0.290000,-0.430000,0.000000
1497.491705,-0.220000,-0.270000,-0.050000
1497.491705,-0.180000,-0.100000,-0.070000
1497.491705,-0.110000,0.050000,-0.080000
1497.491705,-0.060000,0.110000,-0.070000
1497.491705,-0.050000,0.030000,-0.050000
1497.587935,-0.050000,-0.270000,0.000000
1497.587935,-0.080000,-0.400000,0.040000
1497.587935,-0.100000,-0.450000,0.070000
1497.587935,-0.090000,-0.360000,0.060000
1497.587935,-0.070000,-0.290000,0.070000
1497.684175,0.020000,-0.130000,0.070000
1497.684175,0.000000,-0.250000,0.100000
1497.684175,-0.080000,-0.490000,0.130000
1497.684175,-0.150000,-0.650000,0.160000
1497.684175,-0.170000,-0.690000,0.180000
1497.780415,-0.200000,-0.710000,0.170000
1497.780415,-0.160000,-0.600000,0.150000
1497.780415,-0.100000,-0.470000,0.140000
1497.780415,-0.080000,-0.370000,0.130000
1497.780415,-0.100000,-0.380000,0.130000
1497.876655,-0.290000,-0.650000,0.150000
1497.876655,-0.370000,-0.790000,0.140000
1497.876655,-0.320000,-0.640000,0.090000
1497.876655,-0.250000,-0.340000,0.070000
1497.876655,-0.210000,-0.270000,0.080000
1497.972855,-0.300000,-0.460000,0.080000
1497.972855,-0.420000,-0.630000,0.140000
1497.972855,-0.450000,-0.770000,0.200000
1497.972855,-0.420000,-0.880000,0.220000
1497.972855,-0.400000,-0.930000,0.240000
1498.069075,-0.370000,-1.030000,0.320000
1498.069075,-0.420000,-1.060000,0.370000
1498.069075,-0.390000,-1.150000,0.460000
1498.069075,-0.310000,-1.270000,0.520000
1498.069075,-0.320000,-1.300000,0.500000
1498.165255,-0.680000,-1.210000,0.510000
1498.165255,-0.830000,-0.990000,0.470000
1498.165255,-0.810000,-0.640000,0.370000
1498.165255,-0.770000,-0.460000,0.310000
1498.165255,-0.750000,-0.460000,0.300000
1498.261445,-0.900000,-0.880000,0.280000
1498.261445,-1.020000,-1.270000,0.330000
1498.261445,-1.090000,-1.490000,0.330000
1498.261445,-1.040000,-1.380000,0.280000
1498.261445,-0.980000,-1.200000,0.250000
1498.357665,-0.850000,-0.420000,0.120000
1498.357665,-0.860000,0.060000,0.020000
1498.357665,-1.000000,0.290000,-0.050000
1498.357665,-1.240000,0.180000,-0.150000
1498.357665,-1.290000,0.000000,-0.190000
1498.453875,-1.490000,-0.210000,-0.360000
1498.453875,-1.530000,-0.160000,-0.440000
1498.453875,-1.560000,-0.370000,-0.510000
1498.453875,-1.580000,-0.170000,-0.640000
1498.453875,-1.610000,0.000000,-0.580000
1498.550085,-0.970000,-4.050000,0.680000
1498.550085,-0.330000,-7.370000,0.680000
1498.550085,0.770000,-9.850000,0.200000
1498.550085,1.540000,-9.770000,-0.140000
1498.550085,2.470000,-7.310000,-0.270000
1498.646305,2.010000,-0.940000,-0.920000
1498.646305,0.970000,2.800000,-1.260000
1498.646305,1.380000,4.140000,-0.920000
1498.646305,1.950000,4.080000,-0.500000
1498.646305,2.960000,3.110000,-0.470000
1498.742515,2.810000,1.010000,-0.370000
1498.742515,1.690000,-0.120000,-0.020000
1498.742515,1.200000,-0.360000,0.200000
1498.742515,1.160000,-0.230000,0.030000
1498.742515,1.550000,-0.020000,-0.070000
1498.838745,2.440000,0.720000,-0.250000
1498.838745,2.370000,1.270000,-0.340000
1498.838745,1.820000,1.440000,-0.370000
1498.838745,1.690000,1.290000,-0.320000
1498.838745,1.590000,1.050000,-0.180000
1498.934955,1.860000,0.370000,-0.160000
1498.934955,1.990000,0.290000,-0.180000
1498.934955,1.780000,0.450000,-0.160000
1498.934955,1.660000,0.540000,-0.170000
1498.934955,1.640000,0.650000,-0.200000
1499.031165,1.690000,0.310000,-0.170000
1499.031165,1.480000,-0.140000,-0.080000
1499.031165,1.130000,-0.540000,-0.010000
1499.031165,0.960000,-0.660000,0.000000
1499.031165,0.700000,-0.710000,-0.010000
1499.127375,0.460000,-0.650000,-0.040000
1499.127375,0.260000,-0.840000,0.000000
1499.127375,-0.120000,-1.060000,0.010000
1499.127375,-0.290000,-1.190000,0.020000
1499.127375,-0.540000,-1.450000,0.070000
1499.223615,-0.980000,-1.370000,-0.010000
1499.223615,-1.090000,-1.280000,0.010000
1499.223615,-1.040000,-2.100000,0.150000
1499.223615,-1.010000,-2.660000,0.430000
1499.223615,-0.090000,-2.060000,0.520000
1499.319815,0.710000,2.340000,-0.680000
1499.319815,0.630000,2.390000,-0.720000
1499.319815,0.080000,3.910000,-1.220000
1499.319815,0.000000,3.350000,-1.180000
1499.319815,-0.210000,2.350000,-0.740000
1499.416025,-0.710000,0.590000,-0.580000
1499.416025,-0.590000,-0.510000,-0.320000
1499.416025,-0.520000,-1.300000,-0.250000
1499.416025,-0.670000,-1.270000,-0.220000
1499.416025,-0.960000,-1.010000,-0.210000
1499.512245,-0.910000,0.120000,-0.380000
1499.512245,-0.650000,0.660000,-0.560000
1499.512245,-0.380000,1.040000,-0.760000
1499.512245,-0.330000,1.160000,-0.810000
1499.512245,-0.410000,1.210000,-0.790000
1499.608435,-0.630000,1.020000,-0.740000
1499.608435,-0.640000,0.540000,-0.630000
1499.608435,-0.650000,0.020000,-0.540000
1499.608435,-0.660000,-0.170000,-0.530000
1499.608435,-0.720000,-0.290000,-0.540000
1499.704655,-0.660000,0.530000,-0.520000
1499.704655,-0.570000,1.050000,-0.490000
1499.704655,-0.490000,0.900000,-0.460000
1499.704655,-0.430000,0.700000,-0.430000
1499.704655,-0.360000,0.150000,-0.330000
1612.936001,-0.010000,-1.920000,1.360000
1612.936001,-0.480000,-0.900000,1.390000
1612.936001,-0.800000,-0.340000,1.530000
1612.936001,-0.900000,-0.360000,1.680000
1612.936001,-1.070000,-0.810000,2.000000
1613.032261,-1.250000,-1.700000,2.220000
1613.032261,-1.360000,-1.700000,2.250000
1613.032261,-1.340000,-0.880000,2.130000
1613.032261,-1.260000,-0.280000,1.980000
1613.032261,-0.950000,1.010000,1.520000
1613.128481,-0.530000,1.880000,0.800000
1613.128481,-0.570000,1.490000,0.490000
1613.128481,-0.590000,0.650000,0.320000
1613.128481,-0.550000,0.040000,0.230000
1613.128481,-0.470000,-1.330000,0.000000
1613.224691,-0.760000,-2.980000,0.030000
1613.224691,-1.160000,-3.300000,0.060000
1613.224691,-1.220000,-3.330000,-0.060000
1613.224691,-1.290000,-3.460000,-0.070000
1613.224691,-2.280000,-2.820000,0.100000
1613.320921,-0.850000,-0.620000,-0.680000
1613.320921,0.020000,0.820000,-0.910000
1613.320921,0.900000,-0.110000,-0.880000
1613.320921,-0.440000,0.330000,-0.340000
1613.320921,-0.960000,-3.140000,0.180000
1613.417201,-1.430000,-4.050000,0.700000
1613.417201,-1.470000,-0.390000,0.190000
1613.417201,-1.300000,2.600000,-0.370000
1613.417201,-0.930000,3.220000,-0.570000
1613.417201,0.040000,3.510000,-0.490000
1613.513461,0.280000,0.580000,-0.510000
1613.513461,-0.710000,-0.630000,-0.430000
1613.513461,-0.860000,-0.510000,-0.380000
1613.513461,-0.880000,-0.810000,-0.320000
1613.513461,-0.720000,-1.050000,-0.170000
1613.609711,-0.390000,-0.820000,-0.410000
1613.609711,-0.160000,-0.430000,-0.320000
1613.609711,-0.140000,-0.610000,-0.430000
1613.609711,-0.190000,-0.760000,-0.380000
1613.609711,-0.430000,-0.720000,-0.230000
1613.705951,-0.580000,-0.500000,-0.270000
1613.705951,-0.340000,-0.560000,-0.250000
1613.705951,-0.150000,-0.470000,-0.290000
1613.705951,-0.130000,-0.400000,-0.320000
1613.705951,-0.150000,-0.390000,-0.320000
1613.802201,-0.180000,-0.490000,-0.290000
1613.802201,-0.140000,-0.540000,-0.260000
1613.802201,0.000000,-0.380000,-0.240000
1613.802201,0.040000,-0.320000,-0.240000
1613.802201,0.050000,-0.410000,-0.240000
1613.898441,0.010000,-0.330000,-0.210000
1613.898441,-0.130000,-0.370000,-0.170000
1613.898441,-0.140000,-0.440000,-0.130000
1613.898441,-0.110000,-0.410000,-0.130000
1613.898441,-0.040000,-0.350000,-0.110000
1613.994711,-0.060000,-0.420000,-0.040000
1613.994711,-0.230000,-0.440000,-0.010000
1613.994711,-0.420000,-0.480000,0.040000
1613.994711,-0.450000,-0.440000,0.070000
1613.994711,-0.430000,-0.360000,0.070000
1614.090951,-0.440000,-0.260000,0.130000
1614.090951,-0.540000,-0.250000,0.150000
1614.090951,-0.640000,-0.130000,0.200000
1614.090951,-0.650000,-0.090000,0.230000
1614.090951,-0.600000,-0.150000,0.240000
1614.187221,-0.640000,-0.120000,0.290000
1614.187221,-0.710000,0.120000,0.340000
1614.187221,-0.680000,0.330000,0.410000
1614.187221,-0.690000,0.330000,0.510000
1614.187221,-0.810000,-0.150000,0.490000
1614.283491,-0.900000,0.020000,0.660000
1614.283491,-1.020000,-0.050000,0.700000
1614.283491,-1.100000,-0.260000,0.680000
1614.283491,-1.100000,-0.380000,0.710000
1614.283491,-1.000000,-0.540000,0.750000
1614.379691,-0.750000,-0.530000,0.720000
1614.379691,-0.790000,-0.410000,0.740000
1614.379691,-0.980000,-0.570000,0.860000
1614.379691,-1.090000,-0.660000,0.950000
1614.379691,-1.250000,-0.780000,1.090000
1614.475881,-1.200000,-0.700000,1.160000
1614.475881,-1.170000,-0.690000,1.210000
1614.475881,-1.460000,-0.850000,1.390000
1614.475881,-1.910000,-1.070000,1.460000
1614.475881,-2.620000,-1.760000,1.510000
1614.572091,-2.790000,-2.200000,1.310000
1614.572091,-2.690000,-1.550000,0.890000
1614.572091,-2.700000,-1.270000,0.600000
1614.572091,-2.790000,-1.340000,0.520000
1614.572091,-2.990000,-1.860000,0.520000
1614.668311,-3.040000,-4.500000,0.810000
1614.668311,-2.670000,-5.500000,0.900000
1614.668311,-1.810000,-4.570000,0.540000
1614.668311,-1.090000,-3.810000,0.230000
1614.668311,0.370000,-0.910000,-0.490000
1614.764481,1.410000,2.870000,-1.620000
1614.764481,1.760000,3.630000,-1.840000
1614.764481,2.210000,3.220000,-1.730000
1614.764481,2.490000,2.740000,-1.760000
1614.764481,3.060000,1.610000,-2.040000
1614.860691,3.790000,0.050000,-2.300000
1614.860691,4.010000,-0.640000,-2.390000
1614.860691,3.820000,-0.460000,-2.380000
1614.860691,3.650000,-0.430000,-2.380000
1614.860691,3.420000,-0.520000,-2.520000
1614.956891,3.480000,-0.540000,-2.580000
1614.956891,3.290000,-0.680000,-2.590000
1614.956891,2.760000,-0.730000,-2.480000
1614.956891,2.630000,-0.570000,-2.420000
1614.956891,2.600000,-0.320000,-2.310000
1615.055701,2.360000,-0.060000,-2.120000
1615.055701,2.060000,-0.070000,-1.940000
1615.055701,1.790000,-0.260000,-1.690000
1615.055701,1.530000,-0.480000,-1.510000
1615.055701,0.940000,-1.090000,-1.120000
1615.154541,0.550000,-1.130000,-0.410000
1615.154541,0.160000,-0.420000,-0.290000
1615.154541,-0.150000,0.280000,-0.030000
1615.154541,-0.620000,0.540000,0.280000
1615.154541,-0.740000,0.450000,0.410000
1615.250671,-1.050000,0.030000,0.700000
1615.250671,-1.430000,-0.140000,0.930000
1615.250671,-1.630000,0.050000,0.950000
1615.250671,-2.180000,1.000000,1.030000
1615.250671,-1.130000,1.570000,0.770000
1615.346811,-0.330000,1.350000,0.280000
1615.346811,-0.930000,1.000000,0.610000
1615.346811,-1.080000,0.630000,0.720000
1615.346811,-1.310000,-0.100000,0.810000
1615.346811,-1.120000,-0.580000,0.610000
1615.442951,-0.470000,1.440000,0.220000
1615.442951,-0.690000,1.930000,0.190000
1615.442951,-1.110000,1.760000,0.220000
1615.442951,-1.500000,1.170000,0.200000
1615.442951,-1.480000,0.670000,0.040000
1615.539091,-0.300000,-1.020000,0.000000
1615.539091,-0.230000,-0.960000,0.140000
1615.539091,-0.490000,-0.510000,0.130000
1615.539091,-0.900000,0.270000,0.180000
1615.539091,-0.980000,0.480000,0.180000
1615.635241,-0.380000,0.190000,0.050000
1615.635241,-0.260000,-0.120000,0.000000
1615.635241,-0.210000,-0.530000,0.000000
1615.635241,-0.440000,-0.550000,0.050000
1615.635241,-0.560000,-0.500000,0.070000
1615.731391,-0.400000,-0.260000,0.020000
1615.731391,-0.280000,-0.180000,0.000000
1615.731391,-0.130000,0.020000,-0.040000
1615.731391,-0.100000,0.290000,-0.040000
1615.731391,-0.190000,0.290000,0.000000
1615.827511,-0.550000,-0.290000,0.100000
1615.827511,-0.540000,-0.420000,0.110000
1615.827511,-0.430000,-0.500000,0.130000
1615.827511,-0.310000,-0.270000,0.120000
1615.827511,-0.280000,-0.130000,0.100000
1615.923631,-0.400000,0.050000,0.160000
1615.923631,-0.440000,0.000000,0.200000
1615.923631,-0.530000,-0.100000,0.280000
1615.923631,-0.610000,-0.180000,0.390000
1615.923631,-0.660000,-0.220000,0.460000
1616.019761,-1.050000,-0.340000,0.710000
1616.019761,-1.130000,-0.420000,0.760000
1616.019761,-1.190000,-0.700000,0.870000
1616.019761,-1.180000,-0.800000,0.930000
1616.019761,-1.180000,-0.820000,0.950000
1616.115901,-1.240000,-0.530000,1.130000
1616.115901,-1.230000,-0.440000,1.170000
1616.115901,-1.100000,-0.210000,1.280000
1616.115901,-0.980000,0.040000,1.360000
1616.115901,-0.990000,0.060000,1.400000
1616.212041,-1.650000,-0.180000,1.770000
1616.212041,-2.180000,-0.430000,1.820000
1616.212041,-3.340000,-1.650000,1.900000
1616.212041,-3.820000,-2.810000,1.970000
1616.212041,-3.800000,-2.520000,1.930000
1616.308201,-1.540000,-1.970000,0.720000
1616.308201,-1.370000,-1.420000,0.570000
1616.308201,-1.700000,-0.680000,0.170000
1616.308201,-2.320000,-0.560000,-0.090000
1616.308201,-2.560000,-0.980000,-0.240000
1616.404341,-1.280000,-3.060000,-0.940000
1616.404341,-0.610000,-3.090000,-1.210000
1616.404341,0.690000,-3.040000,-1.820000
1616.404341,1.580000,-1.290000,-2.530000
1616.404341,1.760000,-0.030000,-2.820000
1616.500471,1.930000,2.340000,-3.580000
1616.500471,2.310000,2.240000,-3.620000
1616.500471,3.440000,1.390000,-3.760000
1616.500471,4.480000,0.270000,-4.040000
1616.500471,4.720000,-0.420000,-4.140000
1616.596601,2.790000,-2.410000,-3.490000
1616.596601,2.510000,-2.830000,-3.490000
1616.596601,2.520000,-3.150000,-3.490000
1616.596601,2.840000,-3.890000,-3.620000
1616.596601,2.340000,-3.910000,-3.490000
1616.692731,0.540000,-4.900000,-2.370000
1616.692731,0.410000,-5.430000,-1.990000
1616.692731,0.060000,-6.450000,-1.130000
1616.692731,-0.470000,-6.860000,-0.260000
1616.692731,-0.630000,-6.450000,0.080000
1616.788861,-0.540000,-0.640000,0.800000
1616.788861,-0.660000,0.470000,1.010000
1616.788861,-0.210000,2.340000,1.510000
1616.788861,0.480000,5.000000,1.110000
1616.788861,0.790000,5.610000,0.690000
