0.096300,2.030000,7.030000,6.950000
0.096300,2.010000,6.970000,6.940000
0.096300,2.000000,6.930000,6.950000
0.096300,2.000000,6.940000,6.950000
0.096300,2.010000,6.960000,6.960000
0.192590,2.010000,7.020000,6.970000
0.192590,2.000000,6.990000,6.940000
0.192590,2.000000,7.000000,6.990000
0.192590,1.970000,6.970000,6.980000
0.192590,1.940000,6.950000,6.990000
0.288870,1.910000,6.970000,6.990000
0.288870,1.910000,6.970000,7.000000
0.288870,1.840000,6.980000,6.990000
0.288870,1.840000,6.980000,6.990000
0.288870,1.930000,6.920000,6.970000
0.385150,1.990000,6.900000,6.980000
0.385150,2.020000,6.930000,6.970000
0.385150,2.040000,6.950000,6.980000
0.385150,2.030000,6.960000,6.990000
0.385150,2.000000,6.950000,6.980000
0.481430,1.950000,6.930000,6.960000
0.481430,1.950000,7.010000,6.990000
0.481430,1.920000,7.010000,6.940000
0.481430,1.870000,7.080000,6.950000
0.481430,1.840000,7.100000,6.930000
0.577720,1.860000,7.050000,6.950000
0.577720,1.860000,7.020000,6.950000
0.577720,1.880000,7.030000,6.970000
0.577720,1.880000,7.010000,6.980000
0.577720,1.900000,7.050000,7.020000
0.673990,1.910000,7.020000,7.010000
0.673990,1.900000,6.960000,7.000000
0.673990,1.870000,6.850000,7.010000
0.673990,1.880000,6.820000,7.030000
0.673990,1.890000,6.840000,7.020000
0.770290,1.900000,6.960000,6.990000
0.770290,1.930000,6.980000,7.000000
0.770290,1.910000,6.960000,6.990000
0.770290,1.920000,6.960000,6.990000
0.770290,1.910000,6.970000,7.030000
0.866600,1.890000,6.980000,7.010000
0.866600,1.870000,7.020000,6.990000
0.866600,1.850000,7.030000,7.050000
0.866600,1.810000,7.020000,7.010000
0.866600,1.720000,7.030000,7.000000
0.962930,1.830000,6.890000,6.980000
0.962930,1.910000,6.900000,6.990000
0.962930,1.950000,7.000000,7.000000
0.962930,1.950000,7.070000,6.990000
0.962930,1.980000,7.100000,6.980000
1.059270,2.000000,6.980000,7.000000
1.059270,1.920000,6.900000,7.010000
1.059270,1.910000,6.960000,7.010000
1.059270,1.900000,6.960000,7.010000
1.059270,1.920000,6.990000,7.000000
1.155590,1.870000,7.000000,7.000000
1.155590,1.870000,6.940000,7.040000
1.155590,1.880000,6.900000,7.030000
1.155590,1.890000,6.890000,7.040000
1.155590,1.890000,6.850000,7.030000
1.251920,1.910000,6.800000,7.050000
1.251920,1.940000,6.760000,7.050000
1.251920,1.940000,6.790000,7.050000
1.251920,1.950000,6.840000,7.050000
1.251920,1.990000,6.900000,7.010000
1.348260,2.040000,7.000000,7.000000
1.348260,2.050000,7.020000,6.980000
1.348260,2.050000,7.030000,6.970000
1.348260,2.020000,7.030000,6.970000
1.348260,2.000000,7.040000,6.970000
1.444580,1.950000,7.030000,6.950000
1.444580,1.930000,7.030000,6.980000
1.444580,1.860000,6.960000,6.970000
1.444580,1.870000,6.960000,7.000000
1.444580,1.820000,6.910000,6.980000
1.540880,1.780000,6.850000,7.030000
1.540880,1.630000,6.830000,7.030000
1.540880,1.680000,6.860000,7.020000
1.540880,1.690000,6.850000,6.970000
1.540880,1.790000,6.900000,6.950000
1.637210,1.910000,7.140000,6.860000
1.637210,1.970000,7.260000,6.860000
1.637210,2.020000,7.310000,6.840000
1.637210,2.010000,7.300000,6.860000
1.637210,1.980000,7.260000,6.870000
1.733520,1.960000,7.200000,6.860000
1.733520,1.970000,7.150000,6.840000
1.733520,1.900000,7.160000,6.880000
1.733520,1.900000,7.120000,6.860000
1.733520,1.900000,7.080000,6.880000
1.829840,1.890000,7.040000,6.890000
1.829840,1.920000,7.060000,6.890000
1.829840,1.970000,7.060000,6.870000
1.829840,1.980000,7.060000,6.890000
1.829840,2.020000,7.020000,6.910000
1.926150,2.060000,7.010000,6.930000
1.926150,2.030000,6.980000,6.910000
1.926150,2.030000,7.040000,6.890000
1.926150,2.010000,7.060000,6.900000
1.926150,2.020000,7.110000,6.910000
2.022470,2.010000,7.090000,6.920000
2.022470,1.990000,7.060000,6.910000
2.022470,1.960000,7.040000,6.920000
2.022470,1.930000,7.020000,6.920000
2.022470,1.890000,7.020000,6.920000
2.118800,1.870000,7.030000,6.930000
2.118800,1.890000,7.040000,6.940000
2.118800,1.900000,7.030000,6.960000
2.118800,1.900000,7.020000,6.960000
2.118800,1.920000,7.030000,6.960000
2.215110,1.840000,7.010000,6.950000
2.215110,1.820000,7.020000,6.940000
2.215110,1.940000,7.020000,6.930000
2.215110,1.980000,7.030000,6.910000
2.215110,2.020000,7.050000,6.890000
2.311430,1.950000,7.070000,6.920000
2.311430,1.930000,7.060000,6.890000
2.311430,1.940000,7.040000,6.900000
2.311430,1.940000,7.060000,6.900000
2.311430,1.890000,7.050000,6.890000
2.407750,1.880000,7.050000,6.900000
2.407750,1.810000,7.090000,6.910000
2.407750,1.790000,7.100000,6.890000
2.407750,1.800000,7.080000,6.900000
2.407750,1.830000,7.050000,6.890000
2.504080,1.820000,7.080000,6.900000
2.504080,1.800000,7.120000,6.880000
2.504080,1.850000,7.140000,6.890000
2.504080,1.870000,7.130000,6.900000
2.504080,1.870000,7.040000,6.910000
2.600390,1.830000,7.050000,6.900000
2.600390,1.840000,7.020000,6.910000
2.600390,1.870000,7.010000,6.890000
2.600390,1.880000,7.020000,6.920000
2.600390,1.880000,6.970000,6.900000
2.696660,1.890000,7.020000,6.900000
2.696660,1.930000,7.040000,6.890000
2.696660,1.900000,7.050000,6.870000
2.696660,1.910000,7.080000,6.880000
2.696660,1.930000,7.080000,6.870000
2.792960,1.990000,7.130000,6.860000
2.792960,2.010000,7.140000,6.870000
2.792960,1.970000,7.110000,6.880000
2.792960,1.960000,7.100000,6.900000
2.792960,1.950000,7.050000,6.900000
2.889250,1.950000,6.980000,6.980000
2.889250,1.820000,6.950000,6.930000
2.889250,1.890000,6.920000,6.960000
2.889250,1.920000,6.920000,6.960000
2.889250,2.000000,6.950000,6.950000
2.985540,2.010000,6.960000,6.940000
2.985540,2.000000,6.960000,6.930000
2.985540,2.010000,6.920000,6.940000
2.985540,2.040000,6.920000,6.930000
2.985540,2.040000,6.960000,6.940000
3.081830,1.960000,7.080000,6.950000
3.081830,1.960000,7.040000,6.910000
3.081830,1.900000,7.060000,6.890000
3.081830,1.900000,7.050000,6.870000
3.081830,1.930000,7.100000,6.890000
3.178130,1.920000,7.140000,6.920000
3.178130,1.900000,7.070000,6.900000
3.178130,1.850000,7.010000,6.930000
3.178130,1.830000,6.970000,6.920000
3.178130,1.880000,7.010000,6.920000
3.274420,1.890000,7.040000,6.950000
3.274420,1.900000,6.990000,6.930000
3.274420,1.910000,6.930000,6.930000
3.274420,1.890000,6.940000,6.910000
3.274420,1.900000,7.030000,6.890000
3.370700,1.890000,7.100000,6.910000
3.370700,1.890000,7.070000,6.910000
3.370700,1.870000,7.040000,6.900000
3.370700,1.840000,7.060000,6.890000
3.370700,1.780000,7.120000,6.880000
3.466990,1.840000,7.130000,6.870000
3.466990,1.920000,7.060000,6.860000
3.466990,1.990000,7.040000,6.860000
3.466990,2.010000,7.060000,6.880000
3.466990,2.030000,7.080000,6.910000
3.563300,2.010000,7.040000,6.880000
3.563300,2.010000,7.060000,6.920000
3.563300,1.980000,7.000000,6.910000
3.563300,1.910000,7.030000,6.900000
3.563300,1.850000,7.080000,6.900000
3.659600,1.950000,7.030000,6.860000
3.659600,2.000000,7.030000,6.860000
3.659600,2.020000,7.090000,6.880000
3.659600,2.000000,7.140000,6.850000
3.659600,1.980000,7.120000,6.860000
3.758550,1.970000,7.090000,6.880000
3.758550,1.920000,7.070000,6.880000
3.758550,1.890000,7.110000,6.890000
3.758550,1.870000,7.110000,6.880000
3.758550,1.830000,7.070000,6.870000
3.854820,1.850000,7.070000,6.880000
3.854820,1.850000,7.050000,6.870000
3.854820,1.890000,7.080000,6.870000
3.854820,1.890000,7.110000,6.880000
3.854820,1.900000,7.120000,6.890000
3.951070,1.930000,7.120000,6.900000
3.951070,1.950000,7.090000,6.910000
3.951070,1.940000,7.040000,6.900000
3.951070,1.930000,7.010000,6.890000
3.951070,1.920000,7.010000,6.900000
113.728606,-1.690000,8.770000,4.280000
113.728606,-2.910000,8.760000,4.420000
113.728606,-3.420000,8.890000,4.590000
113.728606,-4.100000,8.890000,4.740000
113.728606,-4.260000,8.760000,4.800000
113.824946,-4.320000,9.020000,4.750000
113.824946,-4.040000,9.300000,4.880000
113.824946,-3.830000,9.280000,4.850000
113.824946,-3.290000,9.090000,4.700000
113.824946,-2.440000,8.930000,4.810000
113.921316,-2.440000,8.920000,5.210000
113.921316,-2.270000,8.490000,5.310000
113.921316,-2.000000,8.200000,5.360000
113.921316,-1.450000,7.760000,5.580000
113.921316,-1.330000,7.640000,5.940000
114.017666,-1.510000,7.430000,6.070000
114.017666,-1.470000,7.130000,6.110000
114.017666,-1.420000,7.030000,6.190000
114.017666,-1.270000,6.740000,6.310000
114.017666,-1.280000,6.570000,6.070000
114.114036,-0.780000,6.050000,4.730000
114.114036,-0.020000,8.730000,8.170000
114.114036,-1.300000,7.940000,4.750000
114.114036,0.010000,7.900000,5.720000
114.114036,0.220000,8.130000,5.510000
114.210436,1.020000,8.770000,5.990000
114.210436,1.020000,7.880000,5.070000
114.210436,1.250000,8.130000,5.410000
114.210436,1.230000,8.670000,5.390000
114.210436,1.570000,8.690000,5.250000
114.309446,1.660000,8.000000,4.800000
114.309446,1.290000,8.260000,4.640000
114.309446,0.960000,9.070000,4.460000
114.309446,0.780000,9.290000,4.370000
114.309446,0.440000,9.390000,4.280000
114.405766,0.790000,9.680000,4.140000
114.405766,1.560000,9.770000,3.960000
114.405766,2.220000,9.420000,3.870000
114.405766,2.510000,9.300000,3.880000
114.405766,2.870000,8.980000,3.970000
114.502046,2.990000,8.680000,3.920000
114.502046,2.880000,8.820000,3.860000
114.502046,2.690000,9.130000,3.910000
114.502046,2.590000,9.180000,3.940000
114.502046,2.590000,9.220000,3.990000
114.598346,3.000000,9.410000,4.000000
114.598346,2.950000,9.290000,3.920000
114.598346,2.730000,9.070000,3.990000
114.598346,2.720000,8.980000,4.080000
114.598346,2.500000,9.000000,4.320000
114.694636,1.830000,8.750000,4.270000
114.694636,1.620000,8.540000,4.390000
114.694636,1.380000,8.830000,4.540000
114.694636,1.300000,8.830000,4.570000
114.694636,0.900000,8.700000,4.420000
114.790946,0.800000,8.830000,4.520000
114.790946,0.970000,8.920000,4.550000
114.790946,1.180000,8.750000,4.450000
114.790946,1.180000,8.660000,4.370000
114.790946,0.970000,8.680000,4.240000
114.887286,0.110000,8.920000,4.150000
114.887286,-0.220000,9.060000,4.080000
114.887286,-0.470000,9.030000,4.010000
114.887286,-0.650000,9.000000,3.870000
114.887286,-0.950000,9.320000,3.730000
114.983636,-1.040000,9.910000,3.720000
114.983636,-0.910000,10.000000,3.700000
114.983636,-0.800000,9.970000,3.630000
114.983636,-0.850000,10.090000,3.570000
114.983636,-0.890000,10.410000,3.570000
115.079976,-0.760000,9.990000,3.460000
115.079976,-0.450000,10.330000,3.460000
115.079976,-0.220000,10.990000,3.430000
115.079976,-0.110000,11.130000,3.470000
115.079976,0.200000,10.670000,3.680000
115.176306,0.610000,9.300000,4.220000
115.176306,0.430000,8.530000,4.500000
115.176306,0.390000,7.770000,4.430000
115.176306,0.070000,7.840000,4.590000
115.176306,-0.200000,8.160000,4.060000
115.272616,0.220000,8.070000,4.950000
115.272616,0.400000,7.280000,4.740000
115.272616,0.520000,7.700000,5.280000
115.272616,0.580000,8.140000,5.350000
115.272616,0.410000,8.080000,5.340000
115.364906,0.620000,7.360000,5.560000
115.364906,0.840000,7.230000,5.570000
115.364906,1.110000,6.910000,5.680000
115.364906,1.280000,6.780000,5.750000
115.364906,1.480000,6.660000,5.800000
115.461176,2.600000,6.930000,5.380000
115.461176,2.760000,7.070000,5.060000
115.461176,2.440000,7.570000,5.170000
115.461176,1.680000,7.900000,5.310000
115.461176,1.570000,7.900000,5.370000
115.557436,2.820000,8.490000,5.460000
115.557436,2.990000,8.560000,5.410000
115.557436,2.590000,8.420000,5.200000
115.557436,2.230000,8.100000,4.910000
115.557436,2.160000,7.950000,4.780000
115.653686,2.020000,8.090000,4.600000
115.653686,2.000000,8.180000,4.450000
115.653686,1.900000,8.620000,4.430000
115.653686,1.240000,8.660000,4.290000
115.653686,0.940000,8.720000,4.240000
115.749946,1.060000,8.870000,4.280000
115.749946,1.350000,8.770000,4.230000
115.749946,2.140000,8.270000,4.290000
115.749946,2.380000,7.700000,4.430000
115.749946,2.480000,7.600000,4.440000
115.846236,2.880000,7.670000,3.980000
115.846236,2.620000,7.670000,3.920000
115.846236,1.920000,7.540000,3.690000
115.846236,1.160000,7.400000,3.150000
115.846236,0.940000,7.520000,2.870000
115.942466,-0.360000,8.400000,1.520000
115.942466,-0.620000,8.720000,1.220000
115.942466,-0.940000,9.440000,0.600000
115.942466,-0.980000,9.980000,-0.330000
115.942466,-0.970000,10.260000,-1.050000
116.041446,-0.700000,11.650000,-2.370000
116.041446,-0.900000,12.180000,-2.800000
116.041446,-1.010000,12.400000,-3.060000
116.041446,-0.690000,13.000000,-3.230000
116.041446,0.000000,13.650000,-3.280000
116.137706,0.890000,13.690000,-3.210000
116.137706,0.350000,12.510000,-2.980000
116.137706,-0.030000,12.010000,-2.890000
116.137706,-0.480000,11.230000,-2.840000
116.137706,-0.420000,10.680000,-2.760000
116.233976,0.170000,10.340000,-2.290000
116.233976,0.900000,10.340000,-2.330000
116.233976,1.460000,10.560000,-2.250000
116.233976,2.180000,10.690000,-2.130000
116.233976,2.580000,10.560000,-1.810000
116.330256,2.620000,10.080000,-1.330000
116.330256,2.390000,9.830000,-1.060000
116.330256,2.170000,9.740000,-0.930000
116.330256,1.760000,9.800000,-0.450000
116.330256,1.440000,9.940000,-0.100000
116.426486,1.120000,10.550000,0.050000
116.426486,0.950000,10.630000,-0.060000
116.426486,0.820000,10.400000,-0.120000
116.426486,0.570000,9.960000,0.200000
116.426486,0.580000,9.820000,0.390000
116.522736,1.220000,10.260000,0.260000
116.522736,1.340000,9.880000,0.260000
116.522736,1.260000,9.450000,0.230000
116.522736,1.000000,9.160000,0.350000
116.522736,1.230000,10.000000,0.370000
116.618996,0.890000,10.430000,-0.080000
116.618996,0.330000,9.520000,-0.170000
116.618996,0.160000,9.280000,-0.250000
116.618996,0.290000,10.110000,-0.590000
116.618996,0.550000,11.360000,-0.840000
116.715236,0.080000,10.970000,-1.160000
116.715236,0.110000,10.380000,-0.990000
116.715236,0.240000,10.160000,-0.940000
116.715236,0.300000,9.700000,-0.320000
116.715236,0.380000,8.810000,-0.300000
116.811476,0.320000,7.830000,-0.210000
116.811476,0.680000,7.890000,-0.050000
116.811476,1.000000,8.060000,-0.020000
116.811476,2.130000,8.400000,0.180000
116.811476,3.210000,8.960000,0.520000
116.907736,3.440000,9.670000,0.640000
116.907736,3.710000,10.390000,0.820000
116.907736,4.180000,10.400000,0.940000
116.907736,4.220000,9.870000,0.820000
116.907736,2.950000,9.780000,0.610000
117.003996,3.520000,10.400000,0.770000
117.003996,3.890000,10.520000,0.820000
117.003996,3.830000,10.570000,0.810000
117.003996,3.630000,10.960000,1.040000
117.003996,2.990000,11.260000,1.170000
117.100246,2.030000,11.240000,1.300000
117.100246,2.040000,10.760000,1.220000
117.100246,1.950000,10.370000,1.350000
117.100246,1.410000,9.410000,1.540000
117.100246,-0.490000,8.880000,1.560000
117.196486,-1.900000,9.610000,2.340000
117.196486,-1.600000,9.310000,2.460000
117.196486,-1.620000,8.930000,2.370000
117.196486,-2.370000,7.970000,1.870000
117.196486,-2.900000,8.200000,2.110000
117.292736,-2.450000,8.770000,2.960000
117.292736,-2.300000,8.380000,2.900000
117.292736,-2.240000,8.100000,2.710000
117.292736,-2.380000,8.110000,3.280000
117.292736,-2.460000,7.760000,3.730000
117.388996,-1.470000,8.020000,3.540000
117.388996,-1.180000,7.990000,3.630000
117.388996,-1.490000,7.870000,3.740000
117.388996,-1.450000,8.040000,3.860000
117.388996,-1.340000,8.670000,3.510000
117.485246,-1.160000,9.200000,2.690000
117.485246,-2.390000,9.450000,2.750000
117.485246,-2.760000,9.590000,2.480000
117.485246,-2.130000,10.470000,1.890000
117.485246,-1.120000,11.040000,1.580000
117.584166,-0.570000,11.090000,1.580000
117.584166,-0.570000,10.400000,1.090000
117.584166,-0.180000,10.250000,0.570000
117.584166,1.160000,10.760000,0.170000
117.584166,1.890000,10.940000,0.420000
195.191120,2.850000,8.260000,4.830000
195.191120,2.890000,8.280000,4.890000
195.191120,2.920000,8.240000,4.890000
195.191120,2.870000,8.260000,4.880000
195.191120,2.850000,8.250000,4.880000
195.275400,2.840000,8.280000,4.860000
195.275400,2.850000,8.310000,4.840000
195.275400,2.860000,8.310000,4.840000
195.275400,2.840000,8.300000,4.850000
195.275400,2.840000,8.290000,4.850000
195.359660,2.850000,8.280000,4.870000
195.359660,2.870000,8.280000,4.860000
195.359660,2.910000,8.310000,4.850000
195.359660,2.920000,8.290000,4.850000
195.359660,2.940000,8.260000,4.840000
195.443920,2.970000,8.200000,4.850000
195.443920,2.970000,8.200000,4.840000
195.443920,2.950000,8.250000,4.830000
195.443920,2.980000,8.270000,4.810000
195.443920,2.960000,8.280000,4.820000
195.528160,2.930000,8.270000,4.810000
195.528160,2.910000,8.290000,4.800000
195.528160,2.880000,8.290000,4.790000
195.528160,2.880000,8.310000,4.790000
195.528160,2.890000,8.320000,4.790000
195.612410,2.920000,8.400000,4.780000
195.612410,2.900000,8.390000,4.750000
195.612410,2.880000,8.380000,4.740000
195.612410,2.930000,8.390000,4.790000
195.612410,2.920000,8.370000,4.770000
195.696660,2.890000,8.360000,4.820000
195.696660,2.820000,8.330000,4.820000
195.696660,2.850000,8.280000,4.840000
195.696660,2.870000,8.230000,4.820000
195.696660,2.920000,8.200000,4.800000
195.780910,2.950000,8.260000,4.750000
195.780910,2.940000,8.270000,4.730000
195.780910,2.930000,8.290000,4.730000
195.780910,2.930000,8.290000,4.730000
195.780910,2.930000,8.270000,4.720000
195.865150,2.920000,8.290000,4.740000
195.865150,2.900000,8.320000,4.740000
195.865150,2.880000,8.370000,4.710000
195.865150,2.900000,8.450000,4.730000
195.865150,2.920000,8.430000,4.690000
195.949410,2.900000,8.410000,4.690000
195.949410,2.960000,8.500000,4.650000
195.949410,3.000000,8.520000,4.670000
195.949410,3.020000,8.490000,4.670000
195.949410,3.030000,8.480000,4.690000
196.036320,2.970000,8.400000,4.710000
196.036320,2.990000,8.390000,4.720000
196.036320,3.000000,8.640000,4.720000
196.036320,3.010000,8.650000,4.710000
196.036320,2.940000,8.380000,4.770000
196.123260,3.010000,8.370000,4.780000
196.123260,3.130000,8.470000,4.790000
196.123260,3.270000,8.700000,4.810000
196.123260,3.220000,8.660000,4.780000
196.123260,2.900000,8.280000,4.910000
196.210180,2.830000,8.240000,4.950000
196.210180,2.780000,8.160000,5.010000
196.210180,2.680000,7.950000,5.100000
196.210180,2.620000,7.810000,5.220000
196.210180,2.590000,7.780000,5.240000
196.294410,2.590000,8.150000,5.300000
196.294410,2.590000,8.150000,5.320000
196.294410,2.550000,7.990000,5.330000
196.294410,2.550000,7.920000,5.350000
196.294410,2.560000,7.880000,5.390000
196.378650,2.610000,7.920000,5.460000
196.378650,2.620000,7.890000,5.500000
196.378650,2.610000,7.750000,5.540000
196.378650,2.640000,7.750000,5.580000
196.378650,2.650000,7.960000,5.540000
196.462890,2.600000,8.100000,5.540000
196.462890,2.630000,7.900000,5.540000
196.462890,2.670000,7.820000,5.560000
196.462890,2.680000,7.730000,5.590000
196.462890,2.690000,7.680000,5.570000
196.547120,2.690000,7.880000,5.660000
196.547120,2.630000,7.910000,5.630000
196.547120,2.610000,7.910000,5.660000
196.547120,2.550000,7.920000,5.650000
196.547120,2.520000,7.900000,5.680000
196.631380,2.380000,7.790000,5.700000
196.631380,2.380000,7.790000,5.700000
196.631380,2.410000,7.690000,5.760000
196.631380,2.420000,7.680000,5.780000
196.631380,2.400000,7.710000,5.810000
196.715620,2.430000,7.880000,5.800000
196.715620,2.420000,7.900000,5.800000
196.715620,2.460000,7.810000,5.800000
196.715620,2.490000,7.760000,5.800000
196.715620,2.530000,7.670000,5.840000
196.799870,2.510000,7.720000,5.800000
196.799870,2.500000,7.860000,5.800000
196.799870,2.510000,7.840000,5.790000
196.799870,2.520000,7.770000,5.800000
196.799870,2.470000,7.730000,5.830000
196.884080,2.330000,7.970000,5.790000
196.884080,2.310000,8.170000,5.750000
196.884080,2.370000,8.170000,5.750000
196.884080,2.540000,8.000000,5.760000
196.884080,2.690000,7.870000,5.790000
196.968340,2.870000,7.600000,5.880000
196.968340,2.890000,7.530000,5.910000
196.968340,2.900000,7.480000,5.940000
196.968340,2.900000,7.480000,5.950000
196.968340,2.930000,7.550000,5.980000
197.052600,2.890000,7.540000,5.990000
197.052600,2.840000,7.530000,6.010000
197.052600,2.740000,7.420000,6.020000
197.052600,2.710000,7.380000,6.050000
197.052600,2.700000,7.280000,6.070000
197.136820,2.730000,7.270000,6.100000
197.136820,2.780000,7.370000,6.080000
197.136820,2.770000,7.460000,6.090000
197.136820,2.740000,7.470000,6.110000
197.136820,2.730000,7.470000,6.120000
197.221080,2.610000,7.370000,6.100000
197.221080,2.630000,7.510000,6.070000
197.221080,2.610000,7.650000,6.060000
197.221080,2.600000,7.690000,6.010000
197.221080,2.610000,7.700000,6.030000
197.305340,2.610000,7.620000,6.050000
197.305340,2.620000,7.560000,6.050000
197.305340,2.670000,7.470000,6.070000
197.305340,2.700000,7.430000,6.080000
197.305340,2.700000,7.340000,6.110000
197.389610,2.640000,7.240000,6.140000
197.389610,2.620000,7.230000,6.130000
197.389610,2.630000,7.240000,6.170000
197.389610,2.660000,7.250000,6.150000
197.389610,2.620000,7.650000,6.080000
197.473860,2.610000,7.660000,6.010000
197.473860,2.610000,7.710000,5.970000
197.473860,2.630000,7.670000,5.960000
197.473860,2.660000,7.630000,5.940000
197.473860,2.700000,7.630000,5.940000
197.560760,2.770000,7.710000,5.920000
197.560760,2.770000,7.700000,5.910000
197.560760,2.790000,7.700000,5.900000
197.560760,2.790000,7.670000,5.900000
197.560760,2.760000,7.720000,5.870000
197.647700,2.740000,7.760000,5.860000
197.647700,2.700000,7.750000,5.860000
197.647700,2.680000,7.730000,5.860000
197.647700,2.660000,7.700000,5.880000
197.647700,2.650000,7.640000,5.880000
197.731950,2.660000,7.650000,5.890000
197.731950,2.650000,7.690000,5.890000
197.731950,2.630000,7.670000,5.860000
197.731950,2.630000,7.650000,5.870000
197.731950,2.620000,7.640000,5.860000
197.816220,2.610000,7.760000,5.820000
197.816220,2.610000,7.830000,5.810000
197.816220,2.580000,7.860000,5.810000
197.816220,2.560000,7.850000,5.800000
197.816220,2.560000,7.790000,5.810000
197.903140,2.580000,7.740000,5.810000
197.903140,2.610000,7.710000,5.810000
197.903140,2.650000,7.750000,5.850000
197.903140,2.670000,7.740000,5.840000
197.903140,2.620000,7.670000,5.840000
197.987420,2.610000,7.640000,5.820000
197.987420,2.610000,7.620000,5.790000
197.987420,2.630000,7.630000,5.770000
197.987420,2.650000,7.650000,5.750000
197.987420,2.700000,7.720000,5.750000
198.071710,2.690000,7.780000,5.740000
198.071710,2.700000,7.850000,5.720000
198.071710,2.700000,7.870000,5.710000
198.071710,2.680000,7.940000,5.700000
198.071710,2.640000,7.930000,5.660000
198.155990,2.600000,7.920000,5.630000
198.155990,2.590000,7.930000,5.620000
198.155990,2.580000,7.930000,5.640000
198.155990,2.620000,7.970000,5.640000
198.155990,2.610000,7.970000,5.630000
198.240280,2.620000,7.930000,5.660000
198.240280,2.620000,7.910000,5.650000
198.240280,2.590000,7.860000,5.650000
198.240280,2.580000,7.860000,5.670000
198.240280,2.530000,7.880000,5.680000
198.324550,2.550000,7.840000,5.690000
198.324550,2.560000,7.830000,5.690000
198.324550,2.620000,7.760000,5.700000
198.324550,2.640000,7.740000,5.720000
198.324550,2.630000,7.730000,5.700000
198.408830,2.660000,7.810000,5.700000
198.408830,2.720000,7.830000,5.690000
198.408830,2.740000,7.840000,5.690000
198.408830,2.760000,7.810000,5.720000
198.408830,2.740000,7.770000,5.700000
198.493130,2.710000,7.770000,5.700000
198.493130,2.700000,7.820000,5.700000
198.493130,2.690000,7.830000,5.690000
198.493130,2.670000,7.860000,5.690000
198.493130,2.630000,7.830000,5.690000
198.577410,2.580000,7.800000,5.680000
198.577410,2.610000,7.810000,5.690000
198.577410,2.630000,7.860000,5.700000
198.577410,2.630000,7.920000,5.720000
198.577410,2.550000,8.020000,5.670000
198.661670,2.620000,7.910000,5.680000
198.661670,2.630000,7.880000,5.720000
198.661670,2.680000,7.760000,5.750000
198.661670,2.660000,7.730000,5.750000
198.661670,2.670000,7.680000,5.760000
198.745950,2.760000,7.630000,5.750000
198.745950,2.800000,7.630000,5.750000
198.745950,2.830000,7.640000,5.750000
198.745950,2.860000,7.680000,5.740000
198.745950,2.860000,7.720000,5.740000
198.830230,2.790000,7.740000,5.750000
198.830230,2.780000,7.700000,5.770000
198.830230,2.770000,7.670000,5.790000
198.830230,2.760000,7.640000,5.770000
198.830230,2.770000,7.690000,5.770000
198.914480,2.740000,7.770000,5.770000
198.914480,2.710000,7.790000,5.760000
198.914480,2.740000,7.810000,5.750000
198.914480,2.740000,7.780000,5.760000
198.914480,2.790000,7.750000,5.780000
198.998740,2.790000,7.700000,5.770000
198.998740,2.790000,7.690000,5.780000
198.998740,2.790000,7.700000,5.790000
198.998740,2.790000,7.710000,5.790000
198.998740,2.800000,7.690000,5.790000
199.083040,2.780000,7.670000,5.780000
199.083040,2.770000,7.660000,5.780000
199.083040,2.780000,7.670000,5.790000
199.083040,2.760000,7.670000,5.780000
199.083040,2.760000,7.690000,5.780000
786.528475,2.030000,7.030000,6.950000
786.528475,2.010000,6.970000,6.940000
786.528475,2.000000,6.930000,6.950000
786.528475,2.000000,6.940000,6.950000
786.528475,2.010000,6.960000,6.960000
786.624765,2.010000,7.020000,6.970000
786.624765,2.000000,6.990000,6.940000
786.624765,2.000000,7.000000,6.990000
786.624765,1.970000,6.970000,6.980000
786.624765,1.940000,6.950000,6.990000
786.721045,1.910000,6.970000,6.990000
786.721045,1.910000,6.970000,7.000000
786.721045,1.840000,6.980000,6.990000
786.721045,1.840000,6.980000,6.990000
786.721045,1.930000,6.920000,6.970000
786.817325,1.990000,6.900000,6.980000
786.817325,2.020000,6.930000,6.970000
786.817325,2.040000,6.950000,6.980000
786.817325,2.030000,6.960000,6.990000
786.817325,2.000000,6.950000,6.980000
786.913605,1.950000,6.930000,6.960000
786.913605,1.950000,7.010000,6.990000
786.913605,1.920000,7.010000,6.940000
786.913605,1.870000,7.080000,6.950000
786.913605,1.840000,7.100000,6.930000
787.009895,1.860000,7.050000,6.950000
787.009895,1.860000,7.020000,6.950000
787.009895,1.880000,7.030000,6.970000
787.009895,1.880000,7.010000,6.980000
787.009895,1.900000,7.050000,7.020000
787.106165,1.910000,7.020000,7.010000
787.106165,1.900000,6.960000,7.000000
787.106165,1.870000,6.850000,7.010000
787.106165,1.880000,6.820000,7.030000
787.106165,1.890000,6.840000,7.020000
787.202465,1.900000,6.960000,6.990000
787.202465,1.930000,6.980000,7.000000
787.202465,1.910000,6.960000,6.990000
787.202465,1.920000,6.960000,6.990000
787.202465,1.910000,6.970000,7.030000
787.298775,1.890000,6.980000,7.010000
787.298775,1.870000,7.020000,6.990000
787.298775,1.850000,7.030000,7.050000
787.298775,1.810000,7.020000,7.010000
787.298775,1.720000,7.030000,7.000000
787.395105,1.830000,6.890000,6.980000
787.395105,1.910000,6.900000,6.990000
787.395105,1.950000,7.000000,7.000000
787.395105,1.950000,7.070000,6.990000
787.395105,1.980000,7.100000,6.980000
787.491445,2.000000,6.980000,7.000000
787.491445,1.920000,6.900000,7.010000
787.491445,1.910000,6.960000,7.010000
787.491445,1.900000,6.960000,7.010000
787.491445,1.920000,6.990000,7.000000
787.587765,1.870000,7.000000,7.000000
787.587765,1.870000,6.940000,7.040000
787.587765,1.880000,6.900000,7.030000
787.587765,1.890000,6.890000,7.040000
787.587765,1.890000,6.850000,7.030000
787.684095,1.910000,6.800000,7.050000
787.684095,1.940000,6.760000,7.050000
787.684095,1.940000,6.790000,7.050000
787.684095,1.950000,6.840000,7.050000
787.684095,1.990000,6.900000,7.010000
787.780435,2.040000,7.000000,7.000000
787.780435,2.050000,7.020000,6.980000
787.780435,2.050000,7.030000,6.970000
787.780435,2.020000,7.030000,6.970000
787.780435,2.000000,7.040000,6.970000
787.876755,1.950000,7.030000,6.950000
787.876755,1.930000,7.030000,6.980000
787.876755,1.860000,6.960000,6.970000
787.876755,1.870000,6.960000,7.000000
787.876755,1.820000,6.910000,6.980000
787.973055,1.780000,6.850000,7.030000
787.973055,1.630000,6.830000,7.030000
787.973055,1.680000,6.860000,7.020000
787.973055,1.690000,6.850000,6.970000
787.973055,1.790000,6.900000,6.950000
788.069385,1.910000,7.140000,6.860000
788.069385,1.970000,7.260000,6.860000
788.069385,2.020000,7.310000,6.840000
788.069385,2.010000,7.300000,6.860000
788.069385,1.980000,7.260000,6.870000
788.165695,1.960000,7.200000,6.860000
788.165695,1.970000,7.150000,6.840000
788.165695,1.900000,7.160000,6.880000
788.165695,1.900000,7.120000,6.860000
788.165695,1.900000,7.080000,6.880000
788.262015,1.890000,7.040000,6.890000
788.262015,1.920000,7.060000,6.890000
788.262015,1.970000,7.060000,6.870000
788.262015,1.980000,7.060000,6.890000
788.262015,2.020000,7.020000,6.910000
788.358325,2.060000,7.010000,6.930000
788.358325,2.030000,6.980000,6.910000
788.358325,2.030000,7.040000,6.890000
788.358325,2.010000,7.060000,6.900000
788.358325,2.020000,7.110000,6.910000
788.454645,2.010000,7.090000,6.920000
788.454645,1.990000,7.060000,6.910000
788.454645,1.960000,7.040000,6.920000
788.454645,1.930000,7.020000,6.920000
788.454645,1.890000,7.020000,6.920000
788.550975,1.870000,7.030000,6.930000
788.550975,1.890000,7.040000,6.940000
788.550975,1.900000,7.030000,6.960000
788.550975,1.900000,7.020000,6.960000
788.550975,1.920000,7.030000,6.960000
788.647285,1.840000,7.010000,6.950000
788.647285,1.820000,7.020000,6.940000
788.647285,1.940000,7.020000,6.930000
788.647285,1.980000,7.030000,6.910000
788.647285,2.020000,7.050000,6.890000
788.743605,1.950000,7.070000,6.920000
788.743605,1.930000,7.060000,6.890000
788.743605,1.940000,7.040000,6.900000
788.743605,1.940000,7.060000,6.900000
788.743605,1.890000,7.050000,6.890000
788.839925,1.880000,7.050000,6.900000
788.839925,1.810000,7.090000,6.910000
788.839925,1.790000,7.100000,6.890000
788.839925,1.800000,7.080000,6.900000
788.839925,1.830000,7.050000,6.890000
788.936255,1.820000,7.080000,6.900000
788.936255,1.800000,7.120000,6.880000
788.936255,1.850000,7.140000,6.890000
788.936255,1.870000,7.130000,6.900000
788.936255,1.870000,7.040000,6.910000
789.032565,1.830000,7.050000,6.900000
789.032565,1.840000,7.020000,6.910000
789.032565,1.870000,7.010000,6.890000
789.032565,1.880000,7.020000,6.920000
789.032565,1.880000,6.970000,6.900000
789.128835,1.890000,7.020000,6.900000
789.128835,1.930000,7.040000,6.890000
789.128835,1.900000,7.050000,6.870000
789.128835,1.910000,7.080000,6.880000
789.128835,1.930000,7.080000,6.870000
789.225135,1.990000,7.130000,6.860000
789.225135,2.010000,7.140000,6.870000
789.225135,1.970000,7.110000,6.880000
789.225135,1.960000,7.100000,6.900000
789.225135,1.950000,7.050000,6.900000
789.321425,1.950000,6.980000,6.980000
789.321425,1.820000,6.950000,6.930000
789.321425,1.890000,6.920000,6.960000
789.321425,1.920000,6.920000,6.960000
789.321425,2.000000,6.950000,6.950000
789.417715,2.010000,6.960000,6.940000
789.417715,2.000000,6.960000,6.930000
789.417715,2.010000,6.920000,6.940000
789.417715,2.040000,6.920000,6.930000
789.417715,2.040000,6.960000,6.940000
789.514005,1.960000,7.080000,6.950000
789.514005,1.960000,7.040000,6.910000
789.514005,1.900000,7.060000,6.890000
789.514005,1.900000,7.050000,6.870000
789.514005,1.930000,7.100000,6.890000
789.610305,1.920000,7.140000,6.920000
789.610305,1.900000,7.070000,6.900000
789.610305,1.850000,7.010000,6.930000
789.610305,1.830000,6.970000,6.920000
789.610305,1.880000,7.010000,6.920000
789.706595,1.890000,7.040000,6.950000
789.706595,1.900000,6.990000,6.930000
789.706595,1.910000,6.930000,6.930000
789.706595,1.890000,6.940000,6.910000
789.706595,1.900000,7.030000,6.890000
789.802875,1.890000,7.100000,6.910000
789.802875,1.890000,7.070000,6.910000
789.802875,1.870000,7.040000,6.900000
789.802875,1.840000,7.060000,6.890000
789.802875,1.780000,7.120000,6.880000
789.899165,1.840000,7.130000,6.870000
789.899165,1.920000,7.060000,6.860000
789.899165,1.990000,7.040000,6.860000
789.899165,2.010000,7.060000,6.880000
789.899165,2.030000,7.080000,6.910000
789.995475,2.010000,7.040000,6.880000
789.995475,2.010000,7.060000,6.920000
789.995475,1.980000,7.000000,6.910000
789.995475,1.910000,7.030000,6.900000
789.995475,1.850000,7.080000,6.900000
790.091775,1.950000,7.030000,6.860000
790.091775,2.000000,7.030000,6.860000
790.091775,2.020000,7.090000,6.880000
790.091775,2.000000,7.140000,6.850000
790.091775,1.980000,7.120000,6.860000
790.190725,1.970000,7.090000,6.880000
790.190725,1.920000,7.070000,6.880000
790.190725,1.890000,7.110000,6.890000
790.190725,1.870000,7.110000,6.880000
790.190725,1.830000,7.070000,6.870000
790.286995,1.850000,7.070000,6.880000
790.286995,1.850000,7.050000,6.870000
790.286995,1.890000,7.080000,6.870000
790.286995,1.890000,7.110000,6.880000
790.286995,1.900000,7.120000,6.890000
790.383245,1.930000,7.120000,6.900000
790.383245,1.950000,7.090000,6.910000
790.383245,1.940000,7.040000,6.900000
790.383245,1.930000,7.010000,6.890000
790.383245,1.920000,7.010000,6.900000
900.160641,2.510000,8.430000,4.340000
900.160641,2.480000,8.410000,4.350000
900.160641,2.470000,8.420000,4.300000
900.160641,2.480000,8.490000,4.290000
900.160641,2.490000,8.470000,4.260000
900.256861,2.590000,8.610000,4.160000
900.256861,2.620000,8.680000,4.100000
900.256861,2.680000,8.950000,3.930000
900.256861,2.690000,9.110000,3.750000
900.256861,2.670000,9.190000,3.730000
900.353101,2.700000,9.290000,3.500000
900.353101,2.720000,9.420000,3.450000
900.353101,2.720000,9.480000,3.300000
900.353101,2.780000,9.590000,3.430000
900.353101,2.900000,9.650000,3.530000
900.449371,3.170000,9.230000,3.620000
900.449371,3.120000,9.090000,3.640000
900.449371,3.060000,8.810000,3.640000
900.449371,2.990000,8.860000,3.720000
900.449371,2.920000,8.830000,3.750000
900.545611,2.560000,8.770000,3.720000
900.545611,2.550000,8.790000,3.780000
900.545611,2.460000,8.840000,3.730000
900.545611,2.480000,8.900000,3.680000
900.545611,2.510000,8.980000,3.840000
900.641861,2.450000,9.000000,3.990000
900.641861,2.490000,8.980000,4.080000
900.641861,2.440000,8.970000,4.120000
900.641861,2.280000,8.980000,4.170000
900.641861,2.220000,8.890000,4.170000
900.738111,1.940000,8.410000,4.670000
900.738111,1.960000,8.430000,4.730000
900.738111,1.880000,8.880000,4.710000
900.738111,1.890000,8.960000,4.560000
900.738111,1.980000,8.950000,4.510000
900.834351,2.650000,8.660000,4.320000
900.834351,2.850000,8.630000,4.360000
900.834351,3.320000,8.590000,4.390000
900.834351,3.780000,8.530000,4.380000
900.834351,4.080000,8.530000,4.360000
900.930621,4.260000,8.520000,4.380000
900.930621,3.890000,8.500000,4.240000
900.930621,2.900000,8.740000,4.300000
900.930621,2.660000,8.730000,4.560000
900.930621,2.610000,8.620000,4.520000
901.026831,2.060000,8.800000,4.550000
901.026831,2.000000,8.750000,4.490000
901.026831,2.060000,8.670000,4.480000
901.026831,2.320000,8.600000,4.430000
901.026831,2.380000,8.660000,4.350000
901.123081,2.430000,8.600000,4.250000
901.123081,2.450000,8.600000,4.410000
901.123081,2.280000,8.590000,4.510000
901.123081,2.020000,8.690000,4.580000
901.123081,1.990000,8.750000,4.760000
901.219331,2.210000,8.420000,5.140000
901.219331,2.220000,8.360000,5.230000
901.219331,2.020000,8.300000,5.290000
901.219331,1.700000,8.290000,5.460000
901.219331,1.590000,8.230000,5.530000
901.315561,1.550000,8.080000,5.470000
901.315561,1.660000,8.050000,5.520000
901.315561,1.830000,7.810000,5.670000
901.315561,1.610000,7.400000,5.560000
901.315561,1.450000,7.260000,5.470000
901.414451,0.190000,7.550000,4.890000
901.414451,0.410000,7.830000,4.640000
901.414451,0.730000,8.410000,4.640000
901.414451,1.060000,8.420000,4.450000
901.414451,1.170000,8.790000,4.220000
901.510661,1.460000,9.100000,3.670000
901.510661,2.450000,8.890000,3.850000
901.510661,2.870000,8.810000,4.020000
901.510661,3.330000,8.770000,4.270000
901.510661,3.660000,8.830000,4.460000
901.606881,3.660000,8.860000,4.790000
901.606881,3.560000,8.670000,4.950000
901.606881,3.520000,8.520000,5.030000
901.606881,3.540000,8.100000,5.130000
901.606881,3.560000,7.570000,5.040000
901.703091,3.200000,7.150000,4.760000
901.703091,2.790000,6.980000,4.520000
901.703091,2.600000,6.970000,4.400000
901.703091,1.840000,6.930000,3.670000
901.703091,1.130000,7.420000,3.310000
901.799311,0.470000,8.330000,3.020000
901.799311,-0.790000,8.950000,2.440000
901.799311,-1.960000,9.180000,1.990000
901.799311,-3.490000,10.440000,1.380000
901.799311,-3.910000,11.700000,1.400000
901.895531,-3.090000,11.470000,1.570000
901.895531,-2.850000,11.400000,1.670000
901.895531,-2.940000,11.440000,1.760000
901.895531,-3.010000,11.320000,1.820000
901.895531,-2.940000,11.210000,1.780000
901.991751,-2.020000,11.110000,1.710000
901.991751,-1.680000,11.000000,1.700000
901.991751,-1.280000,10.530000,1.660000
901.991751,-1.000000,9.860000,1.560000
901.991751,-0.770000,9.670000,1.470000
902.087961,0.560000,10.120000,1.140000
902.087961,0.960000,10.240000,1.140000
902.087961,1.510000,10.300000,1.220000
902.087961,1.450000,10.150000,1.150000
902.087961,1.230000,10.110000,1.100000
902.184201,1.220000,9.900000,1.230000
902.184201,1.200000,9.680000,1.300000
902.184201,0.850000,9.530000,1.440000
902.184201,0.290000,10.040000,1.450000
902.184201,0.120000,10.330000,1.430000
902.280441,0.360000,9.950000,1.840000
902.280441,0.350000,9.620000,1.950000
902.280441,0.000000,9.430000,2.070000
902.280441,-0.360000,9.620000,2.050000
902.280441,-0.400000,9.700000,2.110000
902.376651,0.000000,9.560000,2.190000
902.376651,0.150000,9.610000,2.140000
902.376651,0.250000,9.820000,2.090000
902.376651,0.340000,10.030000,2.000000
902.376651,0.450000,10.100000,1.960000
902.472881,0.740000,10.340000,1.860000
902.472881,0.730000,10.370000,1.720000
902.472881,0.700000,10.350000,1.660000
902.472881,0.690000,10.100000,1.650000
902.472881,0.710000,9.950000,1.630000
902.569101,0.350000,9.620000,0.940000
902.569101,0.110000,9.710000,0.780000
902.569101,-0.220000,10.000000,0.470000
902.569101,-0.170000,9.990000,0.140000
902.569101,-0.140000,9.910000,0.050000
902.665301,-0.240000,9.100000,-0.290000
902.665301,-0.320000,8.900000,-0.370000
902.665301,-0.440000,8.600000,-0.480000
902.665301,-0.330000,8.570000,-0.420000
902.665301,-0.260000,8.600000,-0.340000
902.761521,-0.270000,8.730000,-0.200000
902.761521,-0.310000,8.950000,-0.240000
902.761521,-0.100000,9.550000,-0.540000
902.761521,0.230000,10.470000,-0.970000
902.761521,0.370000,10.910000,-1.130000
902.857761,0.460000,11.970000,-1.390000
902.857761,0.380000,11.870000,-1.460000
902.857761,0.170000,11.520000,-1.410000
902.857761,0.130000,10.820000,-1.070000
902.857761,0.150000,10.410000,-0.960000
902.953961,0.380000,8.750000,-0.770000
902.953961,0.630000,8.650000,-0.720000
902.953961,1.320000,8.750000,-0.800000
902.953961,2.020000,9.220000,-0.920000
902.953961,2.380000,9.370000,-0.950000
903.050161,2.780000,9.760000,-1.240000
903.050161,2.710000,9.930000,-1.240000
903.050161,2.700000,8.770000,-3.700000
903.050161,2.770000,9.660000,-2.630000
903.050161,3.420000,10.310000,-0.930000
903.146391,2.150000,9.760000,-1.480000
903.146391,2.010000,9.680000,-1.440000
903.146391,1.570000,9.600000,-1.900000
903.146391,1.830000,9.530000,-1.720000
903.146391,2.050000,9.550000,-1.420000
903.242581,2.070000,9.680000,-1.270000
903.242581,1.980000,9.560000,-1.280000
903.242581,1.830000,9.400000,-1.310000
903.242581,1.550000,9.290000,-1.330000
903.242581,1.560000,9.350000,-1.300000
903.338791,1.880000,9.670000,-1.110000
903.338791,1.810000,9.580000,-1.050000
903.338791,1.470000,9.650000,-0.930000
903.338791,1.040000,9.760000,-0.770000
903.338791,0.820000,9.800000,-0.610000
903.434981,0.220000,9.750000,-0.350000
903.434981,0.300000,9.760000,-0.370000
903.434981,0.280000,10.040000,-0.640000
903.434981,-0.350000,10.180000,-1.200000
903.434981,-0.840000,10.180000,-1.440000
903.533831,-2.170000,9.760000,-2.100000
903.533831,-2.440000,9.520000,-2.240000
903.533831,-2.210000,9.510000,-2.320000
903.533831,-2.060000,9.520000,-2.350000
903.533831,-2.260000,9.490000,-2.320000
903.629981,-2.780000,9.350000,-2.440000
903.629981,-2.400000,9.360000,-2.430000
903.629981,-2.260000,9.330000,-2.450000
903.629981,-2.660000,9.000000,-2.600000
903.629981,-3.480000,8.480000,-2.890000
903.726181,-4.510000,8.210000,-3.420000
903.726181,-4.700000,8.500000,-3.680000
903.726181,-4.790000,8.820000,-3.710000
903.726181,-4.630000,9.350000,-3.770000
903.726181,-4.440000,9.650000,-3.810000
903.822351,-3.530000,9.610000,-3.720000
903.822351,-3.230000,8.730000,-3.750000
903.822351,-2.910000,8.760000,-3.740000
903.822351,-2.800000,8.330000,-3.630000
903.822351,-2.880000,8.160000,-3.780000
903.918541,-2.980000,8.230000,-4.110000
903.918541,-2.980000,8.360000,-4.320000
903.918541,-3.040000,8.520000,-4.470000
903.918541,-3.150000,9.050000,-4.660000
903.918541,-3.240000,9.270000,-4.740000
904.014741,-2.970000,9.620000,-4.910000
904.014741,-2.820000,9.500000,-4.910000
904.014741,-2.650000,9.300000,-4.960000
904.014741,-2.530000,9.290000,-5.110000
904.014741,-2.460000,9.330000,-5.190000
1013.067757,0.640000,9.900000,1.270000
1013.067757,0.710000,9.850000,1.270000
1013.067757,0.760000,9.850000,1.280000
1013.067757,0.760000,9.840000,1.270000
1013.067757,0.740000,9.900000,1.220000
1013.164037,0.740000,9.890000,1.280000
1013.164037,0.750000,9.840000,1.330000
1013.164037,0.760000,9.840000,1.260000
1013.164037,0.780000,9.870000,1.280000
1013.164037,0.750000,9.840000,1.290000
1013.260287,0.720000,9.820000,1.290000
1013.260287,0.740000,9.790000,1.280000
1013.260287,0.730000,9.830000,1.270000
1013.260287,0.760000,9.840000,1.270000
1013.260287,0.750000,9.820000,1.300000
1013.356537,0.790000,9.850000,1.250000
1013.356537,0.770000,9.840000,1.270000
1013.356537,0.770000,9.860000,1.280000
1013.356537,0.790000,9.870000,1.290000
1013.356537,0.800000,9.900000,1.260000
1013.452797,0.780000,9.930000,1.230000
1013.452797,0.780000,9.870000,1.270000
1013.452797,0.780000,9.890000,1.240000
1013.452797,0.800000,9.890000,1.270000
1013.452797,0.760000,9.790000,1.250000
1013.549057,0.740000,9.820000,1.300000
1013.549057,0.710000,9.900000,1.260000
1013.549057,0.770000,9.850000,1.290000
1013.549057,0.800000,9.840000,1.290000
1013.549057,0.810000,9.810000,1.300000
1013.645307,0.740000,9.800000,1.310000
1013.645307,0.730000,9.770000,1.300000
1013.645307,0.760000,9.780000,1.310000
1013.645307,0.800000,9.760000,1.290000
1013.645307,0.870000,9.820000,1.290000
1238.934041,2.030000,7.030000,6.950000
1238.934041,2.010000,6.970000,6.940000
1238.934041,2.000000,6.930000,6.950000
1238.934041,2.000000,6.940000,6.950000
1238.934041,2.010000,6.960000,6.960000
1239.030331,2.010000,7.020000,6.970000
1239.030331,2.000000,6.990000,6.940000
1239.030331,2.000000,7.000000,6.990000
1239.030331,1.970000,6.970000,6.980000
1239.030331,1.940000,6.950000,6.990000
1239.126611,1.910000,6.970000,6.990000
1239.126611,1.910000,6.970000,7.000000
1239.126611,1.840000,6.980000,6.990000
1239.126611,1.840000,6.980000,6.990000
1239.126611,1.930000,6.920000,6.970000
1239.222891,1.990000,6.900000,6.980000
1239.222891,2.020000,6.930000,6.970000
1239.222891,2.040000,6.950000,6.980000
1239.222891,2.030000,6.960000,6.990000
1239.222891,2.000000,6.950000,6.980000
1239.319171,1.950000,6.930000,6.960000
1239.319171,1.950000,7.010000,6.990000
1239.319171,1.920000,7.010000,6.940000
1239.319171,1.870000,7.080000,6.950000
1239.319171,1.840000,7.100000,6.930000
1239.415461,1.860000,7.050000,6.950000
1239.415461,1.860000,7.020000,6.950000
1239.415461,1.880000,7.030000,6.970000
1239.415461,1.880000,7.010000,6.980000
1239.415461,1.900000,7.050000,7.020000
1239.511731,1.910000,7.020000,7.010000
1239.511731,1.900000,6.960000,7.000000
1239.511731,1.870000,6.850000,7.010000
1239.511731,1.880000,6.820000,7.030000
1239.511731,1.890000,6.840000,7.020000
1239.608031,1.900000,6.960000,6.990000
1239.608031,1.930000,6.980000,7.000000
1239.608031,1.910000,6.960000,6.990000
1239.608031,1.920000,6.960000,6.990000
1239.608031,1.910000,6.970000,7.030000
1239.704341,1.890000,6.980000,7.010000
1239.704341,1.870000,7.020000,6.990000
1239.704341,1.850000,7.030000,7.050000
1239.704341,1.810000,7.020000,7.010000
1239.704341,1.720000,7.030000,7.000000
1239.800671,1.830000,6.890000,6.980000
1239.800671,1.910000,6.900000,6.990000
1239.800671,1.950000,7.000000,7.000000
1239.800671,1.950000,7.070000,6.990000
1239.800671,1.980000,7.100000,6.980000
1239.897011,2.000000,6.980000,7.000000
1239.897011,1.920000,6.900000,7.010000
1239.897011,1.910000,6.960000,7.010000
1239.897011,1.900000,6.960000,7.010000
1239.897011,1.920000,6.990000,7.000000
1239.993331,1.870000,7.000000,7.000000
1239.993331,1.870000,6.940000,7.040000
1239.993331,1.880000,6.900000,7.030000
1239.993331,1.890000,6.890000,7.040000
1239.993331,1.890000,6.850000,7.030000
1240.089661,1.910000,6.800000,7.050000
1240.089661,1.940000,6.760000,7.050000
1240.089661,1.940000,6.790000,7.050000
1240.089661,1.950000,6.840000,7.050000
1240.089661,1.990000,6.900000,7.010000
1240.186001,2.040000,7.000000,7.000000
1240.186001,2.050000,7.020000,6.980000
1240.186001,2.050000,7.030000,6.970000
1240.186001,2.020000,7.030000,6.970000
1240.186001,2.000000,7.040000,6.970000
1240.282321,1.950000,7.030000,6.950000
1240.282321,1.930000,7.030000,6.980000
1240.282321,1.860000,6.960000,6.970000
1240.282321,1.870000,6.960000,7.000000
1240.282321,1.820000,6.910000,6.980000
1240.378621,1.780000,6.850000,7.030000
1240.378621,1.630000,6.830000,7.030000
1240.378621,1.680000,6.860000,7.020000
1240.378621,1.690000,6.850000,6.970000
1240.378621,1.790000,6.900000,6.950000
1240.474951,1.910000,7.140000,6.860000
1240.474951,1.970000,7.260000,6.860000
1240.474951,2.020000,7.310000,6.840000
1240.474951,2.010000,7.300000,6.860000
1240.474951,1.980000,7.260000,6.870000
1240.571261,1.960000,7.200000,6.860000
1240.571261,1.970000,7.150000,6.840000
1240.571261,1.900000,7.160000,6.880000
1240.571261,1.900000,7.120000,6.860000
1240.571261,1.900000,7.080000,6.880000
1240.667581,1.890000,7.040000,6.890000
1240.667581,1.920000,7.060000,6.890000
1240.667581,1.970000,7.060000,6.870000
1240.667581,1.980000,7.060000,6.890000
1240.667581,2.020000,7.020000,6.910000
1240.763891,2.060000,7.010000,6.930000
1240.763891,2.030000,6.980000,6.910000
1240.763891,2.030000,7.040000,6.890000
1240.763891,2.010000,7.060000,6.900000
1240.763891,2.020000,7.110000,6.910000
1240.860211,2.010000,7.090000,6.920000
1240.860211,1.990000,7.060000,6.910000
1240.860211,1.960000,7.040000,6.920000
1240.860211,1.930000,7.020000,6.920000
1240.860211,1.890000,7.020000,6.920000
1240.956541,1.870000,7.030000,6.930000
1240.956541,1.890000,7.040000,6.940000
1240.956541,1.900000,7.030000,6.960000
1240.956541,1.900000,7.020000,6.960000
1240.956541,1.920000,7.030000,6.960000
1241.052851,1.840000,7.010000,6.950000
1241.052851,1.820000,7.020000,6.940000
1241.052851,1.940000,7.020000,6.930000
1241.052851,1.980000,7.030000,6.910000
1241.052851,2.020000,7.050000,6.890000
1241.149171,1.950000,7.070000,6.920000
1241.149171,1.930000,7.060000,6.890000
1241.149171,1.940000,7.040000,6.900000
1241.149171,1.940000,7.060000,6.900000
1241.149171,1.890000,7.050000,6.890000
1241.245491,1.880000,7.050000,6.900000
1241.245491,1.810000,7.090000,6.910000
1241.245491,1.790000,7.100000,6.890000
1241.245491,1.800000,7.080000,6.900000
1241.245491,1.830000,7.050000,6.890000
1241.341821,1.820000,7.080000,6.900000
1241.341821,1.800000,7.120000,6.880000
1241.341821,1.850000,7.140000,6.890000
1241.341821,1.870000,7.130000,6.900000
1241.341821,1.870000,7.040000,6.910000
1241.438131,1.830000,7.050000,6.900000
1241.438131,1.840000,7.020000,6.910000
1241.438131,1.870000,7.010000,6.890000
1241.438131,1.880000,7.020000,6.920000
1241.438131,1.880000,6.970000,6.900000
1241.534401,1.890000,7.020000,6.900000
1241.534401,1.930000,7.040000,6.890000
1241.534401,1.900000,7.050000,6.870000
1241.534401,1.910000,7.080000,6.880000
1241.534401,1.930000,7.080000,6.870000
1241.630701,1.990000,7.130000,6.860000
1241.630701,2.010000,7.140000,6.870000
1241.630701,1.970000,7.110000,6.880000
1241.630701,1.960000,7.100000,6.900000
1241.630701,1.950000,7.050000,6.900000
1241.726991,1.950000,6.980000,6.980000
1241.726991,1.820000,6.950000,6.930000
1241.726991,1.890000,6.920000,6.960000
1241.726991,1.920000,6.920000,6.960000
1241.726991,2.000000,6.950000,6.950000
1241.823281,2.010000,6.960000,6.940000
1241.823281,2.000000,6.960000,6.930000
1241.823281,2.010000,6.920000,6.940000
1241.823281,2.040000,6.920000,6.930000
1241.823281,2.040000,6.960000,6.940000
1241.919571,1.960000,7.080000,6.950000
1241.919571,1.960000,7.040000,6.910000
1241.919571,1.900000,7.060000,6.890000
1241.919571,1.900000,7.050000,6.870000
1241.919571,1.930000,7.100000,6.890000
1242.015871,1.920000,7.140000,6.920000
1242.015871,1.900000,7.070000,6.900000
1242.015871,1.850000,7.010000,6.930000
1242.015871,1.830000,6.970000,6.920000
1242.015871,1.880000,7.010000,6.920000
1242.112161,1.890000,7.040000,6.950000
1242.112161,1.900000,6.990000,6.930000
1242.112161,1.910000,6.930000,6.930000
1242.112161,1.890000,6.940000,6.910000
1242.112161,1.900000,7.030000,6.890000
1242.208441,1.890000,7.100000,6.910000
1242.208441,1.890000,7.070000,6.910000
1242.208441,1.870000,7.040000,6.900000
1242.208441,1.840000,7.060000,6.890000
1242.208441,1.780000,7.120000,6.880000
1242.304731,1.840000,7.130000,6.870000
1242.304731,1.920000,7.060000,6.860000
1242.304731,1.990000,7.040000,6.860000
1242.304731,2.010000,7.060000,6.880000
1242.304731,2.030000,7.080000,6.910000
1242.401041,2.010000,7.040000,6.880000
1242.401041,2.010000,7.060000,6.920000
1242.401041,1.980000,7.000000,6.910000
1242.401041,1.910000,7.030000,6.900000
1242.401041,1.850000,7.080000,6.900000
1242.497341,1.950000,7.030000,6.860000
1242.497341,2.000000,7.030000,6.860000
1242.497341,2.020000,7.090000,6.880000
1242.497341,2.000000,7.140000,6.850000
1242.497341,1.980000,7.120000,6.860000
1242.596291,1.970000,7.090000,6.880000
1242.596291,1.920000,7.070000,6.880000
1242.596291,1.890000,7.110000,6.890000
1242.596291,1.870000,7.110000,6.880000
1242.596291,1.830000,7.070000,6.870000
1242.692561,1.850000,7.070000,6.880000
1242.692561,1.850000,7.050000,6.870000
1242.692561,1.890000,7.080000,6.870000
1242.692561,1.890000,7.110000,6.880000
1242.692561,1.900000,7.120000,6.890000
1242.788811,1.930000,7.120000,6.900000
1242.788811,1.950000,7.090000,6.910000
1242.788811,1.940000,7.040000,6.900000
1242.788811,1.930000,7.010000,6.890000
1242.788811,1.920000,7.010000,6.900000
1352.566207,1.310000,-0.360000,-0.410000
1352.566207,1.140000,-0.170000,1.970000
1352.566207,1.160000,0.330000,3.190000
1352.566207,1.740000,2.210000,6.140000
1352.566207,2.620000,3.530000,8.230000
1352.662437,2.040000,5.560000,10.750000
1352.662437,1.150000,8.670000,13.660000
1352.662437,1.160000,10.610000,15.720000
1352.662437,0.590000,11.760000,17.890000
1352.662437,-0.320000,10.660000,16.600000
1352.758657,1.290000,11.550000,17.620000
1352.758657,2.670000,11.300000,16.510000
1352.758657,2.620000,11.100000,15.500000
1352.758657,1.890000,10.240000,12.390000
1352.758657,0.680000,9.040000,9.750000
1352.854867,1.200000,6.350000,6.470000
1352.854867,0.330000,4.500000,3.190000
1352.854867,-0.070000,4.080000,2.200000
1352.854867,-1.190000,3.400000,0.490000
1352.854867,-2.590000,3.120000,-0.510000
1352.951067,-3.080000,2.060000,-1.840000
1352.951067,-2.150000,1.790000,-1.210000
1352.951067,-1.790000,1.550000,-1.360000
1352.951067,-0.160000,2.370000,0.090000
1352.951067,1.230000,4.240000,2.180000
1353.047267,5.390000,8.580000,6.410000
1353.047267,7.070000,8.810000,6.690000
1353.047267,7.260000,9.620000,6.360000
1353.047267,5.690000,13.890000,8.040000
1353.047267,5.530000,14.730000,9.850000
1353.143477,4.210000,15.800000,11.830000
1353.143477,4.150000,16.950000,11.960000
1353.143477,3.440000,16.240000,11.230000
1353.143477,2.590000,14.640000,10.570000
1353.143477,2.590000,13.310000,9.620000
1353.239677,3.330000,10.770000,7.310000
1353.239677,3.160000,9.620000,4.790000
1353.239677,3.600000,7.430000,4.370000
1353.239677,3.270000,5.110000,1.780000
1353.239677,2.990000,4.180000,0.310000
1353.335917,1.440000,1.210000,0.270000
1353.335917,1.240000,0.590000,0.400000
1353.335917,0.790000,-0.560000,0.280000
1353.335917,0.540000,-0.340000,1.030000
1353.335917,0.610000,0.670000,2.010000
1353.432097,0.030000,2.130000,4.420000
1353.432097,0.060000,3.930000,6.480000
1353.432097,-0.020000,7.640000,9.860000
1353.432097,-0.970000,8.300000,11.010000
1353.432097,-1.000000,8.870000,10.720000
1353.528297,0.200000,13.070000,15.370000
1353.528297,-0.580000,13.500000,16.580000
1353.528297,-1.280000,13.910000,17.270000
1353.528297,-1.790000,11.850000,15.150000
1353.528297,-1.480000,11.030000,14.160000
1353.624497,0.720000,8.730000,10.150000
1353.624497,0.780000,7.900000,8.680000
1353.624497,1.650000,6.440000,6.870000
1353.624497,1.620000,4.300000,4.490000
1353.624497,1.440000,3.130000,3.110000
1353.720717,1.340000,1.710000,-1.100000
1353.720717,1.000000,1.900000,-1.480000
1353.720717,-0.170000,2.360000,-1.470000
1353.720717,-0.510000,2.660000,-0.920000
1353.720717,-0.560000,2.590000,-1.170000
1353.816947,1.070000,5.820000,2.560000
1353.816947,1.390000,7.180000,3.730000
1353.816947,2.790000,11.120000,7.490000
1353.816947,2.870000,10.360000,8.780000
1353.816947,3.070000,8.980000,8.770000
1353.913167,4.540000,12.380000,14.040000
1353.913167,3.970000,13.240000,14.550000
1353.913167,3.730000,13.460000,12.890000
1353.913167,5.520000,13.550000,10.490000
1353.913167,7.170000,14.390000,10.890000
1354.009387,6.080000,11.250000,6.540000
1354.009387,5.780000,10.630000,6.080000
1354.009387,4.190000,8.400000,3.580000
1354.009387,3.180000,6.170000,1.560000
1354.009387,2.840000,5.320000,0.770000
1354.105637,1.600000,3.130000,-0.950000
1354.105637,1.510000,3.030000,-0.510000
1354.105637,1.260000,2.280000,-0.180000
1354.105637,0.870000,0.940000,-0.300000
1354.105637,0.690000,0.830000,0.290000
1354.201867,0.960000,6.410000,7.930000
1354.201867,1.090000,10.020000,11.330000
1354.201867,-2.270000,4.870000,9.150000
1354.201867,-3.330000,6.020000,8.900000
1354.201867,-2.170000,9.400000,12.310000
1354.298077,-2.200000,12.470000,16.710000
1354.298077,-3.210000,12.420000,15.250000
1354.298077,-3.830000,12.730000,15.030000
1354.298077,-2.240000,12.380000,13.430000
1354.298077,-1.520000,11.810000,12.540000
1354.394277,-0.720000,8.730000,7.960000
1354.394277,-0.680000,8.190000,7.290000
1354.394277,-0.690000,6.670000,5.540000
1354.394277,-0.080000,5.030000,4.020000
1354.394277,0.070000,4.140000,3.190000
1354.490487,0.460000,1.110000,-1.010000
1354.490487,0.920000,0.440000,-1.640000
1354.490487,1.860000,0.560000,-0.950000
1354.490487,0.780000,1.150000,-0.570000
1354.490487,-0.050000,0.680000,-1.000000
1354.586707,0.660000,5.460000,2.540000
1354.586707,1.970000,7.660000,4.030000
1354.586707,6.280000,11.310000,7.350000
1354.586707,9.600000,11.680000,3.710000
1354.586707,10.430000,11.810000,2.180000
1354.682917,8.290000,12.010000,8.300000
1354.682917,6.630000,11.960000,8.780000
1354.682917,5.080000,15.330000,7.110000
1354.682917,7.470000,16.290000,5.270000
1354.682917,7.800000,15.780000,4.520000
1354.779147,6.920000,12.760000,3.190000
1354.779147,6.670000,11.890000,2.580000
1354.779147,5.640000,10.430000,2.070000
1354.779147,4.130000,8.130000,0.720000
1354.779147,3.440000,7.130000,0.170000
1354.875377,1.460000,4.590000,-0.610000
1354.875377,0.890000,4.450000,-0.550000
1354.875377,0.600000,3.400000,-0.670000
1354.875377,0.540000,2.500000,-0.700000
1354.875377,0.640000,1.950000,-0.780000
1354.971617,1.300000,6.400000,10.780000
1354.971617,1.500000,9.700000,11.550000
1354.971617,-2.200000,5.560000,4.420000
1354.971617,-1.820000,12.450000,8.010000
1354.971617,-1.120000,12.740000,9.950000
1355.067847,-0.230000,11.290000,10.980000
1355.067847,-1.990000,12.980000,7.670000
1355.067847,-1.320000,15.340000,7.430000
1355.067847,0.320000,14.970000,5.740000
1355.067847,0.580000,14.580000,5.000000
1355.164087,1.010000,11.720000,3.020000
1355.164087,0.570000,9.760000,1.960000
1355.164087,0.350000,7.460000,0.500000
1355.164087,0.280000,5.370000,-1.130000
1355.164087,0.490000,4.550000,-1.570000
1355.260307,1.180000,3.690000,-1.710000
1355.260307,1.050000,3.830000,-1.490000
1355.260307,0.800000,3.970000,-1.610000
1355.260307,0.380000,3.450000,-2.420000
1355.260307,0.190000,3.090000,-2.840000
1355.356527,1.490000,5.890000,0.450000
1355.356527,2.720000,8.510000,2.340000
1355.356527,3.560000,12.270000,2.670000
1355.356527,2.530000,13.130000,-1.300000
1355.356527,3.790000,16.950000,-0.010000
1355.452747,3.520000,15.310000,1.960000
1355.452747,2.640000,15.770000,1.690000
1355.452747,2.700000,16.550000,0.940000
1355.452747,3.270000,16.510000,-0.110000
1355.452747,3.620000,17.090000,1.210000
1355.548957,3.260000,16.060000,-0.170000
1355.548957,3.210000,14.700000,-0.460000
1355.548957,3.220000,12.650000,-0.780000
1355.548957,2.730000,10.070000,-1.290000
1355.548957,2.330000,8.800000,-1.510000
1355.645187,0.970000,5.430000,-1.600000
1355.645187,0.060000,3.770000,-1.420000
1355.645187,-0.650000,2.460000,-1.310000
1355.645187,-0.760000,2.100000,-0.480000
1355.645187,-0.880000,1.740000,-0.900000
1355.741427,-1.050000,4.350000,2.930000
1355.741427,0.670000,11.330000,10.770000
1355.741427,-3.290000,6.460000,3.160000
1355.741427,-2.120000,13.980000,5.020000
1355.741427,-0.410000,14.090000,5.880000
1355.837637,-1.890000,11.100000,5.180000
1355.837637,-3.780000,14.130000,2.420000
1355.837637,-3.550000,17.100000,0.550000
1355.837637,-2.510000,17.430000,0.220000
1355.837637,-1.560000,16.300000,-0.100000
1355.933867,-1.620000,12.750000,-0.400000
1355.933867,-2.250000,10.380000,-0.710000
1355.933867,-2.200000,8.350000,-0.610000
1355.933867,-2.060000,7.450000,-0.600000
1355.933867,-1.760000,5.990000,-0.550000
1356.030077,-2.530000,5.080000,-0.850000
1356.030077,-3.610000,6.060000,-1.500000
1356.030077,-5.500000,8.220000,-2.570000
1356.030077,-6.820000,9.560000,-3.150000
1356.030077,-8.090000,11.710000,-3.800000
1356.126287,-6.020000,12.390000,-4.640000
1356.126287,-5.310000,12.230000,-5.800000
1356.126287,-2.770000,13.380000,-4.830000
1356.126287,-1.620000,12.980000,-4.370000
1356.126287,0.290000,10.260000,-5.240000
1356.222517,1.920000,11.420000,-3.540000
1356.222517,3.860000,10.020000,-3.060000
1356.222517,4.250000,9.780000,-1.230000
1356.222517,4.980000,10.220000,0.000000
1356.222517,6.340000,16.550000,11.190000
1356.318737,3.810000,12.550000,2.560000
1356.318737,2.260000,14.230000,2.890000
1356.318737,2.740000,16.300000,6.140000
1356.318737,2.400000,14.000000,2.540000
1356.318737,1.860000,14.000000,2.130000
1356.414907,1.070000,12.810000,2.040000
1356.414907,1.400000,9.650000,0.880000
1356.414907,1.130000,8.160000,0.130000
1356.414907,1.250000,7.790000,0.750000
1356.414907,1.440000,6.190000,0.260000
1408.131340,1.460000,8.760000,1.470000
1408.131340,2.100000,9.650000,1.450000
1408.131340,2.670000,10.270000,2.540000
1408.131340,3.070000,9.940000,2.740000
1408.131340,3.820000,9.270000,2.910000
1408.227640,4.350000,8.790000,3.830000
1408.227640,4.510000,8.730000,3.980000
1408.227640,4.230000,9.130000,3.960000
1408.227640,3.850000,9.140000,3.850000
1408.227640,3.140000,9.330000,3.890000
1408.323920,2.340000,9.250000,3.930000
1408.323920,1.820000,8.790000,3.980000
1408.323920,1.290000,8.310000,3.880000
1408.323920,0.900000,8.170000,3.710000
1408.323920,-0.120000,8.360000,3.460000
1408.420190,-1.570000,8.750000,2.950000
1408.420190,-4.020000,9.720000,1.870000
1408.420190,-7.640000,11.190000,-0.510000
1408.420190,-7.660000,12.320000,-1.790000
1408.420190,-0.810000,13.270000,-2.090000
1408.516440,5.280000,9.950000,-1.880000
1408.516440,6.880000,9.900000,-0.560000
1408.516440,6.480000,10.090000,-0.350000
1408.516440,7.520000,9.930000,-0.360000
1408.516440,8.490000,10.510000,1.160000
1408.612720,8.070000,10.250000,2.210000
1408.612720,5.890000,9.880000,2.430000
1408.612720,4.720000,9.730000,2.770000
1408.612720,4.940000,9.720000,2.850000
1408.612720,5.130000,9.710000,3.020000
1408.709000,4.980000,8.540000,3.450000
1408.709000,4.970000,8.050000,4.360000
1408.709000,6.070000,7.850000,5.090000
1408.709000,6.660000,7.890000,5.370000
1408.709000,7.310000,8.350000,6.150000
1408.805290,6.370000,8.030000,6.510000
1408.805290,5.200000,7.290000,6.470000
1408.805290,3.960000,6.470000,6.560000
1408.805290,3.460000,6.230000,6.630000
1408.805290,2.660000,5.770000,6.350000
1408.901580,2.060000,5.080000,5.840000
1408.901580,2.500000,5.380000,6.410000
1408.901580,3.560000,5.630000,7.000000
1408.901580,4.060000,5.860000,7.170000
1408.901580,4.590000,6.360000,7.360000
1408.997860,4.910000,6.750000,7.850000
1408.997860,5.130000,6.700000,7.950000
1408.997860,4.910000,6.510000,7.890000
1408.997860,4.560000,6.360000,7.710000
1408.997860,3.820000,6.170000,7.330000
1409.094150,2.940000,5.890000,6.550000
1409.094150,2.970000,5.960000,6.510000
1409.094150,3.260000,5.860000,6.630000
1409.094150,3.180000,5.740000,6.440000
1409.094150,3.200000,5.660000,6.430000
1409.190440,3.610000,6.110000,6.560000
1409.190440,3.560000,6.370000,6.560000
1409.190440,3.290000,6.440000,6.600000
1409.190440,3.240000,6.460000,6.610000
1409.190440,3.420000,6.590000,6.570000
1409.286690,3.480000,7.050000,6.470000
1409.286690,3.530000,7.100000,6.450000
1409.286690,3.750000,6.940000,6.440000
1409.286690,3.860000,6.870000,6.300000
1409.286690,3.790000,7.260000,6.110000
1409.382950,2.650000,8.820000,6.170000
1409.382950,2.910000,8.340000,5.590000
1409.382950,3.150000,8.250000,5.870000
1409.382950,3.410000,8.190000,6.250000
1409.382950,4.000000,8.370000,6.630000
1409.479210,4.190000,9.370000,5.930000
1409.479210,4.280000,9.740000,5.610000
1409.479210,3.460000,9.620000,5.540000
1409.479210,2.860000,9.640000,5.590000
1409.479210,2.240000,9.970000,5.740000
1409.575520,5.490000,9.580000,5.790000
1409.575520,7.110000,8.670000,5.880000
1409.575520,7.790000,7.940000,5.870000
1409.575520,7.850000,7.660000,5.760000
1409.575520,7.470000,7.480000,5.340000
1409.671790,6.260000,7.290000,4.650000
1409.671790,5.230000,6.880000,4.180000
1409.671790,4.110000,6.330000,3.780000
1409.671790,3.680000,6.040000,3.650000
1409.671790,3.050000,5.570000,3.490000
1409.768060,2.460000,4.950000,3.380000
1409.768060,2.560000,4.860000,3.360000
1409.768060,2.730000,5.370000,3.590000
1409.768060,2.690000,5.650000,3.780000
1409.768060,2.900000,5.920000,4.200000
1409.864320,3.650000,6.130000,4.740000
1409.864320,4.260000,6.390000,5.060000
1409.864320,4.750000,6.940000,5.920000
1409.864320,4.870000,7.170000,6.130000
1409.864320,5.640000,7.380000,6.980000
1409.960610,6.790000,7.690000,7.680000
1409.960610,6.860000,7.760000,7.540000
1409.960610,6.190000,8.360000,7.750000
1409.960610,5.870000,8.670000,7.780000
1409.960610,5.160000,8.670000,7.040000
1410.056910,3.430000,9.040000,7.120000
1410.056910,2.760000,7.800000,5.980000
1410.056910,2.140000,7.900000,5.730000
1410.056910,1.840000,8.530000,6.560000
1410.056910,1.270000,8.570000,7.740000
1410.153180,0.900000,7.650000,8.050000
1410.153180,1.010000,7.470000,8.280000
1410.153180,0.960000,7.320000,8.510000
1410.153180,0.880000,7.100000,8.240000
1410.153180,0.730000,6.800000,7.430000
1410.249460,0.550000,6.910000,6.110000
1410.249460,0.490000,7.150000,5.610000
1410.249460,0.500000,7.140000,5.350000
1410.249460,0.580000,6.960000,5.310000
1410.249460,0.800000,6.470000,5.300000
1410.345720,1.040000,5.590000,5.260000
1410.345720,1.280000,5.230000,5.120000
1410.345720,1.270000,6.040000,5.330000
1410.345720,1.190000,6.390000,5.370000
1410.345720,1.330000,6.280000,5.280000
1410.442010,1.890000,6.610000,5.590000
1410.442010,1.950000,7.040000,6.080000
1410.442010,1.900000,7.450000,6.520000
1410.442010,1.900000,7.640000,6.700000
1410.442010,1.680000,7.910000,6.900000
1410.538280,1.340000,8.470000,6.800000
1410.538280,1.500000,9.260000,6.870000
1410.538280,1.780000,9.360000,6.960000
1410.538280,1.950000,9.210000,7.010000
1410.538280,2.510000,9.280000,7.500000
1410.634540,3.470000,9.550000,8.620000
1410.634540,3.350000,8.180000,7.690000
1410.634540,3.540000,8.150000,7.430000
1410.634540,3.800000,7.340000,6.400000
1410.634540,4.420000,6.250000,4.480000
1410.730810,4.340000,6.850000,3.880000
1410.730810,4.520000,7.670000,4.390000
1410.730810,5.490000,7.870000,4.690000
1410.730810,5.890000,7.860000,4.680000
1410.730810,6.300000,7.970000,4.890000
1410.827070,6.320000,7.450000,4.650000
1410.827070,6.110000,7.240000,4.250000
1410.827070,5.380000,7.430000,4.210000
1410.827070,4.970000,7.590000,4.060000
1410.827070,4.430000,8.360000,4.060000
1410.923340,3.370000,8.310000,4.140000
1410.923340,2.930000,8.210000,4.570000
1410.923340,2.620000,7.870000,4.610000
1410.923340,2.390000,7.610000,4.170000
1410.923340,2.400000,7.480000,4.130000
1411.019610,2.840000,7.670000,4.810000
1411.019610,3.530000,7.880000,5.300000
1411.019610,3.550000,7.310000,4.240000
1411.019610,3.520000,7.390000,3.800000
1411.019610,3.500000,8.230000,4.210000
1411.115910,3.680000,8.790000,5.190000
1411.115910,3.800000,8.770000,5.200000
1411.115910,3.780000,8.550000,5.250000
1411.115910,3.630000,8.270000,5.100000
1411.115910,3.420000,8.590000,5.590000
1411.212200,2.890000,8.490000,5.980000
1411.212200,2.510000,8.140000,5.690000
1411.212200,2.430000,8.840000,6.540000
1411.212200,2.070000,8.330000,6.190000
1411.212200,1.950000,9.410000,7.030000
1411.308490,0.910000,8.800000,5.900000
1411.308490,0.470000,8.480000,5.350000
1411.308490,0.160000,8.580000,5.520000
1411.308490,0.000000,8.570000,5.680000
1411.308490,-0.070000,8.540000,6.070000
1411.404800,-0.120000,8.200000,6.360000
1411.404800,-0.180000,7.960000,6.360000
1411.404800,-0.430000,7.730000,6.250000
1411.404800,-0.430000,7.780000,6.250000
1411.404800,-0.210000,7.780000,6.160000
1411.501090,0.380000,7.770000,5.570000
1411.501090,0.670000,7.650000,5.430000
1411.501090,0.580000,7.420000,5.270000
1411.501090,0.420000,7.510000,5.030000
1411.501090,0.390000,7.840000,4.800000
1411.597400,0.510000,7.650000,4.630000
1411.597400,1.330000,8.530000,4.810000
1411.597400,1.890000,9.170000,4.620000
1411.597400,2.170000,9.520000,4.580000
1411.597400,2.560000,10.190000,4.750000
1411.693660,2.190000,10.050000,4.850000
1411.693660,1.870000,9.820000,5.110000
1411.693660,1.570000,8.900000,5.180000
1411.693660,1.620000,8.650000,5.320000
1411.693660,1.610000,8.230000,5.540000
1411.789900,1.340000,7.760000,5.690000
1411.789900,1.370000,7.930000,6.370000
1411.789900,1.440000,7.610000,6.640000
1411.789900,1.540000,7.640000,6.880000
1411.789900,1.740000,7.410000,7.080000
1411.886190,2.240000,6.310000,6.560000
1411.886190,2.980000,6.020000,6.920000
1411.886190,2.790000,5.820000,6.360000
1411.886190,2.940000,5.960000,6.650000
1411.886190,2.770000,6.240000,6.380000
1411.982470,3.170000,6.680000,6.370000
1411.982470,3.500000,7.080000,6.360000
1411.982470,3.610000,7.240000,6.470000
1411.982470,3.510000,7.150000,6.430000
1411.982470,3.330000,7.070000,6.420000
1495.853685,-0.030000,9.670000,-1.970000
1495.853685,0.110000,9.670000,-1.990000
1495.853685,0.210000,9.820000,-1.950000
1495.853685,0.350000,9.870000,-1.900000
1495.853685,0.400000,9.900000,-1.910000
1495.949905,0.540000,10.260000,-1.920000
1495.949905,0.640000,10.380000,-1.880000
1495.949905,0.730000,10.460000,-1.780000
1495.949905,0.780000,10.480000,-1.670000
1495.949905,0.840000,10.510000,-1.650000
1496.046125,0.940000,10.380000,-1.390000
1496.046125,0.930000,10.170000,-1.140000
1496.046125,0.810000,10.070000,-0.870000
1496.046125,0.640000,9.870000,-0.650000
1496.046125,0.510000,9.820000,-0.550000
1496.142355,0.000000,9.720000,-0.340000
1496.142355,-0.650000,9.810000,-0.350000
1496.142355,-1.390000,10.200000,-0.390000
1496.142355,-2.390000,10.780000,-0.540000
1496.142355,-2.620000,10.980000,-0.680000
1496.238545,-3.710000,11.530000,-1.180000
1496.238545,-4.150000,12.010000,-1.560000
1496.238545,-4.280000,11.970000,-2.090000
1496.238545,-4.010000,11.210000,-2.450000
1496.238545,-3.020000,11.300000,-2.520000
1496.337405,-1.840000,10.780000,-2.640000
1496.337405,-0.770000,10.580000,-2.420000
1496.337405,0.200000,10.250000,-2.010000
1496.337405,1.040000,10.070000,-1.320000
1496.337405,1.440000,9.870000,-0.980000
1496.433595,2.290000,9.420000,0.550000
1496.433595,2.280000,9.390000,0.970000
1496.433595,2.110000,9.300000,1.720000
1496.433595,1.750000,9.150000,2.320000
1496.433595,1.630000,9.110000,2.630000
1496.529775,1.370000,8.750000,3.520000
1496.529775,1.270000,8.720000,3.750000
1496.529775,0.950000,8.570000,4.050000
1496.529775,0.630000,8.370000,4.220000
1496.529775,0.510000,8.400000,4.320000
1496.625955,0.210000,8.370000,4.570000
1496.625955,0.130000,8.340000,4.610000
1496.625955,0.010000,8.280000,4.660000
1496.625955,-0.130000,8.220000,4.650000
1496.625955,-0.200000,8.240000,4.690000
1496.722125,-0.660000,8.560000,4.740000
1496.722125,-0.830000,8.570000,4.680000
1496.722125,-1.080000,8.620000,4.710000
1496.722125,-1.140000,8.670000,4.770000
1496.722125,-1.180000,8.700000,4.800000
1496.818315,-1.530000,8.970000,4.780000
1496.818315,-1.570000,9.050000,4.800000
1496.818315,-1.440000,9.230000,4.950000
1496.818315,-1.280000,9.370000,5.090000
1496.818315,-1.210000,9.330000,5.110000
1496.914485,-1.070000,8.960000,4.290000
1496.914485,-0.980000,8.840000,4.130000
1496.914485,-0.730000,8.740000,3.830000
1496.914485,-0.400000,8.830000,3.590000
1496.914485,-0.200000,8.940000,3.510000
1497.010665,0.350000,9.470000,3.410000
1497.010665,0.370000,9.480000,3.420000
1497.010665,0.340000,9.590000,3.450000
1497.010665,0.360000,9.610000,3.600000
1497.010665,0.420000,9.640000,3.610000
1497.106875,0.340000,9.590000,3.540000
1497.106875,0.160000,9.530000,3.580000
1497.106875,0.000000,9.450000,3.690000
1497.106875,-0.070000,9.430000,3.680000
1497.106875,-0.050000,9.480000,3.700000
1497.203085,0.270000,9.420000,3.580000
1497.203085,0.510000,9.350000,3.680000
1497.203085,0.470000,9.150000,3.620000
1497.203085,0.440000,9.040000,3.660000
1497.203085,0.420000,9.000000,3.710000
1497.299285,0.540000,8.990000,4.030000
1497.299285,0.620000,8.970000,4.100000
1497.299285,0.890000,8.930000,4.280000
1497.299285,1.320000,8.830000,4.310000
1497.299285,1.480000,8.740000,4.300000
1497.395485,1.770000,8.490000,4.530000
1497.395485,1.840000,8.350000,4.620000
1497.395485,1.860000,8.330000,4.690000
1497.395485,1.970000,8.320000,4.670000
1497.395485,2.000000,8.320000,4.680000
1497.491705,2.190000,8.430000,4.760000
1497.491705,2.300000,8.360000,4.810000
1497.491705,2.230000,8.170000,4.860000
1497.491705,2.100000,7.870000,4.810000
1497.491705,2.020000,7.790000,4.790000
1497.587935,1.790000,7.740000,4.700000
1497.587935,1.630000,7.890000,4.620000
1497.587935,1.560000,8.050000,4.520000
1497.587935,1.550000,8.240000,4.280000
1497.587935,1.560000,8.400000,4.180000
1497.684175,1.420000,8.580000,3.820000
1497.684175,1.500000,8.640000,3.570000
1497.684175,1.690000,8.760000,3.260000
1497.684175,1.850000,9.230000,2.940000
1497.684175,1.900000,9.510000,2.850000
1497.780415,2.140000,9.980000,2.680000
1497.780415,2.370000,10.060000,2.620000
1497.780415,2.610000,10.050000,2.480000
1497.780415,2.690000,9.930000,2.340000
1497.780415,2.670000,9.940000,2.220000
1497.876655,2.580000,10.030000,2.000000
1497.876655,2.730000,10.110000,1.980000
1497.876655,2.830000,10.100000,2.080000
1497.876655,2.770000,9.900000,2.110000
1497.876655,2.750000,9.770000,2.140000
1497.972855,2.690000,9.390000,2.280000
1497.972855,2.690000,9.350000,2.250000
1497.972855,2.830000,9.630000,2.260000
1497.972855,2.880000,9.880000,2.230000
1497.972855,3.040000,9.920000,2.160000
1498.069075,3.300000,10.000000,2.350000
1498.069075,3.390000,10.280000,3.030000
1498.069075,3.330000,10.330000,3.030000
1498.069075,3.280000,10.410000,3.240000
1498.069075,3.010000,9.680000,2.400000
1498.165255,2.640000,10.160000,3.050000
1498.165255,2.050000,10.020000,2.690000
1498.165255,1.230000,9.580000,2.220000
1498.165255,0.750000,9.300000,1.860000
1498.165255,0.220000,8.980000,1.660000
1498.261445,0.090000,8.950000,1.580000
1498.261445,0.150000,9.070000,1.670000
1498.261445,0.230000,9.240000,1.680000
1498.261445,0.290000,9.480000,1.680000
1498.261445,0.350000,9.670000,1.640000
1498.357665,0.790000,10.220000,1.710000
1498.357665,1.220000,10.870000,1.670000
1498.357665,1.680000,11.450000,1.530000
1498.357665,1.940000,11.630000,1.490000
1498.357665,2.900000,12.240000,1.500000
1498.453875,2.080000,11.380000,1.170000
1498.453875,1.470000,11.020000,1.260000
1498.453875,0.900000,10.320000,1.460000
1498.453875,0.570000,9.900000,1.670000
1498.453875,-0.020000,9.220000,2.140000
1498.550085,0.030000,8.980000,2.440000
1498.550085,0.430000,9.120000,2.630000
1498.550085,0.500000,9.030000,2.650000
1498.550085,0.520000,9.050000,2.700000
1498.550085,0.710000,8.990000,2.900000
1498.646305,0.710000,8.570000,3.060000
1498.646305,0.660000,8.540000,3.400000
1498.646305,0.780000,8.380000,3.580000
1498.646305,0.800000,8.390000,3.610000
1498.646305,0.950000,8.670000,3.660000
1498.742515,1.100000,9.000000,3.760000
1498.742515,1.270000,9.080000,3.790000
1498.742515,1.280000,9.220000,3.810000
1498.742515,1.340000,9.310000,3.800000
1498.742515,1.400000,9.340000,3.780000
1498.838745,1.450000,9.280000,3.840000
1498.838745,1.510000,9.230000,3.880000
1498.838745,1.590000,9.050000,3.940000
1498.838745,1.590000,8.890000,3.900000
1498.838745,1.670000,8.800000,4.000000
1498.934955,1.640000,9.050000,4.050000
1498.934955,1.420000,8.890000,4.020000
1498.934955,1.100000,8.970000,4.000000
1498.934955,0.970000,9.040000,3.930000
1498.934955,1.210000,9.280000,3.790000
1499.031165,1.700000,9.370000,3.770000
1499.031165,1.480000,9.340000,3.860000
1499.031165,1.150000,9.310000,3.910000
1499.031165,1.110000,9.240000,3.950000
1499.031165,1.270000,9.060000,4.000000
1499.127375,1.370000,8.870000,4.070000
1499.127375,1.290000,8.990000,3.980000
1499.127375,1.150000,9.240000,3.960000
1499.127375,1.130000,9.330000,4.040000
1499.127375,1.040000,9.090000,4.000000
1499.223615,1.230000,9.110000,3.940000
1499.223615,1.450000,9.360000,4.130000
1499.223615,1.480000,9.660000,4.290000
1499.223615,1.330000,9.740000,4.170000
1499.223615,0.920000,9.790000,3.840000
1499.319815,0.500000,9.710000,3.880000
1499.319815,0.320000,9.790000,3.970000
1499.319815,0.080000,9.910000,3.900000
1499.319815,-0.080000,10.010000,3.770000
1499.319815,-0.280000,10.210000,3.640000
1499.416025,-0.170000,9.870000,3.490000
1499.416025,0.000000,9.550000,3.380000
1499.416025,0.220000,9.360000,3.300000
1499.416025,0.380000,9.250000,3.280000
1499.416025,0.740000,9.130000,3.230000
1499.512245,1.340000,9.040000,3.250000
1499.512245,1.570000,8.830000,3.240000
1499.512245,1.560000,8.600000,3.210000
1499.512245,1.550000,8.500000,3.170000
1499.512245,1.610000,8.480000,3.140000
1499.608435,1.920000,8.670000,3.080000
1499.608435,2.180000,8.690000,3.090000
1499.608435,2.310000,8.750000,3.090000
1499.608435,2.340000,8.760000,3.110000
1499.608435,2.320000,8.810000,3.120000
1499.704655,2.280000,8.810000,2.950000
1499.704655,2.220000,8.750000,2.890000
1499.704655,2.160000,8.710000,2.790000
1499.704655,2.120000,8.770000,2.680000
1499.704655,2.350000,9.170000,2.480000
1612.936001,0.730000,8.970000,4.130000
1612.936001,0.750000,9.010000,4.160000
1612.936001,0.780000,9.020000,4.150000
1612.936001,0.920000,8.930000,4.070000
1612.936001,1.050000,8.960000,4.220000
1613.032261,1.550000,8.840000,4.330000
1613.032261,1.670000,8.860000,4.220000
1613.032261,2.180000,8.710000,4.180000
1613.032261,2.230000,8.740000,4.220000
1613.032261,2.120000,8.670000,4.200000
1613.128481,1.860000,9.150000,4.430000
1613.128481,1.830000,9.110000,4.400000
1613.128481,1.690000,8.910000,4.420000
1613.128481,1.630000,8.660000,4.600000
1613.128481,1.520000,8.470000,4.610000
1613.224691,0.750000,8.270000,4.450000
1613.224691,0.620000,8.240000,4.370000
1613.224691,0.430000,8.210000,4.330000
1613.224691,0.420000,8.520000,4.340000
1613.224691,0.500000,8.760000,4.330000
1613.320921,0.770000,9.450000,4.290000
1613.320921,0.630000,9.440000,4.190000
1613.320921,0.170000,9.540000,4.200000
1613.320921,-0.110000,9.680000,4.220000
1613.320921,-0.240000,9.740000,4.030000
1613.417201,0.060000,9.920000,3.290000
1613.417201,0.220000,9.920000,3.060000
1613.417201,0.690000,10.250000,2.670000
1613.417201,1.390000,10.640000,1.990000
1613.417201,1.920000,10.830000,1.710000
1613.513461,3.910000,10.780000,1.000000
1613.513461,3.930000,10.560000,0.620000
1613.513461,4.310000,9.960000,0.220000
1613.513461,4.320000,9.290000,0.250000
1613.513461,4.290000,8.990000,0.320000
1613.609711,3.990000,8.420000,-0.210000
1613.609711,3.610000,8.260000,-0.380000
1613.609711,2.980000,8.090000,-0.730000
1613.609711,2.460000,8.680000,-0.960000
1613.609711,2.360000,9.090000,-1.240000
1613.705951,2.870000,10.950000,-1.590000
1613.705951,3.260000,10.780000,-1.580000
1613.705951,3.490000,10.790000,-1.420000
1613.705951,3.690000,10.460000,-1.240000
1613.705951,3.750000,10.170000,-1.220000
1613.802201,3.620000,9.800000,-0.660000
1613.802201,3.560000,9.940000,-0.600000
1613.802201,3.510000,9.460000,-0.480000
1613.802201,3.620000,9.430000,-0.480000
1613.802201,3.490000,9.530000,-0.510000
1613.898441,3.230000,9.590000,-0.440000
1613.898441,2.860000,9.690000,-0.420000
1613.898441,2.550000,9.540000,-0.360000
1613.898441,2.250000,9.640000,-0.340000
1613.898441,2.050000,9.720000,-0.360000
1613.994711,1.750000,9.820000,-0.320000
1613.994711,1.670000,9.770000,-0.300000
1613.994711,1.450000,9.900000,-0.180000
1613.994711,1.200000,10.100000,-0.180000
1613.994711,1.100000,10.210000,-0.220000
1614.090951,1.100000,10.240000,-0.170000
1614.090951,1.300000,10.280000,-0.120000
1614.090951,1.250000,10.360000,0.040000
1614.090951,1.470000,10.460000,0.110000
1614.090951,1.600000,10.590000,0.150000
1614.187221,1.900000,10.580000,0.020000
1614.187221,2.280000,10.560000,0.160000
1614.187221,2.260000,10.670000,0.410000
1614.187221,2.080000,10.810000,0.530000
1614.187221,2.020000,10.810000,0.490000
1614.283491,1.960000,10.540000,0.530000
1614.283491,1.870000,10.160000,0.610000
1614.283491,1.670000,10.080000,0.800000
1614.283491,1.370000,10.180000,0.880000
1614.283491,1.200000,10.210000,0.740000
1614.379691,0.530000,10.140000,0.310000
1614.379691,0.050000,9.800000,0.110000
1614.379691,-0.560000,9.630000,-0.140000
1614.379691,-1.200000,9.770000,-0.530000
1614.379691,-1.500000,9.850000,-0.780000
1614.475881,-2.390000,10.010000,-1.320000
1614.475881,-2.920000,9.930000,-1.650000
1614.475881,-3.400000,9.750000,-1.920000
1614.475881,-3.610000,9.740000,-1.610000
1614.475881,-3.640000,9.590000,-1.400000
1614.572091,-3.800000,9.060000,-1.020000
1614.572091,-3.890000,8.820000,-0.980000
1614.572091,-3.860000,8.810000,-1.010000
1614.572091,-3.860000,8.800000,-1.190000
1614.572091,-3.830000,8.960000,-1.210000
1614.668311,-3.660000,9.320000,-1.610000
1614.668311,-3.230000,9.810000,-1.680000
1614.668311,-2.740000,10.080000,-1.610000
1614.668311,-2.500000,10.120000,-1.520000
1614.668311,-2.170000,9.960000,-1.500000
1614.764481,-1.850000,9.630000,-1.310000
1614.764481,-1.720000,9.450000,-1.140000
1614.764481,-1.680000,9.210000,-1.010000
1614.764481,-1.710000,9.170000,-0.890000
1614.764481,-1.810000,9.150000,-0.850000
1614.860691,-2.040000,9.310000,-0.810000
1614.860691,-2.210000,9.520000,-0.840000
1614.860691,-2.410000,9.580000,-0.770000
1614.860691,-2.560000,9.600000,-0.720000
1614.860691,-2.790000,9.740000,-0.610000
1614.956891,-2.980000,9.870000,-0.460000
1614.956891,-2.970000,9.760000,-0.340000
1614.956891,-3.020000,9.640000,-0.270000
1614.956891,-3.090000,9.540000,-0.250000
1614.956891,-3.240000,9.340000,-0.220000
1615.055701,-3.360000,9.290000,-0.110000
1615.055701,-3.230000,9.320000,-0.050000
1615.055701,-3.120000,9.530000,0.040000
1615.055701,-3.080000,9.600000,0.100000
1615.055701,-3.040000,9.710000,0.260000
1615.154541,-2.750000,9.710000,0.460000
1615.154541,-2.660000,9.610000,0.520000
1615.154541,-2.560000,9.370000,0.610000
1615.154541,-2.530000,9.310000,0.680000
1615.154541,-2.450000,9.710000,0.740000
1615.250671,-2.450000,9.760000,0.720000
1615.250671,-2.400000,10.090000,0.890000
1615.250671,-2.390000,10.220000,0.960000
1615.250671,-2.370000,10.350000,0.720000
1615.250671,-2.310000,10.520000,0.590000
1615.346811,-2.320000,10.430000,0.410000
1615.346811,-2.340000,10.750000,0.060000
1615.346811,-2.360000,10.820000,-0.070000
1615.346811,-2.410000,10.630000,-0.430000
1615.346811,-2.260000,10.440000,-0.850000
1615.442951,-1.960000,10.250000,-1.880000
1615.442951,-1.610000,10.370000,-2.480000
1615.442951,-1.400000,10.520000,-2.710000
1615.442951,-0.880000,10.750000,-2.920000
1615.442951,-0.260000,10.830000,-2.680000
1615.539091,0.710000,9.310000,-2.380000
1615.539091,1.310000,8.360000,-2.400000
1615.539091,1.570000,8.140000,-2.450000
1615.539091,1.990000,8.140000,-2.670000
1615.539091,2.280000,8.610000,-2.890000
1615.635241,2.010000,9.830000,-2.790000
1615.635241,1.540000,10.780000,-2.580000
1615.635241,1.240000,11.150000,-2.480000
1615.635241,0.790000,11.380000,-2.240000
1615.635241,0.580000,10.960000,-1.880000
1615.731391,0.430000,9.930000,-1.330000
1615.731391,0.370000,9.150000,-0.990000
1615.731391,0.320000,8.790000,-0.860000
1615.731391,0.240000,8.280000,-0.660000
1615.731391,0.140000,8.200000,-0.610000
1615.827511,0.240000,8.320000,-0.330000
1615.827511,0.250000,8.580000,-0.470000
1615.827511,0.270000,8.810000,-0.460000
1615.827511,0.380000,8.790000,-0.500000
1615.827511,0.490000,8.990000,-0.620000
1615.923631,0.920000,9.700000,-0.680000
1615.923631,1.000000,10.000000,-0.740000
1615.923631,1.000000,10.670000,-0.680000
1615.923631,0.780000,10.920000,-0.510000
1615.923631,0.640000,10.940000,-0.440000
1616.019761,0.680000,11.320000,-0.180000
1616.019761,0.650000,11.330000,-0.170000
1616.019761,0.510000,11.170000,-0.040000
1616.019761,0.360000,10.880000,0.070000
1616.019761,0.260000,10.780000,0.150000
1616.115901,0.280000,10.750000,0.910000
1616.115901,0.200000,10.530000,0.570000
1616.115901,-0.150000,10.590000,0.020000
1616.115901,-0.530000,10.180000,-0.140000
1616.115901,-0.680000,9.940000,-0.360000
1616.212041,-1.430000,9.400000,-1.740000
1616.212041,-1.590000,9.220000,-1.870000
1616.212041,-1.900000,9.110000,-1.640000
1616.212041,-2.340000,8.960000,-1.170000
1616.212041,-2.730000,8.790000,-1.130000
1616.308201,-4.230000,8.420000,-1.870000
1616.308201,-4.360000,8.400000,-2.050000
1616.308201,-4.510000,8.540000,-2.510000
1616.308201,-4.380000,9.080000,-2.620000
1616.308201,-4.260000,9.270000,-2.690000
1616.404341,-3.190000,10.240000,-2.830000
1616.404341,-2.840000,10.340000,-2.820000
1616.404341,-2.160000,10.360000,-2.660000
1616.404341,-1.750000,10.010000,-2.520000
1616.404341,-1.610000,9.860000,-2.410000
1616.500471,-1.290000,9.280000,-1.960000
1616.500471,-1.240000,9.160000,-1.880000
1616.500471,-1.170000,9.090000,-1.710000
1616.500471,-1.160000,9.050000,-1.570000
1616.500471,-1.200000,9.010000,-1.550000
1616.596601,-1.470000,8.920000,-1.450000
1616.596601,-1.560000,9.030000,-1.380000
1616.596601,-1.690000,9.280000,-1.430000
1616.596601,-1.770000,9.690000,-1.380000
1616.596601,-1.800000,9.780000,-1.380000
1616.692731,-1.860000,10.130000,-1.100000
1616.692731,-1.950000,10.240000,-1.040000
1616.692731,-1.960000,10.540000,-0.860000
1616.692731,-1.850000,10.720000,-0.670000
1616.692731,-1.830000,10.750000,-0.610000
1616.788861,-1.680000,10.490000,-0.230000
1616.788861,-1.710000,10.400000,-0.220000
1616.788861,-1.760000,10.370000,-0.210000
1616.788861,-1.750000,10.560000,-0.380000
1616.788861,-1.760000,10.580000,-0.460000
