0.096300,-0.550000,9.750000,-0.390000
0.096300,-0.530000,9.730000,-0.410000
0.096300,-0.520000,9.730000,-0.440000
0.096300,-0.480000,9.710000,-0.420000
0.096300,-0.460000,9.710000,-0.400000
0.192590,-0.460000,9.720000,-0.360000
0.192590,-0.480000,9.760000,-0.360000
0.192590,-0.460000,9.740000,-0.400000
0.192590,-0.480000,9.710000,-0.450000
0.192590,-0.460000,9.710000,-0.380000
0.288870,-0.470000,9.710000,-0.360000
0.288870,-0.510000,9.700000,-0.400000
0.288870,-0.570000,9.710000,-0.430000
0.288870,-0.600000,9.750000,-0.440000
0.288870,-0.590000,9.750000,-0.420000
0.385150,-0.560000,9.740000,-0.380000
0.385150,-0.520000,9.660000,-0.400000
0.385150,-0.480000,9.660000,-0.390000
0.385150,-0.430000,9.640000,-0.340000
0.385150,-0.370000,9.680000,-0.360000
0.481430,-0.460000,9.720000,-0.430000
0.481430,-0.560000,9.730000,-0.550000
0.481430,-0.570000,9.730000,-0.580000
0.481430,-0.570000,9.720000,-0.540000
0.481430,-0.550000,9.720000,-0.480000
0.577720,-0.510000,9.720000,-0.360000
0.577720,-0.580000,9.700000,-0.370000
0.577720,-0.610000,9.690000,-0.350000
0.577720,-0.630000,9.700000,-0.410000
0.577720,-0.620000,9.720000,-0.400000
0.673990,-0.640000,9.750000,-0.400000
0.673990,-0.670000,9.730000,-0.440000
0.673990,-0.680000,9.710000,-0.460000
0.673990,-0.660000,9.700000,-0.500000
0.673990,-0.590000,9.730000,-0.500000
0.770290,-0.460000,9.770000,-0.390000
0.770290,-0.410000,9.700000,-0.360000
0.770290,-0.420000,9.640000,-0.370000
0.770290,-0.390000,9.610000,-0.420000
0.770290,-0.430000,9.660000,-0.440000
0.866600,-0.490000,9.760000,-0.440000
0.866600,-0.530000,9.750000,-0.470000
0.866600,-0.550000,9.730000,-0.500000
0.866600,-0.630000,9.700000,-0.470000
0.866600,-0.670000,9.750000,-0.450000
0.962930,-0.600000,9.790000,-0.380000
0.962930,-0.570000,9.780000,-0.340000
0.962930,-0.540000,9.750000,-0.340000
0.962930,-0.520000,9.670000,-0.360000
0.962930,-0.500000,9.670000,-0.360000
1.059270,-0.470000,9.700000,-0.420000
1.059270,-0.490000,9.730000,-0.440000
1.059270,-0.470000,9.710000,-0.470000
1.059270,-0.510000,9.720000,-0.520000
1.059270,-0.500000,9.720000,-0.500000
1.155590,-0.450000,9.780000,-0.410000
1.155590,-0.440000,9.740000,-0.330000
1.155590,-0.430000,9.720000,-0.350000
1.155590,-0.480000,9.700000,-0.380000
1.155590,-0.500000,9.700000,-0.430000
1.251920,-0.470000,9.740000,-0.430000
1.251920,-0.480000,9.720000,-0.410000
1.251920,-0.500000,9.710000,-0.410000
1.251920,-0.530000,9.670000,-0.450000
1.251920,-0.550000,9.680000,-0.450000
1.348260,-0.510000,9.690000,-0.410000
1.348260,-0.480000,9.690000,-0.410000
1.348260,-0.470000,9.690000,-0.420000
1.348260,-0.450000,9.690000,-0.450000
1.348260,-0.490000,9.710000,-0.440000
1.444580,-0.530000,9.750000,-0.410000
1.444580,-0.520000,9.730000,-0.400000
1.444580,-0.500000,9.710000,-0.390000
1.444580,-0.520000,9.710000,-0.390000
1.444580,-0.530000,9.750000,-0.390000
1.540880,-0.570000,9.750000,-0.420000
1.540880,-0.600000,9.740000,-0.420000
1.540880,-0.590000,9.750000,-0.430000
1.540880,-0.580000,9.720000,-0.400000
1.540880,-0.580000,9.750000,-0.400000
1.637210,-0.530000,9.730000,-0.420000
1.637210,-0.450000,9.720000,-0.410000
1.637210,-0.440000,9.700000,-0.380000
1.637210,-0.480000,9.680000,-0.330000
1.637210,-0.580000,9.670000,-0.410000
1.733520,-0.700000,9.740000,-0.560000
1.733520,-0.680000,9.770000,-0.490000
1.733520,-0.650000,9.770000,-0.450000
1.733520,-0.570000,9.760000,-0.390000
1.733520,-0.480000,9.710000,-0.340000
1.829840,-0.500000,9.740000,-0.380000
1.829840,-0.500000,9.750000,-0.370000
1.829840,-0.510000,9.720000,-0.390000
1.829840,-0.540000,9.690000,-0.410000
1.829840,-0.540000,9.660000,-0.410000
1.926150,-0.550000,9.670000,-0.460000
1.926150,-0.510000,9.690000,-0.470000
1.926150,-0.500000,9.680000,-0.460000
1.926150,-0.440000,9.690000,-0.430000
1.926150,-0.420000,9.730000,-0.360000
2.022470,-0.420000,9.740000,-0.370000
2.022470,-0.400000,9.700000,-0.360000
2.022470,-0.390000,9.690000,-0.380000
2.022470,-0.360000,9.720000,-0.380000
2.022470,-0.360000,9.790000,-0.390000
2.118800,-0.360000,9.750000,-0.390000
2.118800,-0.420000,9.670000,-0.380000
2.118800,-0.450000,9.670000,-0.400000
2.118800,-0.520000,9.710000,-0.470000
2.118800,-0.550000,9.770000,-0.390000
2.215110,-0.580000,9.720000,-0.330000
2.215110,-0.570000,9.730000,-0.330000
2.215110,-0.520000,9.720000,-0.270000
2.215110,-0.640000,9.730000,-0.380000
2.215110,-0.680000,9.760000,-0.470000
2.311430,-0.710000,9.720000,-0.450000
2.311430,-0.720000,9.680000,-0.400000
2.311430,-0.730000,9.680000,-0.340000
2.311430,-0.670000,9.720000,-0.390000
2.311430,-0.600000,9.710000,-0.390000
2.407750,-0.390000,9.740000,-0.280000
2.407750,-0.320000,9.760000,-0.270000
2.407750,-0.280000,9.720000,-0.250000
2.407750,-0.330000,9.720000,-0.110000
2.407750,-0.630000,9.730000,-0.110000
2.504080,-0.960000,9.730000,-0.910000
2.504080,-0.600000,9.710000,-0.390000
2.504080,-0.360000,9.600000,-0.200000
2.504080,-0.200000,9.670000,-0.180000
2.504080,-0.210000,9.740000,0.190000
2.600390,-0.490000,9.740000,-0.190000
2.600390,-0.720000,9.680000,-0.460000
2.600390,-0.880000,9.690000,-0.610000
2.600390,-0.870000,9.760000,-0.400000
2.600390,-0.580000,9.780000,-0.100000
2.696660,-0.140000,9.550000,-0.140000
2.696660,-0.430000,9.630000,-0.190000
2.696660,-0.510000,9.750000,-0.260000
2.696660,-0.680000,9.930000,-0.410000
2.696660,-0.790000,9.840000,-0.410000
2.792960,-0.570000,9.550000,-0.050000
2.792960,-0.420000,9.640000,0.100000
2.792960,-0.420000,9.710000,0.070000
2.792960,-0.490000,9.840000,0.000000
2.792960,-0.520000,9.790000,0.000000
2.889250,-0.510000,9.670000,-0.330000
2.889250,-0.550000,9.670000,-0.370000
2.889250,-0.540000,9.700000,-0.360000
2.889250,-0.520000,9.730000,-0.350000
2.889250,-0.480000,9.700000,-0.390000
2.985540,-0.440000,9.620000,-0.270000
2.985540,-0.390000,9.660000,-0.170000
2.985540,-0.360000,9.710000,-0.140000
2.985540,-0.320000,9.760000,0.020000
2.985540,-0.340000,9.710000,-0.110000
3.081830,-0.610000,9.710000,-0.230000
3.081830,-0.750000,9.800000,-0.340000
3.081830,-0.780000,9.840000,-0.330000
3.081830,-0.780000,9.810000,-0.270000
3.081830,-0.750000,9.730000,-0.200000
3.178130,-0.630000,9.710000,-0.250000
3.178130,-0.640000,9.720000,-0.410000
3.178130,-0.690000,9.760000,-0.410000
3.178130,-0.600000,9.730000,-0.310000
3.178130,-0.500000,9.700000,-0.160000
3.274420,-0.440000,9.690000,-0.180000
3.274420,-0.460000,9.790000,-0.200000
3.274420,-0.520000,9.830000,-0.160000
3.274420,-0.850000,9.810000,-0.490000
3.274420,-0.890000,9.860000,-0.410000
3.370700,-0.120000,9.620000,-0.050000
3.370700,-0.490000,9.870000,0.200000
3.370700,-0.750000,9.940000,-0.050000
3.370700,-0.600000,9.930000,-0.430000
3.370700,-0.280000,9.520000,-0.280000
3.466990,-0.230000,9.370000,-0.330000
3.466990,-0.730000,9.780000,-0.350000
3.466990,-0.780000,9.920000,-0.420000
3.466990,-0.610000,9.880000,-0.230000
3.466990,-0.450000,9.550000,-0.050000
3.563300,-0.200000,9.620000,0.100000
3.563300,-0.230000,9.870000,0.040000
3.563300,-0.360000,9.950000,-0.040000
3.563300,-0.650000,9.810000,-0.250000
3.563300,-0.800000,9.660000,-0.400000
3.659600,-1.050000,9.790000,-0.450000
3.659600,-0.990000,9.900000,-0.470000
3.659600,-0.780000,9.830000,-0.400000
3.659600,-0.540000,9.610000,-0.130000
3.659600,-0.420000,9.570000,-0.080000
3.758550,-0.240000,9.770000,-0.040000
3.758550,-0.270000,9.810000,-0.140000
3.758550,-0.440000,9.780000,-0.220000
3.758550,-0.470000,9.640000,-0.300000
3.758550,-0.470000,9.620000,-0.300000
3.854820,-0.600000,9.780000,-0.350000
3.854820,-0.540000,9.800000,-0.290000
3.854820,-0.470000,9.780000,-0.240000
3.854820,-0.460000,9.660000,-0.220000
3.854820,-0.410000,9.640000,-0.120000
3.951070,-0.490000,9.790000,-0.150000
3.951070,-0.570000,9.840000,-0.190000
3.951070,-0.630000,9.850000,-0.230000
3.951070,-0.620000,9.770000,-0.250000
3.951070,-0.550000,9.680000,-0.220000
113.728606,-10.610000,-8.020000,-10.720000
113.728606,-9.110000,-7.000000,-9.380000
113.728606,-5.670000,-7.350000,-7.630000
113.728606,-3.290000,-7.420000,-5.670000
113.728606,-2.000000,-7.370000,-5.430000
113.824946,1.720000,-5.480000,-2.890000
113.824946,1.870000,-4.830000,-1.310000
113.824946,1.580000,-3.700000,-1.130000
113.824946,0.820000,-1.570000,-1.780000
113.824946,0.300000,-0.510000,-2.410000
113.921316,-0.660000,2.590000,-0.860000
113.921316,-0.580000,3.410000,0.370000
113.921316,0.000000,4.200000,0.950000
113.921316,1.000000,4.080000,1.490000
113.921316,1.630000,3.900000,1.530000
114.017666,2.350000,3.240000,3.010000
114.017666,2.400000,3.460000,4.910000
114.017666,2.040000,4.690000,3.440000
114.017666,0.470000,5.250000,0.550000
114.017666,-0.430000,5.930000,-0.050000
114.114036,-3.180000,12.620000,2.090000
114.114036,-4.920000,14.610000,3.590000
114.114036,-4.960000,12.610000,0.420000
114.114036,-6.700000,11.850000,2.950000
114.114036,-6.190000,11.440000,1.290000
114.210436,-3.320000,9.470000,2.610000
114.210436,-3.400000,9.830000,5.220000
114.210436,-4.040000,11.390000,5.140000
114.210436,-6.180000,14.150000,2.680000
114.210436,-6.980000,16.310000,-0.280000
114.309446,-10.070000,16.050000,0.630000
114.309446,-10.140000,14.850000,1.220000
114.309446,-9.300000,14.630000,1.760000
114.309446,-7.830000,13.290000,1.440000
114.309446,-6.550000,11.980000,0.790000
114.405766,-2.520000,13.690000,2.620000
114.405766,-1.500000,14.450000,3.660000
114.405766,-1.280000,15.290000,1.280000
114.405766,-1.410000,15.790000,-3.430000
114.405766,-1.920000,14.320000,-4.360000
114.502046,-5.330000,11.940000,-5.430000
114.502046,-7.290000,11.360000,-6.070000
114.502046,-9.090000,12.130000,-8.910000
114.502046,-14.700000,12.860000,-11.300000
114.502046,-13.310000,6.950000,-17.020000
114.598346,-13.180000,0.200000,-8.540000
114.598346,-11.060000,4.260000,-5.370000
114.598346,-10.160000,6.290000,-4.790000
114.598346,-9.350000,6.500000,-5.350000
114.598346,-9.660000,6.090000,-6.640000
114.694636,-10.600000,4.240000,-10.050000
114.694636,-11.480000,2.310000,-11.580000
114.694636,-12.430000,1.250000,-12.030000
114.694636,-13.390000,0.070000,-11.800000
114.694636,-13.550000,2.380000,-12.290000
114.790946,-13.970000,5.390000,-13.040000
114.790946,-13.310000,6.040000,-12.660000
114.790946,-12.790000,6.370000,-12.580000
114.790946,-11.520000,6.010000,-12.210000
114.790946,-10.260000,4.570000,-10.640000
114.887286,-8.930000,3.670000,-9.760000
114.887286,-7.860000,3.630000,-9.080000
114.887286,-7.300000,3.630000,-8.320000
114.887286,-6.260000,3.330000,-6.450000
114.887286,-5.200000,2.700000,-5.020000
114.983636,-3.160000,1.680000,-3.510000
114.983636,-1.880000,0.380000,-2.290000
114.983636,-1.270000,-0.190000,-1.720000
114.983636,-0.250000,-0.970000,-0.550000
114.983636,0.750000,-0.750000,0.210000
115.079976,1.530000,-1.570000,0.550000
115.079976,1.610000,-1.830000,0.660000
115.079976,1.450000,-1.480000,0.700000
115.079976,1.270000,-0.380000,1.270000
115.079976,1.530000,0.310000,2.390000
115.176306,1.750000,0.920000,1.950000
115.176306,2.030000,1.540000,0.270000
115.176306,2.130000,2.010000,-0.170000
115.176306,1.810000,2.890000,-0.090000
115.176306,0.800000,4.030000,0.460000
115.272616,-2.120000,7.430000,-2.240000
115.272616,-3.870000,9.330000,-2.840000
115.272616,-4.450000,10.830000,-2.570000
115.272616,-6.550000,13.390000,-1.520000
115.272616,-8.240000,13.120000,-1.170000
115.364906,-10.790000,12.330000,-4.170000
115.364906,-10.850000,10.360000,-4.800000
115.364906,-11.060000,10.300000,-4.390000
115.364906,-12.470000,12.310000,-2.650000
115.364906,-15.180000,13.570000,-7.750000
115.461176,-15.860000,13.670000,-5.450000
115.461176,-14.290000,12.440000,-3.470000
115.461176,-11.730000,11.200000,-3.540000
115.461176,-8.270000,8.860000,-4.410000
115.461176,-7.610000,8.100000,-4.020000
115.557436,-6.330000,9.530000,-2.400000
115.557436,-6.710000,10.600000,-1.360000
115.557436,-11.620000,15.300000,1.970000
115.557436,-8.990000,13.790000,-5.520000
115.557436,-9.780000,13.980000,-4.150000
115.653686,-7.290000,9.850000,-3.810000
115.653686,-6.280000,9.210000,-3.230000
115.653686,-4.190000,8.040000,-2.310000
115.653686,-3.030000,8.320000,-1.700000
115.653686,-2.730000,8.670000,-1.310000
115.749946,-2.090000,9.770000,0.030000
115.749946,-2.260000,9.900000,-0.120000
115.749946,-2.170000,10.290000,0.070000
115.749946,-2.880000,10.690000,-2.130000
115.749946,-2.710000,10.190000,-1.570000
115.846236,-3.130000,9.200000,-0.530000
115.846236,-3.350000,8.960000,-0.960000
115.846236,-3.710000,8.750000,-1.880000
115.846236,-3.760000,9.040000,-1.880000
115.846236,-3.780000,9.150000,-1.620000
115.942466,-4.060000,9.100000,-0.940000
115.942466,-3.910000,9.250000,-0.990000
115.942466,-3.470000,9.520000,-0.780000
115.942466,-3.060000,9.160000,-0.460000
115.942466,-2.830000,9.030000,-0.430000
116.041446,-2.130000,8.710000,-1.000000
116.041446,-1.980000,8.850000,-1.070000
116.041446,-1.740000,9.420000,-1.260000
116.041446,-1.680000,10.010000,-1.390000
116.041446,-1.390000,10.040000,-0.440000
116.137706,-1.330000,10.320000,-1.110000
116.137706,-1.250000,9.790000,-0.550000
116.137706,-1.380000,9.710000,-0.450000
116.137706,-1.530000,9.640000,-0.070000
116.137706,-1.930000,9.930000,-0.400000
116.233976,-2.330000,9.950000,-0.780000
116.233976,-2.280000,9.970000,-0.570000
116.233976,-2.300000,9.890000,-0.770000
116.233976,-2.200000,9.130000,-0.770000
116.233976,-2.130000,8.600000,-0.730000
116.330256,-2.040000,8.960000,-1.070000
116.330256,-2.360000,9.160000,-1.550000
116.330256,-2.500000,9.310000,-1.610000
116.330256,-2.720000,9.520000,-1.460000
116.330256,-2.710000,9.570000,-1.340000
116.426486,-2.530000,9.610000,-1.570000
116.426486,-2.480000,9.440000,-1.540000
116.426486,-2.450000,9.390000,-1.500000
116.426486,-2.330000,9.560000,-1.540000
116.426486,-2.230000,9.960000,-1.700000
116.522736,-2.370000,10.580000,-2.040000
116.522736,-2.350000,10.630000,-2.270000
116.522736,-2.220000,10.580000,-2.170000
116.522736,-1.960000,10.450000,-1.740000
116.522736,-1.720000,10.100000,-1.290000
116.618996,-2.120000,9.310000,-0.830000
116.618996,-2.380000,9.200000,-0.980000
116.618996,-2.200000,9.540000,-1.210000
116.618996,-2.050000,10.010000,-1.520000
116.618996,-2.080000,10.060000,-1.080000
116.715236,-1.910000,10.010000,-0.410000
116.715236,-1.420000,9.900000,-0.450000
116.715236,-1.160000,9.750000,0.000000
116.715236,-1.080000,9.600000,0.410000
116.715236,-1.180000,9.230000,0.650000
116.811476,0.180000,10.050000,4.420000
116.811476,2.890000,11.540000,10.180000
116.811476,4.120000,12.580000,16.390000
116.811476,-0.140000,14.600000,19.230000
116.811476,-5.300000,13.300000,18.260000
116.907736,-13.200000,16.150000,15.230000
116.907736,-17.460000,19.340000,9.200000
116.907736,-18.350000,20.110000,6.020000
116.907736,-20.460000,20.260000,0.390000
116.907736,-23.260000,20.280000,-2.570000
117.003996,-21.160000,17.950000,-8.350000
117.003996,-19.640000,16.240000,-8.360000
117.003996,-17.180000,16.310000,-7.820000
117.003996,-14.380000,17.830000,-7.040000
117.003996,-12.860000,18.370000,-7.740000
117.100246,-9.590000,17.320000,-6.000000
117.100246,-9.420000,16.550000,-6.750000
117.100246,-8.420000,15.850000,-6.790000
117.100246,-6.410000,12.500000,-5.640000
117.100246,-5.490000,9.390000,-3.890000
117.196486,-4.170000,7.030000,-3.610000
117.196486,-4.040000,5.850000,-4.160000
117.196486,-2.510000,4.330000,-3.740000
117.196486,-0.380000,4.100000,-2.150000
117.196486,0.340000,4.210000,-1.660000
117.292736,2.430000,1.490000,-3.990000
117.292736,3.420000,0.120000,0.170000
117.292736,4.840000,-0.040000,-0.270000
117.292736,3.740000,-0.390000,-1.160000
117.292736,3.850000,-1.190000,0.140000
117.388996,2.450000,-1.110000,-1.640000
117.388996,1.940000,-1.450000,-1.540000
117.388996,1.690000,-1.300000,-0.710000
117.388996,1.400000,-0.810000,1.060000
117.388996,1.360000,-0.380000,1.200000
117.485246,4.120000,0.580000,0.850000
117.485246,5.930000,0.520000,1.830000
117.485246,10.640000,2.000000,7.860000
117.485246,8.790000,3.410000,-0.590000
117.485246,10.870000,2.680000,1.170000
117.584166,16.230000,3.380000,0.300000
117.584166,17.080000,3.170000,-0.210000
117.584166,17.480000,1.490000,-1.420000
117.584166,17.500000,-0.300000,-1.700000
117.584166,17.270000,-0.270000,-1.510000
195.191120,-1.270000,9.670000,0.290000
195.191120,-1.290000,9.710000,0.250000
195.191120,-1.320000,9.730000,0.240000
195.191120,-1.340000,9.710000,0.230000
195.191120,-1.340000,9.690000,0.260000
195.275400,-1.300000,9.660000,0.300000
195.275400,-1.290000,9.670000,0.290000
195.275400,-1.260000,9.660000,0.310000
195.275400,-1.240000,9.660000,0.330000
195.275400,-1.190000,9.640000,0.320000
195.359660,-1.170000,9.630000,0.300000
195.359660,-1.180000,9.630000,0.290000
195.359660,-1.170000,9.630000,0.270000
195.359660,-1.170000,9.630000,0.280000
195.359660,-1.170000,9.640000,0.290000
195.443920,-1.170000,9.640000,0.260000
195.443920,-1.210000,9.650000,0.220000
195.443920,-1.220000,9.630000,0.230000
195.443920,-1.240000,9.650000,0.220000
195.443920,-1.260000,9.660000,0.230000
195.528160,-1.250000,9.670000,0.260000
195.528160,-1.240000,9.670000,0.290000
195.528160,-1.230000,9.660000,0.300000
195.528160,-1.240000,9.670000,0.300000
195.528160,-1.240000,9.660000,0.310000
195.612410,-1.250000,9.700000,0.300000
195.612410,-1.240000,9.710000,0.290000
195.612410,-1.240000,9.680000,0.290000
195.612410,-1.240000,9.670000,0.290000
195.612410,-1.200000,9.640000,0.270000
195.696660,-1.180000,9.670000,0.270000
195.696660,-1.190000,9.700000,0.280000
195.696660,-1.180000,9.700000,0.250000
195.696660,-1.200000,9.680000,0.230000
195.696660,-1.220000,9.670000,0.240000
195.780910,-1.220000,9.670000,0.230000
195.780910,-1.170000,9.710000,0.250000
195.780910,-1.170000,9.720000,0.250000
195.780910,-1.100000,9.690000,0.270000
195.780910,-1.080000,9.660000,0.280000
195.865150,-1.090000,9.590000,0.300000
195.865150,-1.110000,9.620000,0.260000
195.865150,-1.130000,9.640000,0.270000
195.865150,-1.120000,9.660000,0.240000
195.865150,-1.150000,9.700000,0.220000
195.949410,-1.170000,9.720000,0.230000
195.949410,-1.180000,9.720000,0.250000
195.949410,-1.180000,9.700000,0.240000
195.949410,-1.180000,9.680000,0.220000
195.949410,-1.170000,9.640000,0.240000
196.036320,-1.120000,9.630000,0.270000
196.036320,-1.090000,9.630000,0.260000
196.036320,-1.090000,9.630000,0.280000
196.036320,-1.100000,9.630000,0.270000
196.036320,-1.100000,9.650000,0.260000
196.123260,-1.160000,9.670000,0.240000
196.123260,-1.210000,9.690000,0.240000
196.123260,-1.230000,9.680000,0.240000
196.123260,-1.230000,9.660000,0.220000
196.123260,-1.210000,9.650000,0.220000
196.210180,-1.130000,9.590000,0.270000
196.210180,-1.110000,9.650000,0.290000
196.210180,-1.130000,9.710000,0.250000
196.210180,-1.160000,9.700000,0.230000
196.210180,-1.210000,9.650000,0.240000
196.294410,-1.230000,9.640000,0.270000
196.294410,-1.230000,9.640000,0.270000
196.294410,-1.230000,9.680000,0.290000
196.294410,-1.240000,9.680000,0.290000
196.294410,-1.220000,9.660000,0.260000
196.378650,-1.180000,9.640000,0.250000
196.378650,-1.130000,9.650000,0.230000
196.378650,-1.100000,9.670000,0.240000
196.378650,-1.080000,9.680000,0.240000
196.378650,-1.080000,9.660000,0.220000
196.462890,-1.100000,9.650000,0.220000
196.462890,-1.100000,9.610000,0.240000
196.462890,-1.080000,9.610000,0.230000
196.462890,-1.050000,9.620000,0.260000
196.462890,-1.020000,9.620000,0.270000
196.547120,-0.930000,9.630000,0.260000
196.547120,-0.940000,9.610000,0.230000
196.547120,-1.000000,9.610000,0.230000
196.547120,-1.020000,9.650000,0.210000
196.547120,-1.150000,9.690000,0.200000
196.631380,-1.360000,9.730000,0.230000
196.631380,-1.390000,9.720000,0.210000
196.631380,-1.430000,9.700000,0.240000
196.631380,-1.410000,9.690000,0.260000
196.631380,-1.360000,9.690000,0.310000
196.715620,-1.210000,9.700000,0.370000
196.715620,-1.130000,9.700000,0.340000
196.715620,-1.130000,9.680000,0.290000
196.715620,-1.160000,9.650000,0.260000
196.715620,-1.170000,9.660000,0.220000
196.799870,-1.210000,9.690000,0.200000
196.799870,-1.220000,9.710000,0.220000
196.799870,-1.200000,9.700000,0.200000
196.799870,-1.220000,9.660000,0.220000
196.799870,-1.220000,9.660000,0.260000
196.884080,-1.190000,9.690000,0.280000
196.884080,-1.200000,9.710000,0.300000
196.884080,-1.210000,9.730000,0.290000
196.884080,-1.230000,9.730000,0.290000
196.884080,-1.210000,9.680000,0.300000
196.968340,-1.160000,9.600000,0.270000
196.968340,-1.130000,9.610000,0.250000
196.968340,-1.090000,9.630000,0.220000
196.968340,-1.080000,9.650000,0.220000
196.968340,-1.080000,9.660000,0.240000
197.052600,-1.220000,9.680000,0.190000
197.052600,-1.280000,9.710000,0.150000
197.052600,-1.310000,9.700000,0.110000
197.052600,-1.350000,9.660000,0.140000
197.052600,-1.340000,9.620000,0.150000
197.136820,-1.230000,9.590000,0.180000
197.136820,-1.150000,9.620000,0.230000
197.136820,-1.110000,9.640000,0.240000
197.136820,-1.090000,9.660000,0.280000
197.136820,-1.100000,9.670000,0.270000
197.221080,-1.180000,9.710000,0.210000
197.221080,-1.210000,9.700000,0.190000
197.221080,-1.230000,9.690000,0.180000
197.221080,-1.220000,9.690000,0.160000
197.221080,-1.220000,9.690000,0.200000
197.305340,-1.170000,9.640000,0.260000
197.305340,-1.160000,9.620000,0.240000
197.305340,-1.180000,9.590000,0.220000
197.305340,-1.180000,9.580000,0.200000
197.305340,-1.180000,9.600000,0.190000
197.389610,-1.180000,9.680000,0.190000
197.389610,-1.200000,9.730000,0.190000
197.389610,-1.210000,9.740000,0.190000
197.389610,-1.230000,9.710000,0.210000
197.389610,-1.240000,9.680000,0.200000
197.473860,-1.260000,9.680000,0.250000
197.473860,-1.270000,9.710000,0.260000
197.473860,-1.260000,9.720000,0.250000
197.473860,-1.260000,9.710000,0.260000
197.473860,-1.220000,9.670000,0.230000
197.560760,-1.200000,9.630000,0.230000
197.560760,-1.190000,9.640000,0.220000
197.560760,-1.190000,9.660000,0.230000
197.560760,-1.190000,9.660000,0.230000
197.560760,-1.210000,9.650000,0.190000
197.647700,-1.210000,9.630000,0.190000
197.647700,-1.220000,9.660000,0.210000
197.647700,-0.630000,9.670000,0.220000
197.647700,-1.230000,9.670000,0.230000
197.647700,-1.230000,9.640000,0.220000
197.731950,-1.220000,9.610000,0.200000
197.731950,-1.210000,9.620000,0.210000
197.731950,-1.220000,9.650000,0.220000
197.731950,-1.220000,9.650000,0.210000
197.731950,-1.230000,9.680000,0.200000
197.816220,-1.220000,9.650000,0.210000
197.816220,-1.220000,9.660000,0.220000
197.816220,-1.200000,9.670000,0.260000
197.816220,-1.180000,9.670000,0.270000
197.816220,-1.180000,9.650000,0.280000
197.903140,-1.170000,9.610000,0.280000
197.903140,-1.180000,9.610000,0.280000
197.903140,-1.200000,9.620000,0.280000
197.903140,-1.270000,9.660000,0.230000
197.903140,-1.310000,9.670000,0.220000
197.987420,-1.330000,9.690000,0.180000
197.987420,-1.320000,9.670000,0.190000
197.987420,-1.310000,9.670000,0.210000
197.987420,-1.280000,9.660000,0.230000
197.987420,-1.220000,9.660000,0.280000
198.071710,-1.170000,9.690000,0.300000
198.071710,-1.180000,9.670000,0.310000
198.071710,-1.190000,9.660000,0.310000
198.071710,-1.240000,9.640000,0.250000
198.071710,-1.270000,9.630000,0.270000
198.155990,-1.330000,9.650000,0.250000
198.155990,-1.340000,9.660000,0.230000
198.155990,-1.320000,9.660000,0.240000
198.155990,-1.320000,9.640000,0.270000
198.155990,-1.270000,9.610000,0.270000
198.240280,-1.240000,9.600000,0.230000
198.240280,-1.250000,9.600000,0.250000
198.240280,-1.250000,9.610000,0.210000
198.240280,-1.270000,9.610000,0.170000
198.240280,-1.290000,9.600000,0.180000
198.324550,-1.310000,9.640000,0.160000
198.324550,-1.310000,9.650000,0.180000
198.324550,-1.280000,9.630000,0.190000
198.324550,-1.240000,9.620000,0.200000
198.324550,-1.220000,9.610000,0.210000
198.408830,-1.150000,9.620000,0.250000
198.408830,-1.150000,9.610000,0.240000
198.408830,-1.130000,9.620000,0.240000
198.408830,-1.160000,9.640000,0.220000
198.408830,-1.170000,9.660000,0.230000
198.493130,-1.240000,9.710000,0.250000
198.493130,-1.270000,9.700000,0.250000
198.493130,-1.310000,9.690000,0.250000
198.493130,-1.320000,9.660000,0.260000
198.493130,-1.290000,9.670000,0.270000
198.577410,-1.280000,9.700000,0.310000
198.577410,-1.280000,9.700000,0.310000
198.577410,-1.290000,9.670000,0.270000
198.577410,-1.320000,9.670000,0.250000
198.577410,-1.340000,9.660000,0.210000
198.661670,-1.320000,9.670000,0.190000
198.661670,-1.270000,9.700000,0.200000
198.661670,-1.260000,9.720000,0.210000
198.661670,-1.240000,9.750000,0.230000
198.661670,-1.200000,9.720000,0.230000
198.745950,-1.160000,9.560000,0.220000
198.745950,-1.140000,9.560000,0.220000
198.745950,-1.150000,9.600000,0.210000
198.745950,-1.170000,9.670000,0.250000
198.745950,-1.180000,9.680000,0.270000
198.830230,-1.240000,9.600000,0.240000
198.830230,-1.240000,9.590000,0.250000
198.830230,-1.250000,9.640000,0.240000
198.830230,-1.260000,9.680000,0.250000
198.830230,-1.290000,9.700000,0.220000
198.914480,-1.280000,9.630000,0.180000
198.914480,-1.290000,9.650000,0.180000
198.914480,-1.250000,9.650000,0.220000
198.914480,-1.230000,9.660000,0.240000
198.914480,-1.230000,9.680000,0.220000
198.998740,-1.220000,9.630000,0.240000
198.998740,-1.200000,9.590000,0.240000
198.998740,-1.200000,9.590000,0.230000
198.998740,-1.200000,9.640000,0.250000
198.998740,-1.210000,9.670000,0.230000
199.083040,-1.230000,9.660000,0.220000
199.083040,-1.230000,9.640000,0.210000
199.083040,-1.240000,9.630000,0.210000
199.083040,-1.230000,9.650000,0.230000
199.083040,-1.220000,9.650000,0.230000
786.528475,-0.550000,9.750000,-0.390000
786.528475,-0.530000,9.730000,-0.410000
786.528475,-0.520000,9.730000,-0.440000
786.528475,-0.480000,9.710000,-0.420000
786.528475,-0.460000,9.710000,-0.400000
786.624765,-0.460000,9.720000,-0.360000
786.624765,-0.480000,9.760000,-0.360000
786.624765,-0.460000,9.740000,-0.400000
786.624765,-0.480000,9.710000,-0.450000
786.624765,-0.460000,9.710000,-0.380000
786.721045,-0.470000,9.710000,-0.360000
786.721045,-0.510000,9.700000,-0.400000
786.721045,-0.570000,9.710000,-0.430000
786.721045,-0.600000,9.750000,-0.440000
786.721045,-0.590000,9.750000,-0.420000
786.817325,-0.560000,9.740000,-0.380000
786.817325,-0.520000,9.660000,-0.400000
786.817325,-0.480000,9.660000,-0.390000
786.817325,-0.430000,9.640000,-0.340000
786.817325,-0.370000,9.680000,-0.360000
786.913605,-0.460000,9.720000,-0.430000
786.913605,-0.560000,9.730000,-0.550000
786.913605,-0.570000,9.730000,-0.580000
786.913605,-0.570000,9.720000,-0.540000
786.913605,-0.550000,9.720000,-0.480000
787.009895,-0.510000,9.720000,-0.360000
787.009895,-0.580000,9.700000,-0.370000
787.009895,-0.610000,9.690000,-0.350000
787.009895,-0.630000,9.700000,-0.410000
787.009895,-0.620000,9.720000,-0.400000
787.106165,-0.640000,9.750000,-0.400000
787.106165,-0.670000,9.730000,-0.440000
787.106165,-0.680000,9.710000,-0.460000
787.106165,-0.660000,9.700000,-0.500000
787.106165,-0.590000,9.730000,-0.500000
787.202465,-0.460000,9.770000,-0.390000
787.202465,-0.410000,9.700000,-0.360000
787.202465,-0.420000,9.640000,-0.370000
787.202465,-0.390000,9.610000,-0.420000
787.202465,-0.430000,9.660000,-0.440000
787.298775,-0.490000,9.760000,-0.440000
787.298775,-0.530000,9.750000,-0.470000
787.298775,-0.550000,9.730000,-0.500000
787.298775,-0.630000,9.700000,-0.470000
787.298775,-0.670000,9.750000,-0.450000
787.395105,-0.600000,9.790000,-0.380000
787.395105,-0.570000,9.780000,-0.340000
787.395105,-0.540000,9.750000,-0.340000
787.395105,-0.520000,9.670000,-0.360000
787.395105,-0.500000,9.670000,-0.360000
787.491445,-0.470000,9.700000,-0.420000
787.491445,-0.490000,9.730000,-0.440000
787.491445,-0.470000,9.710000,-0.470000
787.491445,-0.510000,9.720000,-0.520000
787.491445,-0.500000,9.720000,-0.500000
787.587765,-0.450000,9.780000,-0.410000
787.587765,-0.440000,9.740000,-0.330000
787.587765,-0.430000,9.720000,-0.350000
787.587765,-0.480000,9.700000,-0.380000
787.587765,-0.500000,9.700000,-0.430000
787.684095,-0.470000,9.740000,-0.430000
787.684095,-0.480000,9.720000,-0.410000
787.684095,-0.500000,9.710000,-0.410000
787.684095,-0.530000,9.670000,-0.450000
787.684095,-0.550000,9.680000,-0.450000
787.780435,-0.510000,9.690000,-0.410000
787.780435,-0.480000,9.690000,-0.410000
787.780435,-0.470000,9.690000,-0.420000
787.780435,-0.450000,9.690000,-0.450000
787.780435,-0.490000,9.710000,-0.440000
787.876755,-0.530000,9.750000,-0.410000
787.876755,-0.520000,9.730000,-0.400000
787.876755,-0.500000,9.710000,-0.390000
787.876755,-0.520000,9.710000,-0.390000
787.876755,-0.530000,9.750000,-0.390000
787.973055,-0.570000,9.750000,-0.420000
787.973055,-0.600000,9.740000,-0.420000
787.973055,-0.590000,9.750000,-0.430000
787.973055,-0.580000,9.720000,-0.400000
787.973055,-0.580000,9.750000,-0.400000
788.069385,-0.530000,9.730000,-0.420000
788.069385,-0.450000,9.720000,-0.410000
788.069385,-0.440000,9.700000,-0.380000
788.069385,-0.480000,9.680000,-0.330000
788.069385,-0.580000,9.670000,-0.410000
788.165695,-0.700000,9.740000,-0.560000
788.165695,-0.680000,9.770000,-0.490000
788.165695,-0.650000,9.770000,-0.450000
788.165695,-0.570000,9.760000,-0.390000
788.165695,-0.480000,9.710000,-0.340000
788.262015,-0.500000,9.740000,-0.380000
788.262015,-0.500000,9.750000,-0.370000
788.262015,-0.510000,9.720000,-0.390000
788.262015,-0.540000,9.690000,-0.410000
788.262015,-0.540000,9.660000,-0.410000
788.358325,-0.550000,9.670000,-0.460000
788.358325,-0.510000,9.690000,-0.470000
788.358325,-0.500000,9.680000,-0.460000
788.358325,-0.440000,9.690000,-0.430000
788.358325,-0.420000,9.730000,-0.360000
788.454645,-0.420000,9.740000,-0.370000
788.454645,-0.400000,9.700000,-0.360000
788.454645,-0.390000,9.690000,-0.380000
788.454645,-0.360000,9.720000,-0.380000
788.454645,-0.360000,9.790000,-0.390000
788.550975,-0.360000,9.750000,-0.390000
788.550975,-0.420000,9.670000,-0.380000
788.550975,-0.450000,9.670000,-0.400000
788.550975,-0.520000,9.710000,-0.470000
788.550975,-0.550000,9.770000,-0.390000
788.647285,-0.580000,9.720000,-0.330000
788.647285,-0.570000,9.730000,-0.330000
788.647285,-0.520000,9.720000,-0.270000
788.647285,-0.640000,9.730000,-0.380000
788.647285,-0.680000,9.760000,-0.470000
788.743605,-0.710000,9.720000,-0.450000
788.743605,-0.720000,9.680000,-0.400000
788.743605,-0.730000,9.680000,-0.340000
788.743605,-0.670000,9.720000,-0.390000
788.743605,-0.600000,9.710000,-0.390000
788.839925,-0.390000,9.740000,-0.280000
788.839925,-0.320000,9.760000,-0.270000
788.839925,-0.280000,9.720000,-0.250000
788.839925,-0.330000,9.720000,-0.110000
788.839925,-0.630000,9.730000,-0.110000
788.936255,-0.960000,9.730000,-0.910000
788.936255,-0.600000,9.710000,-0.390000
788.936255,-0.360000,9.600000,-0.200000
788.936255,-0.200000,9.670000,-0.180000
788.936255,-0.210000,9.740000,0.190000
789.032565,-0.490000,9.740000,-0.190000
789.032565,-0.720000,9.680000,-0.460000
789.032565,-0.880000,9.690000,-0.610000
789.032565,-0.870000,9.760000,-0.400000
789.032565,-0.580000,9.780000,-0.100000
789.128835,-0.140000,9.550000,-0.140000
789.128835,-0.430000,9.630000,-0.190000
789.128835,-0.510000,9.750000,-0.260000
789.128835,-0.680000,9.930000,-0.410000
789.128835,-0.790000,9.840000,-0.410000
789.225135,-0.570000,9.550000,-0.050000
789.225135,-0.420000,9.640000,0.100000
789.225135,-0.420000,9.710000,0.070000
789.225135,-0.490000,9.840000,0.000000
789.225135,-0.520000,9.790000,0.000000
789.321425,-0.510000,9.670000,-0.330000
789.321425,-0.550000,9.670000,-0.370000
789.321425,-0.540000,9.700000,-0.360000
789.321425,-0.520000,9.730000,-0.350000
789.321425,-0.480000,9.700000,-0.390000
789.417715,-0.440000,9.620000,-0.270000
789.417715,-0.390000,9.660000,-0.170000
789.417715,-0.360000,9.710000,-0.140000
789.417715,-0.320000,9.760000,0.020000
789.417715,-0.340000,9.710000,-0.110000
789.514005,-0.610000,9.710000,-0.230000
789.514005,-0.750000,9.800000,-0.340000
789.514005,-0.780000,9.840000,-0.330000
789.514005,-0.780000,9.810000,-0.270000
789.514005,-0.750000,9.730000,-0.200000
789.610305,-0.630000,9.710000,-0.250000
789.610305,-0.640000,9.720000,-0.410000
789.610305,-0.690000,9.760000,-0.410000
789.610305,-0.600000,9.730000,-0.310000
789.610305,-0.500000,9.700000,-0.160000
789.706595,-0.440000,9.690000,-0.180000
789.706595,-0.460000,9.790000,-0.200000
789.706595,-0.520000,9.830000,-0.160000
789.706595,-0.850000,9.810000,-0.490000
789.706595,-0.890000,9.860000,-0.410000
789.802875,-0.120000,9.620000,-0.050000
789.802875,-0.490000,9.870000,0.200000
789.802875,-0.750000,9.940000,-0.050000
789.802875,-0.600000,9.930000,-0.430000
789.802875,-0.280000,9.520000,-0.280000
789.899165,-0.230000,9.370000,-0.330000
789.899165,-0.730000,9.780000,-0.350000
789.899165,-0.780000,9.920000,-0.420000
789.899165,-0.610000,9.880000,-0.230000
789.899165,-0.450000,9.550000,-0.050000
789.995475,-0.200000,9.620000,0.100000
789.995475,-0.230000,9.870000,0.040000
789.995475,-0.360000,9.950000,-0.040000
789.995475,-0.650000,9.810000,-0.250000
789.995475,-0.800000,9.660000,-0.400000
790.091775,-1.050000,9.790000,-0.450000
790.091775,-0.990000,9.900000,-0.470000
790.091775,-0.780000,9.830000,-0.400000
790.091775,-0.540000,9.610000,-0.130000
790.091775,-0.420000,9.570000,-0.080000
790.190725,-0.240000,9.770000,-0.040000
790.190725,-0.270000,9.810000,-0.140000
790.190725,-0.440000,9.780000,-0.220000
790.190725,-0.470000,9.640000,-0.300000
790.190725,-0.470000,9.620000,-0.300000
790.286995,-0.600000,9.780000,-0.350000
790.286995,-0.540000,9.800000,-0.290000
790.286995,-0.470000,9.780000,-0.240000
790.286995,-0.460000,9.660000,-0.220000
790.286995,-0.410000,9.640000,-0.120000
790.383245,-0.490000,9.790000,-0.150000
790.383245,-0.570000,9.840000,-0.190000
790.383245,-0.630000,9.850000,-0.230000
790.383245,-0.620000,9.770000,-0.250000
790.383245,-0.550000,9.680000,-0.220000
900.160641,-0.930000,9.380000,-0.470000
900.160641,-1.170000,9.390000,-0.470000
900.160641,-1.570000,9.560000,-0.420000
900.160641,-1.780000,9.810000,-0.390000
900.160641,-1.780000,9.850000,-0.320000
900.256861,-1.400000,9.650000,0.160000
900.256861,-1.330000,9.590000,0.320000
900.256861,-1.140000,9.640000,0.670000
900.256861,-1.000000,9.870000,0.940000
900.256861,-1.020000,9.960000,0.950000
900.353101,-1.540000,9.760000,0.750000
900.353101,-1.730000,9.630000,0.650000
900.353101,-2.050000,9.350000,0.480000
900.353101,-2.300000,9.160000,0.480000
900.353101,-2.440000,9.140000,0.470000
900.449371,-2.580000,9.290000,0.400000
900.449371,-2.490000,9.330000,0.700000
900.449371,-2.530000,9.500000,1.130000
900.449371,-2.600000,9.590000,1.020000
900.449371,-2.590000,9.590000,1.020000
900.545611,-2.780000,9.600000,0.610000
900.545611,-2.780000,9.470000,0.520000
900.545611,-2.830000,9.090000,0.370000
900.545611,-2.790000,8.780000,0.300000
900.545611,-2.750000,8.670000,0.220000
900.641861,-2.480000,8.580000,-0.070000
900.641861,-2.370000,8.650000,-0.140000
900.641861,-2.150000,8.860000,-0.290000
900.641861,-1.920000,9.240000,-0.050000
900.641861,-1.950000,9.450000,-0.110000
900.738111,-2.010000,9.760000,0.230000
900.738111,-2.070000,9.780000,0.250000
900.738111,-2.090000,9.700000,0.570000
900.738111,-2.280000,9.480000,0.940000
900.738111,-2.440000,9.330000,1.090000
900.834351,-2.490000,9.770000,2.380000
900.834351,-2.330000,10.230000,2.600000
900.834351,-2.730000,10.800000,2.070000
900.834351,-3.370000,10.950000,2.300000
900.834351,-3.550000,11.210000,3.070000
900.930621,-5.650000,11.620000,2.490000
900.930621,-6.490000,11.120000,1.800000
900.930621,-9.290000,11.210000,0.650000
900.930621,-11.580000,11.380000,0.100000
900.930621,-12.490000,11.270000,-0.330000
901.026831,-13.820000,10.020000,-3.680000
901.026831,-13.900000,9.840000,-4.070000
901.026831,-14.040000,10.210000,-3.640000
901.026831,-13.930000,10.750000,-4.010000
901.026831,-13.540000,10.490000,-4.620000
901.123081,-12.440000,7.900000,-6.400000
901.123081,-12.420000,7.010000,-6.530000
901.123081,-11.860000,4.890000,-6.550000
901.123081,-11.120000,3.180000,-6.260000
901.123081,-10.850000,2.760000,-5.990000
901.219331,-9.730000,3.120000,-5.820000
901.219331,-8.640000,2.920000,-5.420000
901.219331,-7.740000,2.430000,-3.840000
901.219331,-6.860000,2.520000,-1.930000
901.219331,-6.330000,2.600000,-1.370000
901.315561,-4.420000,2.940000,-2.060000
901.315561,-4.560000,2.840000,-1.880000
901.315561,-4.060000,2.640000,-0.720000
901.315561,-3.370000,2.900000,0.730000
901.315561,-3.000000,3.100000,1.150000
901.414451,-1.250000,4.470000,2.420000
901.414451,-0.790000,4.640000,3.660000
901.414451,0.040000,4.460000,7.280000
901.414451,-0.250000,4.390000,7.400000
901.414451,-0.330000,1.730000,8.420000
901.510661,-0.120000,0.530000,9.890000
901.510661,0.780000,-1.810000,11.290000
901.510661,1.690000,-3.330000,11.460000
901.510661,4.340000,-6.530000,14.780000
901.510661,4.600000,-9.270000,11.300000
901.606881,5.080000,-8.960000,7.840000
901.606881,4.240000,-7.690000,6.290000
901.606881,3.670000,-7.260000,6.270000
901.606881,2.410000,-6.680000,6.860000
901.606881,1.330000,-6.200000,6.180000
901.703091,0.330000,-5.740000,5.400000
901.703091,-0.580000,-5.850000,4.390000
901.703091,0.350000,-6.220000,3.700000
901.703091,1.190000,-7.710000,2.970000
901.703091,1.480000,-9.960000,3.730000
901.799311,3.450000,-12.810000,4.250000
901.799311,4.240000,-13.190000,3.500000
901.799311,5.530000,-12.980000,4.200000
901.799311,5.680000,-11.080000,5.410000
901.799311,5.740000,-9.180000,5.330000
901.895531,7.680000,-6.840000,4.860000
901.895531,7.070000,-5.590000,3.110000
901.895531,5.770000,-5.030000,2.470000
901.895531,5.620000,-3.500000,3.150000
901.895531,5.210000,-1.790000,4.450000
901.991751,1.650000,5.990000,5.540000
901.991751,1.600000,5.970000,6.030000
901.991751,1.170000,6.670000,5.200000
901.991751,0.780000,7.050000,4.340000
901.991751,0.730000,6.800000,6.270000
902.087961,-2.360000,2.320000,6.780000
902.087961,-2.620000,1.000000,6.670000
902.087961,-2.300000,-0.370000,5.380000
902.087961,-2.060000,-0.490000,2.820000
902.087961,-2.200000,-0.510000,1.870000
902.184201,-2.750000,0.050000,3.300000
902.184201,-2.850000,0.970000,3.550000
902.184201,-4.280000,2.240000,2.360000
902.184201,-6.300000,3.430000,-1.070000
902.184201,-7.350000,4.280000,-3.160000
902.280441,-10.790000,10.430000,-0.220000
902.280441,-11.430000,11.030000,-0.540000
902.280441,-11.630000,11.230000,-0.580000
902.280441,-10.870000,11.180000,0.060000
902.280441,-10.570000,11.850000,1.350000
902.376651,-6.770000,13.860000,6.290000
902.376651,-6.280000,14.280000,5.620000
902.376651,-5.770000,14.460000,4.070000
902.376651,-6.470000,14.650000,4.010000
902.376651,-7.320000,14.880000,5.740000
902.472881,-7.540000,14.550000,5.070000
902.472881,-7.340000,13.990000,3.760000
902.472881,-7.210000,13.040000,1.250000
902.472881,-7.370000,12.250000,0.740000
902.472881,-7.530000,11.890000,1.140000
902.569101,-9.120000,11.730000,0.010000
902.569101,-9.460000,11.660000,-0.090000
902.569101,-9.070000,11.070000,-0.370000
902.569101,-8.500000,10.740000,-0.770000
902.569101,-8.170000,10.750000,-0.970000
902.665301,-6.950000,11.210000,-0.320000
902.665301,-6.440000,10.990000,0.060000
902.665301,-5.520000,10.200000,-0.070000
902.665301,-5.120000,9.370000,-0.170000
902.665301,-4.870000,9.020000,-0.220000
902.761521,-3.930000,8.270000,-0.100000
902.761521,-3.640000,8.190000,0.130000
902.761521,-3.170000,8.380000,0.360000
902.761521,-2.970000,8.840000,0.100000
902.761521,-2.930000,9.130000,-0.100000
902.857761,-2.730000,10.940000,-0.660000
902.857761,-2.690000,11.400000,-0.760000
902.857761,-2.670000,12.100000,-0.860000
902.857761,-2.470000,12.290000,-0.170000
902.857761,-2.420000,12.480000,-0.070000
902.953961,-2.730000,10.940000,-0.660000
902.953961,-2.690000,11.400000,-0.760000
902.953961,-2.670000,12.100000,-0.860000
902.953961,-2.470000,12.290000,-0.170000
902.953961,-2.420000,12.480000,-0.070000
903.050161,-2.590000,8.160000,0.360000
903.050161,-2.320000,8.540000,0.510000
903.050161,-1.750000,9.170000,0.700000
903.050161,-0.900000,9.310000,1.760000
903.050161,-0.710000,9.610000,1.560000
903.146391,-0.180000,8.550000,1.260000
903.146391,-0.230000,8.370000,1.330000
903.146391,-0.410000,7.810000,1.620000
903.146391,-0.650000,7.250000,1.820000
903.146391,-0.910000,7.120000,1.760000
903.242581,-2.000000,7.580000,1.030000
903.242581,-2.250000,7.830000,0.920000
903.242581,-2.860000,8.290000,0.890000
903.242581,-3.360000,8.580000,0.920000
903.242581,-3.540000,8.680000,0.890000
903.338791,-4.220000,8.680000,0.150000
903.338791,-4.290000,8.670000,-0.030000
903.338791,-4.310000,8.650000,-0.070000
903.338791,-4.320000,8.750000,0.210000
903.338791,-4.330000,8.860000,0.340000
903.434981,-4.670000,9.350000,0.390000
903.434981,-4.870000,9.480000,0.190000
903.434981,-5.150000,9.750000,0.050000
903.434981,-5.680000,10.110000,0.000000
903.434981,-5.970000,10.410000,-0.230000
903.533831,-6.620000,11.740000,-1.410000
903.533831,-6.590000,11.800000,-1.690000
903.533831,-6.090000,11.600000,-1.940000
903.533831,-4.960000,11.010000,-1.690000
903.533831,-4.490000,10.760000,-1.720000
903.629981,-3.410000,10.470000,-1.550000
903.629981,-2.670000,10.490000,-1.210000
903.629981,-2.560000,10.600000,-0.790000
903.629981,-2.780000,11.080000,-0.870000
903.629981,-3.510000,11.180000,-2.660000
903.726181,-4.350000,11.490000,-1.620000
903.726181,-5.160000,11.220000,-1.720000
903.726181,-5.380000,11.040000,-1.960000
903.726181,-6.050000,10.750000,-2.890000
903.726181,-6.570000,10.220000,-3.020000
903.822351,-6.990000,9.860000,-3.180000
903.822351,-7.110000,9.840000,-3.160000
903.822351,-6.960000,10.070000,-2.780000
903.822351,-6.740000,10.670000,-1.610000
903.822351,-7.670000,10.970000,-1.040000
903.918541,-8.630000,10.330000,-1.170000
903.918541,-8.840000,9.140000,0.050000
903.918541,-9.400000,8.580000,0.420000
903.918541,-9.480000,6.830000,-0.680000
903.918541,-10.150000,5.590000,-2.150000
904.014741,-10.210000,3.460000,-2.190000
904.014741,-9.780000,3.090000,-1.120000
904.014741,-8.660000,2.370000,-1.120000
904.014741,-8.900000,2.020000,-1.470000
904.014741,-8.700000,1.820000,-2.230000
1013.067757,-4.670000,8.350000,-1.180000
1013.067757,-4.650000,8.370000,-1.200000
1013.067757,-4.550000,8.490000,-1.360000
1013.067757,-4.550000,8.440000,-1.250000
1013.067757,-4.600000,8.400000,-1.170000
1013.164037,-4.680000,8.490000,-1.390000
1013.164037,-4.660000,8.460000,-1.310000
1013.164037,-4.570000,8.440000,-1.180000
1013.164037,-4.510000,8.460000,-1.150000
1013.164037,-4.490000,8.480000,-1.210000
1013.260287,-4.530000,8.490000,-1.210000
1013.260287,-4.520000,8.480000,-1.190000
1013.260287,-4.490000,8.460000,-1.080000
1013.260287,-4.530000,8.480000,-1.170000
1013.260287,-4.570000,8.490000,-1.190000
1013.356537,-4.470000,8.480000,-1.130000
1013.356537,-4.490000,8.490000,-1.170000
1013.356537,-4.550000,8.500000,-1.240000
1013.356537,-4.580000,8.520000,-1.250000
1013.356537,-4.520000,8.510000,-1.210000
1013.452797,-4.520000,8.500000,-1.170000
1013.452797,-4.540000,8.510000,-1.190000
1013.452797,-4.510000,8.530000,-1.170000
1013.452797,-4.490000,8.520000,-1.170000
1013.452797,-4.540000,8.510000,-1.180000
1013.549057,-4.410000,8.510000,-1.110000
1013.549057,-4.500000,8.470000,-1.120000
1013.549057,-4.630000,8.500000,-1.280000
1013.549057,-4.500000,8.570000,-1.280000
1013.549057,-4.430000,8.540000,-1.220000
1013.645307,-4.530000,8.530000,-1.190000
1013.645307,-4.520000,8.570000,-1.280000
1013.645307,-4.420000,8.540000,-1.120000
1013.645307,-4.350000,8.490000,-1.020000
1013.645307,-4.420000,8.480000,-1.040000
1238.934041,-0.550000,9.750000,-0.390000
1238.934041,-0.530000,9.730000,-0.410000
1238.934041,-0.520000,9.730000,-0.440000
1238.934041,-0.480000,9.710000,-0.420000
1238.934041,-0.460000,9.710000,-0.400000
1239.030331,-0.460000,9.720000,-0.360000
1239.030331,-0.480000,9.760000,-0.360000
1239.030331,-0.460000,9.740000,-0.400000
1239.030331,-0.480000,9.710000,-0.450000
1239.030331,-0.460000,9.710000,-0.380000
1239.126611,-0.470000,9.710000,-0.360000
1239.126611,-0.510000,9.700000,-0.400000
1239.126611,-0.570000,9.710000,-0.430000
1239.126611,-0.600000,9.750000,-0.440000
1239.126611,-0.590000,9.750000,-0.420000
1239.222891,-0.560000,9.740000,-0.380000
1239.222891,-0.520000,9.660000,-0.400000
1239.222891,-0.480000,9.660000,-0.390000
1239.222891,-0.430000,9.640000,-0.340000
1239.222891,-0.370000,9.680000,-0.360000
1239.319171,-0.460000,9.720000,-0.430000
1239.319171,-0.560000,9.730000,-0.550000
1239.319171,-0.570000,9.730000,-0.580000
1239.319171,-0.570000,9.720000,-0.540000
1239.319171,-0.550000,9.720000,-0.480000
1239.415461,-0.510000,9.720000,-0.360000
1239.415461,-0.580000,9.700000,-0.370000
1239.415461,-0.610000,9.690000,-0.350000
1239.415461,-0.630000,9.700000,-0.410000
1239.415461,-0.620000,9.720000,-0.400000
1239.511731,-0.640000,9.750000,-0.400000
1239.511731,-0.670000,9.730000,-0.440000
1239.511731,-0.680000,9.710000,-0.460000
1239.511731,-0.660000,9.700000,-0.500000
1239.511731,-0.590000,9.730000,-0.500000
1239.608031,-0.460000,9.770000,-0.390000
1239.608031,-0.410000,9.700000,-0.360000
1239.608031,-0.420000,9.640000,-0.370000
1239.608031,-0.390000,9.610000,-0.420000
1239.608031,-0.430000,9.660000,-0.440000
1239.704341,-0.490000,9.760000,-0.440000
1239.704341,-0.530000,9.750000,-0.470000
1239.704341,-0.550000,9.730000,-0.500000
1239.704341,-0.630000,9.700000,-0.470000
1239.704341,-0.670000,9.750000,-0.450000
1239.800671,-0.600000,9.790000,-0.380000
1239.800671,-0.570000,9.780000,-0.340000
1239.800671,-0.540000,9.750000,-0.340000
1239.800671,-0.520000,9.670000,-0.360000
1239.800671,-0.500000,9.670000,-0.360000
1239.897011,-0.470000,9.700000,-0.420000
1239.897011,-0.490000,9.730000,-0.440000
1239.897011,-0.470000,9.710000,-0.470000
1239.897011,-0.510000,9.720000,-0.520000
1239.897011,-0.500000,9.720000,-0.500000
1239.993331,-0.450000,9.780000,-0.410000
1239.993331,-0.440000,9.740000,-0.330000
1239.993331,-0.430000,9.720000,-0.350000
1239.993331,-0.480000,9.700000,-0.380000
1239.993331,-0.500000,9.700000,-0.430000
1240.089661,-0.470000,9.740000,-0.430000
1240.089661,-0.480000,9.720000,-0.410000
1240.089661,-0.500000,9.710000,-0.410000
1240.089661,-0.530000,9.670000,-0.450000
1240.089661,-0.550000,9.680000,-0.450000
1240.186001,-0.510000,9.690000,-0.410000
1240.186001,-0.480000,9.690000,-0.410000
1240.186001,-0.470000,9.690000,-0.420000
1240.186001,-0.450000,9.690000,-0.450000
1240.186001,-0.490000,9.710000,-0.440000
1240.282321,-0.530000,9.750000,-0.410000
1240.282321,-0.520000,9.730000,-0.400000
1240.282321,-0.500000,9.710000,-0.390000
1240.282321,-0.520000,9.710000,-0.390000
1240.282321,-0.530000,9.750000,-0.390000
1240.378621,-0.570000,9.750000,-0.420000
1240.378621,-0.600000,9.740000,-0.420000
1240.378621,-0.590000,9.750000,-0.430000
1240.378621,-0.580000,9.720000,-0.400000
1240.378621,-0.580000,9.750000,-0.400000
1240.474951,-0.530000,9.730000,-0.420000
1240.474951,-0.450000,9.720000,-0.410000
1240.474951,-0.440000,9.700000,-0.380000
1240.474951,-0.480000,9.680000,-0.330000
1240.474951,-0.580000,9.670000,-0.410000
1240.571261,-0.700000,9.740000,-0.560000
1240.571261,-0.680000,9.770000,-0.490000
1240.571261,-0.650000,9.770000,-0.450000
1240.571261,-0.570000,9.760000,-0.390000
1240.571261,-0.480000,9.710000,-0.340000
1240.667581,-0.500000,9.740000,-0.380000
1240.667581,-0.500000,9.750000,-0.370000
1240.667581,-0.510000,9.720000,-0.390000
1240.667581,-0.540000,9.690000,-0.410000
1240.667581,-0.540000,9.660000,-0.410000
1240.763891,-0.550000,9.670000,-0.460000
1240.763891,-0.510000,9.690000,-0.470000
1240.763891,-0.500000,9.680000,-0.460000
1240.763891,-0.440000,9.690000,-0.430000
1240.763891,-0.420000,9.730000,-0.360000
1240.860211,-0.420000,9.740000,-0.370000
1240.860211,-0.400000,9.700000,-0.360000
1240.860211,-0.390000,9.690000,-0.380000
1240.860211,-0.360000,9.720000,-0.380000
1240.860211,-0.360000,9.790000,-0.390000
1240.956541,-0.360000,9.750000,-0.390000
1240.956541,-0.420000,9.670000,-0.380000
1240.956541,-0.450000,9.670000,-0.400000
1240.956541,-0.520000,9.710000,-0.470000
1240.956541,-0.550000,9.770000,-0.390000
1241.052851,-0.580000,9.720000,-0.330000
1241.052851,-0.570000,9.730000,-0.330000
1241.052851,-0.520000,9.720000,-0.270000
1241.052851,-0.640000,9.730000,-0.380000
1241.052851,-0.680000,9.760000,-0.470000
1241.149171,-0.710000,9.720000,-0.450000
1241.149171,-0.720000,9.680000,-0.400000
1241.149171,-0.730000,9.680000,-0.340000
1241.149171,-0.670000,9.720000,-0.390000
1241.149171,-0.600000,9.710000,-0.390000
1241.245491,-0.390000,9.740000,-0.280000
1241.245491,-0.320000,9.760000,-0.270000
1241.245491,-0.280000,9.720000,-0.250000
1241.245491,-0.330000,9.720000,-0.110000
1241.245491,-0.630000,9.730000,-0.110000
1241.341821,-0.960000,9.730000,-0.910000
1241.341821,-0.600000,9.710000,-0.390000
1241.341821,-0.360000,9.600000,-0.200000
1241.341821,-0.200000,9.670000,-0.180000
1241.341821,-0.210000,9.740000,0.190000
1241.438131,-0.490000,9.740000,-0.190000
1241.438131,-0.720000,9.680000,-0.460000
1241.438131,-0.880000,9.690000,-0.610000
1241.438131,-0.870000,9.760000,-0.400000
1241.438131,-0.580000,9.780000,-0.100000
1241.534401,-0.140000,9.550000,-0.140000
1241.534401,-0.430000,9.630000,-0.190000
1241.534401,-0.510000,9.750000,-0.260000
1241.534401,-0.680000,9.930000,-0.410000
1241.534401,-0.790000,9.840000,-0.410000
1241.630701,-0.570000,9.550000,-0.050000
1241.630701,-0.420000,9.640000,0.100000
1241.630701,-0.420000,9.710000,0.070000
1241.630701,-0.490000,9.840000,0.000000
1241.630701,-0.520000,9.790000,0.000000
1241.726991,-0.510000,9.670000,-0.330000
1241.726991,-0.550000,9.670000,-0.370000
1241.726991,-0.540000,9.700000,-0.360000
1241.726991,-0.520000,9.730000,-0.350000
1241.726991,-0.480000,9.700000,-0.390000
1241.823281,-0.440000,9.620000,-0.270000
1241.823281,-0.390000,9.660000,-0.170000
1241.823281,-0.360000,9.710000,-0.140000
1241.823281,-0.320000,9.760000,0.020000
1241.823281,-0.340000,9.710000,-0.110000
1241.919571,-0.610000,9.710000,-0.230000
1241.919571,-0.750000,9.800000,-0.340000
1241.919571,-0.780000,9.840000,-0.330000
1241.919571,-0.780000,9.810000,-0.270000
1241.919571,-0.750000,9.730000,-0.200000
1242.015871,-0.630000,9.710000,-0.250000
1242.015871,-0.640000,9.720000,-0.410000
1242.015871,-0.690000,9.760000,-0.410000
1242.015871,-0.600000,9.730000,-0.310000
1242.015871,-0.500000,9.700000,-0.160000
1242.112161,-0.440000,9.690000,-0.180000
1242.112161,-0.460000,9.790000,-0.200000
1242.112161,-0.520000,9.830000,-0.160000
1242.112161,-0.850000,9.810000,-0.490000
1242.112161,-0.890000,9.860000,-0.410000
1242.208441,-0.120000,9.620000,-0.050000
1242.208441,-0.490000,9.870000,0.200000
1242.208441,-0.750000,9.940000,-0.050000
1242.208441,-0.600000,9.930000,-0.430000
1242.208441,-0.280000,9.520000,-0.280000
1242.304731,-0.230000,9.370000,-0.330000
1242.304731,-0.730000,9.780000,-0.350000
1242.304731,-0.780000,9.920000,-0.420000
1242.304731,-0.610000,9.880000,-0.230000
1242.304731,-0.450000,9.550000,-0.050000
1242.401041,-0.200000,9.620000,0.100000
1242.401041,-0.230000,9.870000,0.040000
1242.401041,-0.360000,9.950000,-0.040000
1242.401041,-0.650000,9.810000,-0.250000
1242.401041,-0.800000,9.660000,-0.400000
1242.497341,-1.050000,9.790000,-0.450000
1242.497341,-0.990000,9.900000,-0.470000
1242.497341,-0.780000,9.830000,-0.400000
1242.497341,-0.540000,9.610000,-0.130000
1242.497341,-0.420000,9.570000,-0.080000
1242.596291,-0.240000,9.770000,-0.040000
1242.596291,-0.270000,9.810000,-0.140000
1242.596291,-0.440000,9.780000,-0.220000
1242.596291,-0.470000,9.640000,-0.300000
1242.596291,-0.470000,9.620000,-0.300000
1242.692561,-0.600000,9.780000,-0.350000
1242.692561,-0.540000,9.800000,-0.290000
1242.692561,-0.470000,9.780000,-0.240000
1242.692561,-0.460000,9.660000,-0.220000
1242.692561,-0.410000,9.640000,-0.120000
1242.788811,-0.490000,9.790000,-0.150000
1242.788811,-0.570000,9.840000,-0.190000
1242.788811,-0.630000,9.850000,-0.230000
1242.788811,-0.620000,9.770000,-0.250000
1242.788811,-0.550000,9.680000,-0.220000
1352.566207,-1.650000,-0.060000,-1.820000
1352.566207,-0.010000,-0.430000,-3.270000
1352.566207,0.520000,-1.030000,-3.550000
1352.566207,1.670000,-1.230000,-3.300000
1352.566207,2.270000,-1.280000,-2.330000
1352.662437,2.710000,-0.360000,1.510000
1352.662437,0.780000,1.640000,0.550000
1352.662437,-0.580000,2.070000,1.330000
1352.662437,-2.900000,2.850000,1.900000
1352.662437,-7.210000,4.230000,-2.600000
1352.758657,-22.350000,7.060000,-11.430000
1352.758657,-25.080000,1.690000,-20.810000
1352.758657,-30.300000,0.320000,-21.820000
1352.758657,-32.760000,2.790000,-20.290000
1352.758657,-24.750000,6.630000,-17.130000
1352.854867,-12.880000,2.570000,-8.450000
1352.854867,-9.760000,0.130000,-6.470000
1352.854867,-8.980000,-0.050000,-5.340000
1352.854867,-6.380000,-0.020000,-5.330000
1352.854867,-3.360000,-0.810000,-5.610000
1352.951067,-1.530000,-0.950000,-3.010000
1352.951067,-0.430000,-0.340000,-2.040000
1352.951067,0.110000,-0.110000,-1.300000
1352.951067,1.280000,0.410000,1.020000
1352.951067,0.900000,0.360000,1.500000
1353.047267,0.020000,1.830000,-1.260000
1353.047267,-2.590000,3.850000,1.540000
1353.047267,-5.080000,3.830000,3.330000
1353.047267,-5.200000,4.010000,7.210000
1353.047267,-6.010000,5.070000,3.890000
1353.143477,-7.740000,3.830000,4.840000
1353.143477,-11.970000,7.480000,4.260000
1353.143477,-15.290000,9.280000,3.420000
1353.143477,-18.230000,9.270000,2.740000
1353.143477,-20.790000,6.840000,-1.100000
1353.239677,-19.680000,3.470000,-9.180000
1353.239677,-22.440000,-1.790000,-9.050000
1353.239677,-18.620000,-4.540000,-6.530000
1353.239677,-16.820000,-4.650000,-5.300000
1353.239677,-14.410000,2.510000,-0.590000
1353.335917,-5.010000,2.630000,-0.610000
1353.335917,-1.750000,1.920000,1.890000
1353.335917,-1.340000,1.950000,2.120000
1353.335917,-1.190000,0.050000,1.870000
1353.335917,0.500000,-1.890000,0.060000
1353.432097,1.910000,-5.060000,-2.380000
1353.432097,1.820000,-5.220000,-0.740000
1353.432097,1.780000,-4.330000,0.220000
1353.432097,1.320000,-2.060000,0.650000
1353.432097,-0.630000,-0.100000,0.160000
1353.528297,-5.770000,3.110000,0.080000
1353.528297,-14.450000,7.050000,1.560000
1353.528297,-12.430000,6.350000,-0.040000
1353.528297,-16.290000,4.660000,-7.850000
1353.528297,-21.060000,4.260000,-12.980000
1353.624497,-25.740000,-1.880000,-16.020000
1353.624497,-26.130000,1.500000,-12.020000
1353.624497,-22.960000,3.540000,-10.490000
1353.624497,-17.900000,4.200000,-8.650000
1353.624497,-13.060000,1.840000,-5.910000
1353.720717,-7.530000,0.420000,-3.930000
1353.720717,-5.060000,1.360000,-3.770000
1353.720717,-3.440000,2.310000,-3.510000
1353.720717,-0.500000,3.200000,-2.770000
1353.720717,1.550000,3.900000,-2.670000
1353.816947,4.130000,1.510000,-0.510000
1353.816947,5.430000,2.220000,1.820000
1353.816947,4.150000,2.560000,-0.580000
1353.816947,3.210000,1.980000,0.860000
1353.816947,2.190000,1.170000,3.070000
1353.913167,-2.010000,2.630000,2.520000
1353.913167,-7.600000,4.570000,-2.750000
1353.913167,-13.810000,6.910000,-3.910000
1353.913167,-18.850000,8.680000,-7.660000
1353.913167,-27.070000,8.520000,-16.020000
1354.009387,-28.680000,2.870000,-12.710000
1354.009387,-20.660000,3.080000,-3.960000
1354.009387,-17.780000,4.900000,-3.620000
1354.009387,-14.060000,6.330000,-4.220000
1354.009387,-10.950000,4.520000,-1.240000
1354.105637,-7.580000,2.470000,-0.820000
1354.105637,-5.690000,1.050000,-1.270000
1354.105637,-4.190000,0.260000,-0.870000
1354.105637,-2.340000,-0.730000,-0.920000
1354.105637,-1.110000,-0.210000,0.190000
1354.201867,2.470000,-0.980000,-1.220000
1354.201867,2.970000,-2.500000,-1.910000
1354.201867,2.770000,-2.700000,-1.330000
1354.201867,2.090000,-2.000000,0.810000
1354.201867,1.490000,-1.620000,2.790000
1354.298077,-0.580000,-2.060000,3.240000
1354.298077,-4.260000,-2.830000,2.560000
1354.298077,-7.640000,-3.010000,1.100000
1354.298077,-20.300000,-2.300000,-5.220000
1354.298077,-27.010000,2.500000,-18.490000
1354.394277,-26.540000,6.420000,-15.050000
1354.394277,-20.080000,0.750000,-12.800000
1354.394277,-17.400000,-0.200000,-9.770000
1354.394277,-13.130000,1.480000,-6.210000
1354.394277,-11.620000,5.270000,-2.860000
1354.490487,-7.050000,5.240000,-1.960000
1354.490487,-5.060000,4.390000,-2.500000
1354.490487,-4.670000,4.120000,-2.890000
1354.490487,-3.280000,3.480000,-2.860000
1354.490487,-1.760000,2.490000,-2.910000
1354.586707,-1.020000,1.610000,-1.810000
1354.586707,-0.470000,1.270000,-1.270000
1354.586707,-0.120000,1.170000,-0.890000
1354.586707,0.030000,0.930000,-0.670000
1354.586707,-0.230000,1.410000,-0.520000
1354.682917,-2.220000,4.400000,0.650000
1354.682917,-4.770000,6.270000,1.830000
1354.682917,-7.820000,8.390000,3.120000
1354.682917,-10.990000,13.390000,3.280000
1354.682917,-17.060000,17.430000,-3.010000
1354.779147,-21.450000,14.550000,-1.970000
1354.779147,-18.070000,8.860000,-1.600000
1354.779147,-17.270000,8.530000,-1.820000
1354.779147,-16.470000,8.650000,-1.980000
1354.779147,-13.260000,6.180000,-0.430000
1354.875377,-8.070000,4.360000,2.460000
1354.875377,-5.580000,4.250000,2.040000
1354.875377,-4.240000,3.500000,1.790000
1354.875377,-2.610000,1.670000,1.930000
1354.875377,-1.930000,0.390000,1.970000
1354.971617,-0.600000,-1.230000,0.520000
1354.971617,-0.020000,-2.010000,0.490000
1354.971617,-0.100000,-2.120000,0.880000
1354.971617,-0.850000,-1.570000,1.730000
1354.971617,-2.250000,-0.960000,1.540000
1355.067847,-4.780000,-1.850000,-0.170000
1355.067847,-9.260000,-1.080000,-2.230000
1355.067847,-12.450000,0.550000,-4.580000
1355.067847,-18.630000,6.090000,-9.260000
1355.067847,-23.840000,9.620000,-13.530000
1355.164087,-23.650000,5.670000,-12.400000
1355.164087,-21.350000,4.030000,-12.380000
1355.164087,-19.840000,4.090000,-9.990000
1355.164087,-15.960000,5.020000,-5.340000
1355.164087,-11.180000,4.280000,-3.220000
1355.260307,-5.580000,2.500000,-1.670000
1355.260307,-3.540000,2.180000,-0.860000
1355.260307,-2.460000,2.030000,-0.610000
1355.260307,-0.800000,1.540000,-0.740000
1355.260307,0.640000,0.980000,-1.150000
1355.356527,2.650000,-0.070000,-1.110000
1355.356527,3.110000,-0.480000,-0.870000
1355.356527,3.480000,-0.230000,-0.550000
1355.356527,3.350000,1.340000,1.240000
1355.356527,2.330000,4.900000,4.830000
1355.452747,-3.850000,8.790000,1.560000
1355.452747,-5.160000,12.940000,6.990000
1355.452747,-12.340000,14.210000,6.670000
1355.452747,-15.550000,12.500000,-1.090000
1355.452747,-18.440000,9.420000,-3.520000
1355.548957,-23.540000,-1.410000,-9.730000
1355.548957,-24.310000,-0.490000,-9.280000
1355.548957,-22.610000,3.220000,-8.340000
1355.548957,-17.550000,5.340000,-7.120000
1355.548957,-14.380000,4.160000,-2.970000
1355.645187,-6.600000,0.700000,-0.820000
1355.645187,-5.950000,0.440000,-0.830000
1355.645187,-5.140000,-0.630000,-0.680000
1355.645187,-4.570000,-2.010000,-0.810000
1355.645187,-4.160000,-2.370000,-0.040000
1355.741427,-1.580000,-2.230000,1.400000
1355.741427,-0.980000,-2.190000,2.320000
1355.741427,-0.170000,-2.270000,1.870000
1355.741427,-0.090000,-2.370000,1.830000
1355.741427,-0.270000,-2.410000,1.670000
1355.837637,-3.070000,-3.760000,1.450000
1355.837637,-4.940000,-4.510000,1.670000
1355.837637,-11.700000,-3.200000,-1.120000
1355.837637,-20.180000,4.190000,-16.600000
1355.837637,-23.770000,9.250000,-23.180000
1355.933867,-23.830000,6.960000,-15.290000
1355.933867,-21.320000,5.050000,-14.220000
1355.933867,-16.860000,2.200000,-10.950000
1355.933867,-11.390000,0.620000,-5.460000
1355.933867,-10.520000,1.410000,-2.560000
1356.030077,-4.410000,1.510000,-2.220000
1356.030077,-3.480000,1.020000,-1.170000
1356.030077,-2.400000,0.110000,0.160000
1356.030077,-1.580000,-0.580000,0.010000
1356.030077,-1.270000,-0.910000,-0.290000
1356.126287,-1.670000,-0.990000,0.250000
1356.126287,-2.120000,-0.340000,0.440000
1356.126287,-3.230000,1.370000,-0.050000
1356.126287,-4.980000,3.130000,-1.220000
1356.126287,-6.100000,4.080000,-1.740000
1356.222517,-9.140000,5.920000,-2.500000
1356.222517,-8.930000,5.580000,-1.660000
1356.222517,-8.430000,4.100000,-0.280000
1356.222517,-9.110000,3.140000,-1.350000
1356.222517,-9.630000,2.870000,-1.640000
1356.318737,-11.720000,2.830000,-2.390000
1356.318737,-12.340000,3.120000,-3.030000
1356.318737,-13.660000,4.020000,-4.010000
1356.318737,-15.410000,5.440000,-4.980000
1356.318737,-16.300000,6.040000,-5.580000
1356.414907,-15.950000,6.370000,-5.180000
1356.414907,-15.320000,5.840000,-4.440000
1356.414907,-12.730000,4.140000,-3.880000
1356.414907,-10.210000,2.280000,-2.910000
1356.414907,-9.350000,1.740000,-2.120000
1408.131340,-2.750000,9.380000,-1.120000
1408.131340,-3.040000,9.490000,-1.830000
1408.131340,-3.620000,8.620000,-0.840000
1408.131340,-3.710000,7.990000,1.510000
1408.131340,-3.610000,6.900000,2.320000
1408.227640,-6.090000,6.290000,3.690000
1408.227640,-5.520000,4.900000,-0.370000
1408.227640,-7.150000,4.500000,-1.840000
1408.227640,-6.800000,4.960000,-1.430000
1408.227640,-5.990000,7.820000,-0.780000
1408.323920,-4.690000,12.070000,-1.000000
1408.323920,-4.140000,12.380000,0.090000
1408.323920,-3.830000,12.120000,1.320000
1408.323920,-3.520000,11.790000,1.330000
1408.323920,-2.980000,10.840000,0.720000
1408.420190,-2.270000,8.870000,0.530000
1408.420190,-2.000000,8.120000,0.730000
1408.420190,-1.760000,7.720000,1.070000
1408.420190,-1.730000,7.630000,1.200000
1408.420190,-1.740000,7.670000,1.310000
1408.516440,-1.750000,7.320000,1.130000
1408.516440,-1.790000,7.060000,1.080000
1408.516440,-1.790000,6.930000,1.110000
1408.516440,-1.690000,6.960000,1.160000
1408.516440,-1.570000,7.210000,0.930000
1408.612720,-2.190000,8.300000,-0.150000
1408.612720,-3.220000,9.430000,-0.560000
1408.612720,-4.230000,11.290000,-0.530000
1408.612720,-4.710000,12.180000,-0.350000
1408.612720,-4.700000,12.210000,-2.350000
1408.709000,-5.160000,13.110000,-1.960000
1408.709000,-4.680000,12.490000,-3.080000
1408.709000,-3.820000,11.700000,-4.000000
1408.709000,-3.380000,11.100000,-4.340000
1408.709000,-2.450000,9.990000,-5.500000
1408.805290,-0.620000,8.850000,-7.800000
1408.805290,1.630000,8.710000,-6.050000
1408.805290,2.310000,10.330000,-6.630000
1408.805290,2.620000,10.640000,-6.260000
1408.805290,3.020000,10.400000,-4.590000
1408.901580,1.580000,9.360000,-4.250000
1408.901580,0.450000,8.330000,-3.970000
1408.901580,-0.590000,7.700000,-3.840000
1408.901580,-1.010000,7.600000,-3.830000
1408.901580,-2.000000,7.770000,-4.390000
1408.997860,-3.270000,8.250000,-4.680000
1408.997860,-3.460000,10.960000,-2.810000
1408.997860,-3.490000,9.000000,-0.220000
1408.997860,-3.830000,9.080000,-2.550000
1408.997860,-3.600000,11.150000,-7.560000
1409.094150,-3.220000,9.050000,-4.670000
1409.094150,-2.000000,9.760000,-2.290000
1409.094150,-1.480000,10.420000,-4.290000
1409.094150,-1.400000,10.280000,-5.060000
1409.094150,-0.650000,10.360000,-3.790000
1409.190440,-0.560000,10.660000,-2.780000
1409.190440,-0.550000,9.620000,-2.570000
1409.190440,-0.750000,8.820000,-2.380000
1409.190440,-0.910000,8.610000,-2.230000
1409.190440,-1.220000,8.560000,-2.510000
1409.286690,-1.230000,9.040000,-3.460000
1409.286690,-0.640000,9.320000,-2.490000
1409.286690,-0.340000,9.790000,-2.760000
1409.286690,-0.060000,9.660000,-2.480000
1409.286690,0.240000,9.100000,-1.770000
1409.382950,0.160000,8.390000,-1.120000
1409.382950,-0.030000,8.290000,-0.840000
1409.382950,-0.360000,8.610000,-0.760000
1409.382950,-0.450000,8.830000,-0.730000
1409.382950,-0.510000,9.810000,-0.910000
1409.479210,-0.290000,10.950000,-0.540000
1409.479210,-0.100000,11.510000,-0.250000
1409.479210,0.000000,11.570000,-0.230000
1409.479210,0.040000,11.540000,-0.110000
1409.479210,-0.010000,11.680000,-0.030000
1409.575520,-0.510000,12.320000,-0.230000
1409.575520,-0.550000,13.050000,-0.210000
1409.575520,-0.370000,13.520000,0.230000
1409.575520,-0.120000,13.650000,0.460000
1409.575520,0.420000,13.420000,0.450000
1409.671790,0.840000,12.410000,0.740000
1409.671790,0.580000,12.070000,0.910000
1409.671790,0.320000,11.290000,0.840000
1409.671790,0.130000,10.720000,0.740000
1409.671790,-0.310000,9.480000,0.490000
1409.768060,-0.790000,7.810000,0.510000
1409.768060,-0.940000,6.900000,0.560000
1409.768060,-1.080000,6.340000,0.550000
1409.768060,-1.140000,6.060000,0.570000
1409.768060,-1.360000,5.490000,0.540000
1409.864320,-1.560000,5.140000,-0.050000
1409.864320,-1.760000,5.280000,-0.200000
1409.864320,-1.860000,5.840000,0.000000
1409.864320,-1.870000,6.170000,0.110000
1409.864320,-1.940000,6.810000,0.220000
1409.960610,-2.170000,7.860000,-0.060000
1409.960610,-2.230000,8.520000,-0.110000
1409.960610,-1.980000,9.190000,0.710000
1409.960610,-1.970000,9.780000,0.760000
1409.960610,-2.000000,10.450000,-0.430000
1410.056910,-1.560000,10.890000,-0.110000
1410.056910,-1.510000,11.300000,0.220000
1410.056910,-1.470000,11.740000,0.000000
1410.056910,-1.660000,11.860000,-0.290000
1410.056910,-2.330000,12.050000,-0.830000
1410.153180,-3.350000,11.220000,-1.120000
1410.153180,-3.850000,10.290000,-0.510000
1410.153180,-4.120000,10.170000,-0.670000
1410.153180,-4.090000,10.440000,-1.290000
1410.153180,-3.660000,10.940000,-2.070000
1410.249460,-3.270000,12.370000,-2.190000
1410.249460,-2.860000,12.960000,-1.950000
1410.249460,-2.470000,12.720000,-2.790000
1410.249460,-1.870000,12.110000,-2.440000
1410.249460,-0.590000,11.610000,-2.610000
1410.345720,1.080000,9.120000,-1.000000
1410.345720,1.480000,7.580000,-0.130000
1410.345720,1.350000,6.320000,-0.090000
1410.345720,1.340000,6.040000,-0.160000
1410.345720,1.240000,6.240000,-1.170000
1410.442010,1.350000,7.030000,-1.930000
1410.442010,1.120000,8.060000,-2.470000
1410.442010,0.770000,8.940000,-2.710000
1410.442010,0.580000,8.940000,-2.840000
1410.442010,0.150000,8.190000,-3.120000
1410.538280,-0.420000,7.640000,-2.270000
1410.538280,-0.700000,8.360000,-2.140000
1410.538280,-0.930000,9.270000,-2.970000
1410.538280,-1.020000,9.750000,-3.480000
1410.538280,-0.950000,10.770000,-3.380000
1410.634540,-0.870000,12.070000,-2.390000
1410.634540,-0.560000,12.050000,-2.140000
1410.634540,-0.470000,11.510000,-2.720000
1410.634540,-0.030000,11.250000,-2.360000
1410.634540,1.020000,12.190000,-1.550000
1410.730810,1.640000,13.290000,-2.600000
1410.730810,1.610000,13.090000,-2.460000
1410.730810,0.860000,12.420000,-0.910000
1410.730810,0.310000,11.650000,-0.410000
1410.730810,-0.520000,9.310000,0.160000
1410.827070,-0.910000,6.790000,0.860000
1410.827070,-1.280000,7.080000,-0.600000
1410.827070,-0.980000,7.070000,-1.090000
1410.827070,-0.800000,6.880000,-0.600000
1410.827070,-0.740000,7.320000,0.060000
1410.923340,0.000000,8.300000,2.120000
1410.923340,-0.770000,8.820000,-0.990000
1410.923340,-0.520000,7.760000,-0.920000
1410.923340,-0.570000,7.830000,-0.720000
1410.923340,-1.110000,8.410000,-0.760000
1411.019610,-1.880000,8.110000,-0.850000
1411.019610,-2.790000,8.750000,-1.890000
1411.019610,-3.400000,9.340000,-1.650000
1411.019610,-3.620000,9.620000,-1.290000
1411.019610,-4.240000,10.040000,-0.930000
1411.115910,-4.090000,10.200000,-0.530000
1411.115910,-4.150000,10.650000,1.220000
1411.115910,-1.840000,9.210000,-0.420000
1411.115910,-1.180000,8.640000,-0.330000
1411.115910,0.070000,8.320000,0.560000
1411.212200,0.540000,8.990000,-1.250000
1411.212200,1.290000,9.060000,-0.860000
1411.212200,0.610000,11.340000,-3.190000
1411.212200,0.420000,12.200000,-3.210000
1411.212200,0.680000,12.600000,-1.170000
1411.308490,-0.250000,10.620000,-1.200000
1411.308490,-0.860000,9.160000,-1.060000
1411.308490,-1.400000,9.490000,-1.250000
1411.308490,-1.590000,10.130000,-1.840000
1411.308490,-1.820000,11.050000,-2.720000
1411.404800,-1.370000,12.370000,-1.450000
1411.404800,-1.080000,12.200000,-1.930000
1411.404800,-0.700000,10.820000,-2.060000
1411.404800,-0.670000,10.150000,-2.540000
1411.404800,-0.090000,8.980000,-2.860000
1411.501090,0.520000,9.010000,-3.720000
1411.501090,1.010000,9.620000,-3.820000
1411.501090,1.080000,10.270000,-3.660000
1411.501090,0.940000,10.290000,-3.450000
1411.501090,0.300000,9.480000,-2.880000
1411.597400,-1.170000,7.000000,-1.720000
1411.597400,-1.950000,6.280000,-0.290000
1411.597400,-3.020000,7.340000,-1.740000
1411.597400,-3.420000,8.570000,-3.650000
1411.597400,-3.480000,10.870000,-6.890000
1411.693660,-1.320000,10.210000,-4.550000
1411.693660,1.100000,10.090000,-1.460000
1411.693660,1.950000,10.780000,-4.340000
1411.693660,2.740000,10.220000,-3.910000
1411.693660,3.250000,9.240000,-2.380000
1411.789900,1.770000,8.100000,-2.510000
1411.789900,0.800000,8.280000,-1.620000
1411.789900,0.300000,10.000000,0.720000
1411.789900,0.300000,11.060000,2.450000
1411.789900,-0.370000,11.750000,1.730000
1411.886190,-0.580000,9.080000,0.260000
1411.886190,-1.630000,8.500000,-1.770000
1411.886190,-2.240000,9.070000,-2.780000
1411.886190,-2.180000,9.380000,-2.390000
1411.886190,-2.680000,10.180000,-1.850000
1411.982470,-4.230000,10.200000,-0.950000
1411.982470,-4.460000,10.180000,0.340000
1411.982470,-4.740000,10.380000,0.720000
1411.982470,-5.280000,10.320000,1.140000
1411.982470,-4.470000,9.050000,-0.330000
1495.853685,-7.020000,7.250000,-4.570000
1495.853685,-6.670000,7.100000,-4.920000
1495.853685,-6.630000,6.540000,-4.990000
1495.853685,-6.730000,6.270000,-4.990000
1495.853685,-6.950000,5.800000,-5.400000
1495.949905,-6.940000,5.290000,-5.870000
1495.949905,-7.130000,5.280000,-5.930000
1495.949905,-7.690000,5.490000,-6.490000
1495.949905,-7.760000,5.540000,-6.590000
1495.949905,-7.510000,5.490000,-6.280000
1496.046125,-7.220000,5.050000,-5.430000
1496.046125,-7.100000,4.470000,-5.050000
1496.046125,-6.880000,3.810000,-4.570000
1496.046125,-6.780000,3.550000,-4.350000
1496.046125,-6.710000,2.900000,-3.780000
1496.142355,-7.290000,2.350000,-3.880000
1496.142355,-7.380000,2.100000,-3.690000
1496.142355,-7.220000,1.770000,-3.400000
1496.142355,-7.060000,1.640000,-3.320000
1496.142355,-6.650000,1.230000,-3.030000
1496.238545,-6.360000,0.870000,-2.440000
1496.238545,-5.830000,0.730000,-2.220000
1496.238545,-5.550000,1.040000,-2.310000
1496.238545,-5.750000,1.290000,-2.480000
1496.238545,-6.420000,1.780000,-2.760000
1496.337405,-7.790000,2.770000,-2.980000
1496.337405,-8.250000,3.440000,-3.130000
1496.337405,-8.250000,3.720000,-2.380000
1496.337405,-8.220000,3.780000,-2.070000
1496.337405,-8.190000,4.070000,-1.980000
1496.433595,-8.100000,4.450000,-2.250000
1496.433595,-7.650000,4.650000,-1.770000
1496.433595,-7.280000,5.160000,-1.440000
1496.433595,-7.180000,5.820000,-1.390000
1496.433595,-7.230000,6.200000,-1.580000
1496.529775,-7.320000,6.890000,-2.110000
1496.529775,-7.150000,7.300000,-1.940000
1496.529775,-6.640000,7.350000,-1.170000
1496.529775,-6.260000,7.610000,-0.620000
1496.529775,-5.600000,7.760000,-0.530000
1496.625955,-5.980000,8.650000,-0.900000
1496.625955,-6.450000,8.990000,-1.830000
1496.625955,-6.020000,9.110000,-1.280000
1496.625955,-5.780000,9.210000,-0.350000
1496.625955,-5.300000,9.440000,-0.060000
1496.722125,-4.650000,9.140000,-0.620000
1496.722125,-3.930000,8.630000,-0.160000
1496.722125,-3.110000,8.370000,0.500000
1496.722125,-2.720000,8.360000,0.750000
1496.722125,-2.050000,8.370000,0.830000
1496.818315,-1.530000,8.360000,0.260000
1496.818315,-1.610000,8.870000,0.170000
1496.818315,-1.910000,9.400000,0.500000
1496.818315,-2.070000,9.780000,0.410000
1496.818315,-2.380000,10.640000,-0.400000
1496.914485,-2.550000,11.520000,-1.310000
1496.914485,-1.870000,11.850000,-0.320000
1496.914485,-1.260000,12.240000,-0.140000
1496.914485,-0.950000,12.300000,-0.360000
1496.914485,-0.140000,12.150000,-0.640000
1497.010665,0.630000,11.830000,-0.670000
1497.010665,0.660000,11.180000,-0.550000
1497.010665,0.260000,10.150000,-0.390000
1497.010665,-0.100000,9.690000,-0.320000
1497.010665,-1.380000,9.250000,-0.530000
1497.106875,-4.790000,10.370000,-2.710000
1497.106875,-9.590000,12.110000,-3.360000
1497.106875,-8.660000,10.510000,-5.000000
1497.106875,-9.090000,9.300000,-5.580000
1497.106875,-9.920000,8.250000,-3.700000
1497.203085,-7.900000,6.970000,-2.590000
1497.203085,-6.240000,8.290000,-1.600000
1497.203085,-5.120000,9.950000,-1.040000
1497.203085,-4.690000,10.550000,-0.600000
1497.203085,-3.970000,11.260000,0.220000
1497.299285,-3.500000,11.110000,0.820000
1497.299285,-3.330000,10.710000,0.940000
1497.299285,-3.300000,10.120000,1.060000
1497.299285,-3.410000,9.860000,1.050000
1497.299285,-3.900000,9.580000,0.750000
1497.395485,-5.040000,9.380000,0.170000
1497.395485,-6.000000,9.320000,-0.510000
1497.395485,-6.770000,9.180000,-1.220000
1497.395485,-6.990000,9.090000,-1.430000
1497.395485,-6.970000,9.020000,-1.360000
1497.491705,-6.410000,8.990000,-1.260000
1497.491705,-6.060000,8.640000,-1.950000
1497.491705,-5.740000,8.200000,-2.040000
1497.491705,-5.690000,7.980000,-1.890000
1497.491705,-5.640000,7.630000,-1.880000
1497.587935,-5.430000,6.860000,-2.800000
1497.587935,-5.610000,6.230000,-3.490000
1497.587935,-5.970000,5.770000,-4.130000
1497.587935,-6.120000,5.590000,-4.520000
1497.587935,-6.340000,5.260000,-5.130000
1497.684175,-6.970000,4.260000,-4.120000
1497.684175,-7.380000,3.940000,-4.100000
1497.684175,-7.420000,3.800000,-5.000000
1497.684175,-7.270000,3.510000,-5.210000
1497.684175,-7.210000,2.510000,-4.800000
1497.780415,-7.260000,1.600000,-3.850000
1497.780415,-7.190000,1.330000,-4.560000
1497.780415,-7.050000,0.460000,-4.470000
1497.780415,-7.090000,0.200000,-4.060000
1497.780415,-7.010000,0.290000,-3.530000
1497.876655,-6.410000,0.270000,-4.950000
1497.876655,-6.170000,0.350000,-5.570000
1497.876655,-6.170000,0.230000,-5.430000
1497.876655,-6.110000,0.190000,-4.800000
1497.876655,-6.040000,0.130000,-3.870000
1497.972855,-6.270000,0.350000,-5.740000
1497.972855,-6.500000,0.180000,-6.270000
1497.972855,-6.610000,-0.270000,-5.850000
1497.972855,-6.710000,-0.260000,-5.580000
1497.972855,-7.110000,0.300000,-5.640000
1498.069075,-7.480000,1.610000,-5.850000
1498.069075,-7.750000,2.560000,-5.830000
1498.069075,-8.550000,3.300000,-5.240000
1498.069075,-9.040000,3.550000,-4.960000
1498.069075,-9.690000,4.050000,-4.550000
1498.165255,-10.010000,4.450000,-4.430000
1498.165255,-9.980000,4.550000,-4.120000
1498.165255,-10.450000,4.820000,-3.970000
1498.165255,-10.670000,4.960000,-4.080000
1498.165255,-10.660000,4.950000,-4.220000
1498.261445,-9.840000,4.120000,-3.040000
1498.261445,-9.570000,3.380000,-1.800000
1498.261445,-9.490000,2.630000,-1.250000
1498.261445,-9.550000,2.310000,-1.290000
1498.261445,-10.050000,1.870000,-2.300000
1498.357665,-10.850000,2.230000,-3.320000
1498.357665,-11.070000,2.600000,-3.510000
1498.357665,-10.740000,3.090000,-3.820000
1498.357665,-10.490000,3.320000,-3.990000
1498.357665,-10.010000,3.430000,-3.980000
1498.453875,-9.080000,2.970000,-3.950000
1498.453875,-8.370000,2.550000,-4.020000
1498.453875,-7.730000,2.130000,-3.960000
1498.453875,-7.410000,1.950000,-3.600000
1498.453875,-7.140000,2.070000,-2.850000
1498.550085,-7.600000,2.350000,-3.950000
1498.550085,-7.820000,2.130000,-4.720000
1498.550085,-8.340000,1.950000,-4.790000
1498.550085,-8.700000,1.940000,-4.740000
1498.550085,-9.220000,2.010000,-5.160000
1498.646305,-9.390000,2.190000,-5.510000
1498.646305,-9.530000,1.940000,-4.860000
1498.646305,-9.750000,1.560000,-4.380000
1498.646305,-9.820000,1.470000,-4.090000
1498.646305,-10.110000,1.280000,-3.760000
1498.742515,-9.800000,1.310000,-3.900000
1498.742515,-9.600000,1.350000,-4.110000
1498.742515,-9.510000,1.260000,-4.420000
1498.742515,-9.260000,1.110000,-4.610000
1498.742515,-8.360000,0.670000,-4.700000
1498.838745,-7.190000,-0.160000,-4.530000
1498.838745,-6.500000,-0.720000,-4.710000
1498.838745,-6.190000,-1.190000,-5.230000
1498.838745,-6.120000,-1.430000,-5.320000
1498.838745,-5.900000,-1.860000,-4.550000
1498.934955,-6.000000,-1.940000,-4.040000
1498.934955,-6.400000,-1.560000,-5.050000
1498.934955,-6.480000,-1.320000,-4.640000
1498.934955,-6.450000,-1.170000,-4.030000
1498.934955,-6.540000,-0.890000,-3.630000
1499.031165,-6.300000,-0.550000,-5.210000
1499.031165,-6.140000,-0.650000,-5.670000
1499.031165,-6.080000,-0.730000,-5.600000
1499.031165,-5.880000,-0.630000,-5.750000
1499.031165,-5.750000,0.400000,-7.040000
1499.127375,-4.970000,1.800000,-6.000000
1499.127375,-4.500000,3.000000,-4.100000
1499.127375,-4.240000,4.160000,-2.580000
1499.127375,-4.810000,6.510000,-3.560000
1499.127375,-6.320000,4.810000,-7.050000
1499.223615,-8.190000,4.460000,-7.830000
1499.223615,-7.670000,5.230000,-7.190000
1499.223615,-6.810000,5.860000,-5.790000
1499.223615,-6.090000,6.770000,-6.020000
1499.223615,-6.050000,6.300000,-5.960000
1499.319815,-6.410000,6.110000,-6.500000
1499.319815,-6.390000,6.730000,-5.750000
1499.319815,-6.420000,7.250000,-5.440000
1499.319815,-6.740000,7.790000,-5.780000
1499.319815,-6.820000,7.930000,-6.080000
1499.416025,-6.770000,8.120000,-6.020000
1499.416025,-6.380000,8.210000,-5.160000
1499.416025,-6.250000,8.340000,-4.850000
1499.416025,-6.040000,8.610000,-4.280000
1499.416025,-5.840000,9.170000,-3.670000
1499.512245,-5.950000,10.140000,-3.730000
1499.512245,-6.390000,10.740000,-3.770000
1499.512245,-6.450000,10.810000,-3.460000
1499.512245,-5.970000,10.500000,-2.290000
1499.512245,-4.890000,9.790000,-1.460000
1499.608435,-3.840000,8.640000,-1.620000
1499.608435,-3.560000,8.220000,-0.730000
1499.608435,-3.530000,8.310000,-0.090000
1499.608435,-3.670000,8.980000,0.290000
1499.608435,-4.340000,10.040000,-0.540000
1499.704655,-5.100000,10.760000,-0.910000
1499.704655,-5.040000,10.460000,-0.780000
1499.704655,-4.830000,10.200000,-0.890000
1499.704655,-4.200000,9.570000,-1.120000
1499.704655,-3.540000,9.070000,-0.930000
1612.936001,-3.500000,10.880000,-1.610000
1612.936001,-3.830000,11.100000,-1.920000
1612.936001,-3.860000,10.930000,-1.780000
1612.936001,-3.750000,10.290000,-1.120000
1612.936001,-3.570000,9.470000,-0.450000
1613.032261,-3.050000,8.620000,0.130000
1613.032261,-2.950000,8.450000,0.070000
1613.032261,-2.960000,8.490000,-0.190000
1613.032261,-2.870000,8.700000,-0.700000
1613.032261,-2.730000,8.980000,-0.940000
1613.128481,-2.590000,9.700000,-1.620000
1613.128481,-1.880000,10.070000,-2.070000
1613.128481,-2.040000,10.060000,-1.110000
1613.128481,-1.950000,11.210000,-1.960000
1613.128481,-1.380000,10.760000,-2.360000
1613.224691,-2.040000,9.630000,-2.250000
1613.224691,-2.240000,9.060000,-1.910000
1613.224691,-2.550000,8.440000,-1.930000
1613.224691,-3.060000,8.550000,-2.740000
1613.224691,-3.260000,8.430000,-3.150000
1613.320921,-3.630000,8.210000,-3.060000
1613.320921,-3.650000,8.200000,-3.120000
1613.320921,-3.600000,8.180000,-3.200000
1613.320921,-3.400000,8.430000,-3.480000
1613.320921,-3.310000,8.610000,-3.800000
1613.417201,-2.970000,9.470000,-3.950000
1613.417201,-2.850000,9.530000,-3.180000
1613.417201,-2.330000,9.740000,-2.900000
1613.417201,-2.350000,10.510000,-3.770000
1613.417201,-2.230000,10.400000,-2.920000
1613.513461,-2.400000,9.710000,-2.440000
1613.513461,-2.420000,9.450000,-2.210000
1613.513461,-2.550000,9.710000,-1.910000
1613.513461,-2.890000,10.340000,-2.010000
1613.513461,-2.980000,10.480000,-1.830000
1613.609711,-2.870000,10.740000,-0.810000
1613.609711,-2.730000,10.510000,-0.630000
1613.609711,-2.280000,9.960000,-0.350000
1613.609711,-1.910000,9.470000,-0.240000
1613.609711,-1.790000,9.260000,-0.030000
1613.705951,-1.940000,9.750000,1.070000
1613.705951,-2.020000,9.890000,1.270000
1613.705951,-2.130000,10.210000,1.620000
1613.705951,-1.950000,10.340000,1.620000
1613.705951,-1.710000,10.260000,1.440000
1613.802201,-0.450000,9.270000,0.240000
1613.802201,-0.020000,9.030000,-0.010000
1613.802201,1.230000,9.190000,0.270000
1613.802201,1.960000,9.730000,-0.840000
1613.802201,2.410000,9.810000,-0.590000
1613.898441,2.270000,10.270000,0.360000
1613.898441,1.890000,9.900000,0.260000
1613.898441,1.000000,9.090000,0.100000
1613.898441,0.120000,8.670000,0.270000
1613.898441,-0.250000,8.570000,0.300000
1613.994711,-1.260000,8.490000,0.060000
1613.994711,-1.450000,8.540000,-0.020000
1613.994711,-1.700000,8.520000,-0.010000
1613.994711,-1.780000,8.420000,0.040000
1613.994711,-1.730000,8.350000,0.100000
1614.090951,-1.400000,8.230000,0.450000
1614.090951,-1.290000,8.260000,0.620000
1614.090951,-1.100000,8.510000,0.900000
1614.090951,-0.970000,8.810000,1.030000
1614.090951,-0.930000,8.940000,1.070000
1614.187221,-1.020000,9.260000,1.180000
1614.187221,-1.080000,9.310000,1.200000
1614.187221,-1.240000,9.430000,1.200000
1614.187221,-1.410000,9.690000,1.040000
1614.187221,-1.480000,9.850000,0.980000
1614.283491,-1.770000,10.310000,0.710000
1614.283491,-1.780000,10.360000,0.640000
1614.283491,-1.760000,10.410000,0.500000
1614.283491,-1.760000,10.320000,0.460000
1614.283491,-1.780000,10.170000,0.460000
1614.379691,-2.010000,9.680000,0.300000
1614.379691,-2.060000,9.720000,0.170000
1614.379691,-2.150000,10.020000,-0.160000
1614.379691,-2.220000,10.610000,-0.380000
1614.379691,-2.300000,10.960000,-0.610000
1614.475881,-2.310000,12.260000,-1.530000
1614.475881,-2.200000,12.410000,-1.480000
1614.475881,-1.870000,12.330000,-1.230000
1614.475881,-1.580000,11.750000,-1.130000
1614.475881,-1.620000,11.260000,-1.300000
1614.572091,-2.310000,9.820000,-1.500000
1614.572091,-2.540000,9.670000,-1.340000
1614.572091,-2.890000,9.440000,-1.360000
1614.572091,-3.270000,9.380000,-2.070000
1614.572091,-3.400000,9.370000,-2.630000
1614.668311,-3.110000,9.530000,-3.100000
1614.668311,-2.910000,9.550000,-2.950000
1614.668311,-2.180000,9.750000,-2.750000
1614.668311,-1.120000,9.610000,-1.310000
1614.668311,-0.860000,9.860000,-1.430000
1614.764481,0.000000,9.190000,-1.700000
1614.764481,0.100000,9.070000,-1.480000
1614.764481,-0.010000,8.270000,-1.070000
1614.764481,-0.350000,7.510000,-0.950000
1614.764481,-0.560000,7.410000,-1.010000
1614.860691,-1.390000,8.490000,-1.280000
1614.860691,-1.660000,8.780000,-1.410000
1614.860691,-2.180000,9.000000,-2.040000
1614.860691,-2.160000,9.170000,-2.030000
1614.860691,-2.120000,9.120000,-1.880000
1614.956891,-2.430000,8.620000,-1.760000
1614.956891,-2.630000,8.720000,-1.830000
1614.956891,-3.170000,9.020000,-2.160000
1614.956891,-3.580000,9.270000,-2.280000
1614.956891,-3.740000,9.380000,-2.190000
1615.055701,-3.860000,9.310000,-1.530000
1615.055701,-3.810000,9.150000,-1.530000
1615.055701,-3.750000,8.800000,-1.650000
1615.055701,-3.650000,8.400000,-1.670000
1615.055701,-3.610000,8.260000,-1.560000
1615.154541,-3.680000,8.340000,-1.280000
1615.154541,-3.790000,8.470000,-1.260000
1615.154541,-4.040000,8.800000,-1.310000
1615.154541,-4.200000,9.000000,-1.480000
1615.154541,-4.160000,8.970000,-1.560000
1615.250671,-3.910000,8.640000,-1.530000
1615.250671,-3.730000,8.480000,-1.540000
1615.250671,-3.690000,8.510000,-1.600000
1615.250671,-3.750000,8.790000,-1.690000
1615.250671,-3.820000,9.200000,-1.700000
1615.346811,-3.820000,9.850000,-1.850000
1615.346811,-3.510000,10.200000,-1.960000
1615.346811,-3.380000,10.330000,-2.080000
1615.346811,-3.050000,10.490000,-2.250000
1615.346811,-2.380000,10.480000,-1.550000
1615.442951,-1.960000,11.180000,-2.170000
1615.442951,-1.580000,11.140000,-1.840000
1615.442951,-1.580000,11.260000,-1.800000
1615.442951,-1.750000,11.260000,-1.740000
1615.442951,-2.030000,11.110000,-1.670000
1615.539091,-2.510000,10.610000,-0.890000
1615.539091,-2.740000,9.900000,-0.490000
1615.539091,-2.760000,9.390000,-0.290000
1615.539091,-2.420000,8.700000,0.360000
1615.539091,-2.080000,8.630000,0.030000
1615.635241,-1.130000,9.150000,-0.920000
1615.635241,-0.550000,9.860000,-1.000000
1615.635241,-0.160000,10.200000,-0.600000
1615.635241,0.960000,11.470000,0.610000
1615.635241,1.110000,11.980000,-1.150000
1615.731391,1.860000,10.650000,0.300000
1615.731391,1.700000,9.430000,0.720000
1615.731391,1.680000,8.620000,0.920000
1615.731391,1.160000,7.560000,1.060000
1615.731391,0.280000,7.160000,0.740000
1615.827511,-0.420000,7.820000,-0.280000
1615.827511,-0.580000,8.630000,-0.070000
1615.827511,-0.730000,8.980000,-0.100000
1615.827511,-0.830000,9.020000,-0.130000
1615.827511,-0.850000,8.470000,-0.120000
1615.923631,-0.920000,7.580000,0.090000
1615.923631,-1.000000,7.430000,0.200000
1615.923631,-1.110000,7.540000,0.070000
1615.923631,-1.320000,7.860000,-0.110000
1615.923631,-1.500000,8.500000,-0.140000
1616.019761,-1.710000,9.320000,-0.310000
1616.019761,-1.730000,9.440000,-0.370000
1616.019761,-1.730000,9.430000,-0.450000
1616.019761,-1.670000,9.350000,-0.600000
1616.019761,-1.580000,9.450000,-0.610000
1616.115901,-1.650000,10.110000,-0.450000
1616.115901,-1.840000,10.490000,-0.380000
1616.115901,-1.990000,10.560000,-0.360000
1616.115901,-2.360000,10.510000,-0.420000
1616.115901,-2.630000,10.710000,-0.640000
1616.212041,-3.030000,12.070000,-0.960000
1616.212041,-3.310000,12.980000,-0.910000
1616.212041,-3.460000,13.350000,-1.040000
1616.212041,-3.580000,13.330000,-1.330000
1616.212041,-3.380000,12.160000,-0.990000
1616.308201,-2.620000,9.640000,-0.110000
1616.308201,-2.020000,8.660000,0.250000
1616.308201,-1.830000,8.620000,0.090000
1616.308201,-1.660000,9.180000,-0.990000
1616.308201,-1.850000,10.450000,-2.070000
1616.404341,-1.520000,12.990000,-0.770000
1616.404341,-1.720000,13.890000,-2.660000
1616.404341,-1.340000,13.200000,-2.600000
1616.404341,-0.900000,11.660000,-2.200000
1616.404341,-0.560000,10.060000,-1.700000
1616.500471,-0.340000,8.800000,-1.570000
1616.500471,-0.650000,9.220000,-1.950000
1616.500471,-0.730000,9.520000,-2.010000
1616.500471,-0.870000,10.440000,-2.450000
1616.500471,-0.840000,10.950000,-2.680000
1616.596601,-0.670000,10.270000,-2.410000
1616.596601,-0.670000,9.050000,-2.160000
1616.596601,-0.730000,8.440000,-2.080000
1616.596601,-0.900000,7.660000,-1.930000
1616.596601,-1.080000,7.650000,-1.860000
1616.692731,-1.110000,8.280000,-1.750000
1616.692731,-1.210000,8.700000,-1.940000
1616.692731,-1.260000,8.750000,-2.040000
1616.692731,-1.180000,8.630000,-1.960000
1616.692731,-1.040000,8.540000,-1.780000
1616.788861,-0.880000,8.290000,-1.530000
1616.788861,-0.910000,8.200000,-1.590000
1616.788861,-0.930000,8.190000,-1.580000
1616.788861,-0.970000,8.380000,-1.520000
1616.788861,-1.020000,8.660000,-1.430000
