0.096300,-9.270000,0.190000,-3.170000
0.096300,-9.290000,0.190000,-3.230000
0.096300,-9.290000,0.170000,-3.260000
0.096300,-9.320000,0.170000,-3.250000
0.096300,-9.310000,0.160000,-3.240000
0.192590,-9.300000,0.150000,-3.200000
0.192590,-9.250000,0.160000,-3.170000
0.192590,-9.250000,0.160000,-3.170000
0.192590,-9.300000,0.170000,-3.180000
0.192590,-9.290000,0.150000,-3.200000
0.288870,-9.260000,0.170000,-3.190000
0.288870,-9.280000,0.130000,-3.230000
0.288870,-9.270000,0.160000,-3.190000
0.288870,-9.280000,0.190000,-3.200000
0.288870,-9.280000,0.200000,-3.120000
0.385150,-9.260000,0.210000,-3.100000
0.385150,-9.250000,0.190000,-3.120000
0.385150,-9.240000,0.160000,-3.150000
0.385150,-9.280000,0.120000,-3.170000
0.385150,-9.280000,0.090000,-3.190000
0.481430,-9.290000,0.120000,-3.150000
0.481430,-9.270000,0.150000,-3.150000
0.481430,-9.290000,0.150000,-3.190000
0.481430,-9.300000,0.120000,-3.210000
0.481430,-9.320000,0.140000,-3.170000
0.577720,-9.240000,0.150000,-3.150000
0.577720,-9.290000,0.150000,-3.170000
0.577720,-9.310000,0.160000,-3.190000
0.577720,-9.260000,0.190000,-3.170000
0.577720,-9.240000,0.180000,-3.130000
0.673990,-9.280000,0.120000,-3.240000
0.673990,-9.270000,0.120000,-3.240000
0.673990,-9.290000,0.130000,-3.240000
0.673990,-9.260000,0.130000,-3.270000
0.673990,-9.250000,0.130000,-3.220000
0.770290,-9.290000,0.170000,-3.210000
0.770290,-9.260000,0.140000,-3.150000
0.770290,-9.260000,0.130000,-3.140000
0.770290,-9.270000,0.170000,-3.190000
0.770290,-9.230000,0.190000,-3.170000
0.866600,-9.280000,0.200000,-3.180000
0.866600,-9.260000,0.180000,-3.170000
0.866600,-9.300000,0.180000,-3.190000
0.866600,-9.320000,0.170000,-3.240000
0.866600,-9.260000,0.190000,-3.240000
0.962930,-9.260000,0.180000,-3.270000
0.962930,-9.260000,0.170000,-3.240000
0.962930,-9.270000,0.200000,-3.210000
0.962930,-9.300000,0.210000,-3.200000
0.962930,-9.230000,0.200000,-3.180000
1.059270,-9.240000,0.210000,-3.220000
1.059270,-9.280000,0.210000,-3.290000
1.059270,-9.280000,0.200000,-3.280000
1.059270,-9.260000,0.180000,-3.250000
1.059270,-9.290000,0.170000,-3.280000
1.155590,-9.240000,0.170000,-3.190000
1.155590,-9.280000,0.210000,-3.200000
1.155590,-9.280000,0.210000,-3.200000
1.155590,-9.260000,0.220000,-3.210000
1.155590,-9.240000,0.220000,-3.270000
1.251920,-9.310000,0.200000,-3.270000
1.251920,-9.290000,0.190000,-3.230000
1.251920,-9.290000,0.210000,-3.230000
1.251920,-9.260000,0.200000,-3.180000
1.251920,-9.220000,0.200000,-3.150000
1.348260,-9.300000,0.180000,-3.180000
1.348260,-9.230000,0.180000,-3.160000
1.348260,-9.230000,0.160000,-3.160000
1.348260,-9.240000,0.150000,-3.190000
1.348260,-9.240000,0.210000,-3.170000
1.444580,-9.260000,0.210000,-3.180000
1.444580,-9.280000,0.240000,-3.200000
1.444580,-9.300000,0.230000,-3.210000
1.444580,-9.300000,0.220000,-3.230000
1.444580,-9.230000,0.210000,-3.160000
1.540880,-9.250000,0.260000,-3.140000
1.540880,-9.270000,0.250000,-3.190000
1.540880,-9.270000,0.240000,-3.240000
1.540880,-9.260000,0.170000,-3.230000
1.540880,-9.310000,0.130000,-3.220000
1.637210,-9.380000,0.170000,-3.290000
1.637210,-9.210000,0.270000,-3.230000
1.637210,-9.220000,0.300000,-3.210000
1.637210,-9.190000,0.220000,-3.120000
1.637210,-9.270000,0.140000,-3.140000
1.733520,-9.270000,0.220000,-3.180000
1.733520,-9.240000,0.250000,-3.190000
1.733520,-9.260000,0.240000,-3.230000
1.733520,-9.320000,0.180000,-3.270000
1.733520,-9.340000,0.240000,-3.270000
1.829840,-9.260000,0.180000,-3.190000
1.829840,-9.230000,0.210000,-3.140000
1.829840,-9.240000,0.230000,-3.140000
1.829840,-9.300000,0.210000,-3.170000
1.829840,-9.290000,0.180000,-3.190000
1.926150,-9.290000,0.200000,-3.170000
1.926150,-9.260000,0.200000,-3.180000
1.926150,-9.290000,0.190000,-3.190000
1.926150,-9.300000,0.190000,-3.210000
1.926150,-9.280000,0.200000,-3.180000
2.022470,-9.260000,0.200000,-3.150000
2.022470,-9.270000,0.220000,-3.200000
2.022470,-9.310000,0.210000,-3.230000
2.022470,-9.300000,0.210000,-3.240000
2.022470,-9.260000,0.210000,-3.220000
2.118800,-9.300000,0.150000,-3.180000
2.118800,-9.230000,0.160000,-3.190000
2.118800,-9.260000,0.190000,-3.190000
2.118800,-9.260000,0.220000,-3.140000
2.118800,-9.280000,0.180000,-3.170000
2.215110,-9.300000,0.160000,-3.180000
2.215110,-9.240000,0.150000,-3.180000
2.215110,-9.270000,0.180000,-3.210000
2.215110,-9.340000,0.140000,-3.180000
2.215110,-9.290000,0.120000,-3.100000
2.311430,-9.200000,0.160000,-3.100000
2.311430,-9.290000,0.150000,-3.150000
2.311430,-9.280000,0.120000,-3.180000
2.311430,-9.320000,0.110000,-3.170000
2.311430,-9.330000,0.130000,-3.090000
2.407750,-9.260000,0.120000,-3.120000
2.407750,-9.310000,0.160000,-3.170000
2.407750,-9.300000,0.150000,-3.090000
2.407750,-9.330000,0.200000,-3.100000
2.407750,-9.370000,0.230000,-3.120000
2.504080,-9.320000,0.100000,-3.120000
2.504080,-9.270000,0.160000,-3.130000
2.504080,-9.250000,0.210000,-3.130000
2.504080,-9.250000,0.110000,-3.060000
2.504080,-9.360000,0.180000,-3.100000
2.600390,-9.200000,0.170000,-3.050000
2.600390,-9.170000,0.210000,-3.090000
2.600390,-9.220000,0.160000,-3.140000
2.600390,-9.410000,0.170000,-3.180000
2.600390,-9.370000,0.130000,-3.210000
2.696660,-9.260000,0.200000,-3.210000
2.696660,-9.230000,0.180000,-3.110000
2.696660,-9.310000,0.150000,-3.150000
2.696660,-9.390000,0.130000,-3.200000
2.696660,-9.270000,0.150000,-3.140000
2.792960,-9.280000,0.130000,-3.170000
2.792960,-9.290000,0.150000,-3.220000
2.792960,-9.300000,0.180000,-3.200000
2.792960,-9.250000,0.180000,-3.140000
2.792960,-9.310000,0.230000,-3.170000
2.889250,-9.240000,0.220000,-3.190000
2.889250,-9.240000,0.210000,-3.230000
2.889250,-9.260000,0.220000,-3.200000
2.889250,-9.280000,0.230000,-3.220000
2.889250,-9.310000,0.150000,-3.180000
2.985540,-9.240000,0.170000,-3.120000
2.985540,-9.260000,0.190000,-3.230000
2.985540,-9.280000,0.190000,-3.250000
2.985540,-9.230000,0.130000,-3.270000
2.985540,-9.330000,0.120000,-3.240000
3.081830,-9.260000,0.170000,-3.180000
3.081830,-9.210000,0.220000,-3.170000
3.081830,-9.240000,0.230000,-3.160000
3.081830,-9.240000,0.180000,-3.180000
3.081830,-9.320000,0.220000,-3.230000
3.178130,-9.290000,0.220000,-3.210000
3.178130,-9.240000,0.220000,-3.170000
3.178130,-9.230000,0.210000,-3.170000
3.178130,-9.270000,0.190000,-3.180000
3.178130,-9.260000,0.140000,-3.280000
3.274420,-9.290000,0.170000,-3.280000
3.274420,-9.200000,0.220000,-3.260000
3.274420,-9.240000,0.160000,-3.080000
3.274420,-9.300000,0.230000,-3.170000
3.274420,-9.260000,0.160000,-3.240000
3.370700,-9.340000,0.230000,-3.310000
3.370700,-9.270000,0.170000,-3.290000
3.370700,-9.240000,0.230000,-3.250000
3.370700,-9.220000,0.230000,-3.110000
3.370700,-9.230000,0.270000,-3.110000
3.466990,-9.360000,0.150000,-3.300000
3.466990,-9.240000,0.140000,-3.260000
3.466990,-9.200000,0.170000,-3.220000
3.466990,-9.220000,0.180000,-3.110000
3.466990,-9.330000,0.230000,-3.250000
3.563300,-9.250000,0.160000,-3.220000
3.563300,-9.200000,0.150000,-3.150000
3.563300,-9.210000,0.160000,-3.180000
3.563300,-9.290000,0.190000,-3.260000
3.563300,-9.330000,0.230000,-3.310000
3.659600,-9.250000,0.180000,-3.180000
3.659600,-9.230000,0.120000,-3.150000
3.659600,-9.250000,0.150000,-3.160000
3.659600,-9.300000,0.220000,-3.270000
3.659600,-9.270000,0.190000,-3.240000
3.758550,-9.220000,0.180000,-3.200000
3.758550,-9.300000,0.230000,-3.190000
3.758550,-9.280000,0.220000,-3.190000
3.758550,-9.290000,0.180000,-3.220000
3.758550,-9.240000,0.190000,-3.210000
3.854820,-9.280000,0.180000,-3.290000
3.854820,-9.300000,0.200000,-3.230000
3.854820,-9.290000,0.210000,-3.200000
3.854820,-9.270000,0.210000,-3.160000
3.854820,-9.270000,0.230000,-3.210000
3.951070,-9.220000,0.190000,-3.220000
3.951070,-9.260000,0.210000,-3.220000
3.951070,-9.270000,0.210000,-3.220000
3.951070,-9.280000,0.210000,-3.230000
3.951070,-9.250000,0.220000,-3.250000
113.728606,-9.990000,1.440000,-0.390000
113.728606,-9.990000,1.920000,-0.510000
113.728606,-10.080000,2.120000,-0.510000
113.728606,-10.410000,2.180000,-0.480000
113.728606,-10.390000,1.800000,-0.380000
113.824946,-10.020000,1.220000,-0.050000
113.824946,-9.880000,0.940000,-0.060000
113.824946,-10.000000,0.850000,-0.150000
113.824946,-9.950000,0.700000,0.180000
113.824946,-9.520000,0.550000,0.000000
113.921316,-8.960000,0.820000,0.550000
113.921316,-9.330000,1.000000,0.690000
113.921316,-9.520000,0.970000,0.690000
113.921316,-9.430000,0.760000,0.610000
113.921316,-9.150000,0.690000,0.400000
114.017666,-9.690000,1.300000,0.410000
114.017666,-10.100000,1.290000,0.200000
114.017666,-10.110000,1.160000,0.120000
114.017666,-10.160000,1.160000,0.030000
114.017666,-10.320000,1.080000,0.080000
114.114036,-10.140000,0.410000,0.380000
114.114036,-9.770000,0.290000,0.610000
114.114036,-9.790000,0.210000,0.540000
114.114036,-9.580000,0.070000,0.750000
114.114036,-9.460000,-0.090000,0.890000
114.210436,-9.760000,0.480000,0.540000
114.210436,-10.180000,0.390000,0.050000
114.210436,-9.630000,0.220000,0.220000
114.210436,-9.600000,0.420000,0.510000
114.210436,-9.820000,0.520000,0.800000
114.309446,-9.740000,0.540000,0.570000
114.309446,-9.700000,0.320000,0.530000
114.309446,-9.850000,0.380000,0.370000
114.309446,-9.820000,0.470000,0.500000
114.309446,-10.240000,0.660000,0.550000
114.405766,-10.180000,0.520000,0.550000
114.405766,-9.720000,0.450000,0.600000
114.405766,-9.430000,0.310000,0.620000
114.405766,-9.530000,0.230000,0.550000
114.405766,-9.820000,-0.150000,0.270000
114.502046,-9.970000,0.190000,0.350000
114.502046,-9.930000,0.720000,0.520000
114.502046,-10.070000,0.820000,0.160000
114.502046,-10.110000,0.890000,0.090000
114.502046,-10.270000,1.080000,-0.140000
114.598346,-9.610000,1.070000,0.100000
114.598346,-9.220000,1.340000,0.760000
114.598346,-9.710000,1.630000,0.560000
114.598346,-9.970000,1.950000,0.050000
114.598346,-9.990000,1.850000,0.160000
114.694636,-9.900000,2.080000,0.360000
114.694636,-9.340000,2.250000,0.650000
114.694636,-9.300000,2.210000,0.700000
114.694636,-9.360000,1.830000,0.740000
114.694636,-9.670000,1.940000,0.760000
114.790946,-9.940000,1.680000,0.160000
114.790946,-9.670000,1.240000,0.420000
114.790946,-9.680000,1.340000,0.510000
114.790946,-9.640000,1.390000,0.650000
114.790946,-9.510000,1.230000,0.800000
114.887286,-9.560000,0.810000,0.980000
114.887286,-9.560000,0.640000,1.010000
114.887286,-9.500000,0.380000,1.000000
114.887286,-9.570000,0.190000,0.830000
114.887286,-9.680000,-0.040000,0.490000
114.983636,-9.870000,0.000000,0.590000
114.983636,-9.850000,0.250000,0.710000
114.983636,-10.070000,0.330000,0.370000
114.983636,-10.180000,0.300000,0.230000
114.983636,-10.040000,0.300000,0.290000
115.079976,-9.970000,0.680000,0.460000
115.079976,-9.930000,0.470000,0.210000
115.079976,-9.210000,0.760000,0.160000
115.079976,-9.700000,0.940000,0.320000
115.079976,-9.930000,0.890000,0.380000
115.176306,-9.960000,0.680000,0.410000
115.176306,-9.840000,0.640000,0.350000
115.176306,-9.590000,0.450000,0.400000
115.176306,-9.340000,0.630000,0.470000
115.176306,-9.720000,0.750000,0.450000
115.272616,-9.990000,0.390000,0.350000
115.272616,-9.940000,0.300000,0.300000
115.272616,-9.920000,0.320000,0.330000
115.272616,-9.710000,0.360000,0.360000
115.272616,-9.600000,0.000000,0.340000
115.364906,-9.950000,0.550000,0.070000
115.364906,-9.920000,0.810000,0.380000
115.364906,-9.780000,0.750000,0.400000
115.364906,-9.670000,0.930000,0.200000
115.364906,-9.890000,1.250000,-0.150000
115.461176,-9.770000,1.040000,0.580000
115.461176,-9.610000,1.120000,0.570000
115.461176,-9.600000,1.170000,0.400000
115.461176,-9.870000,1.240000,0.010000
115.461176,-10.140000,1.400000,-0.230000
115.557436,-10.300000,1.510000,-0.040000
115.557436,-10.040000,1.400000,0.180000
115.557436,-9.810000,1.230000,0.160000
115.557436,-9.700000,1.060000,0.220000
115.557436,-9.680000,1.240000,0.330000
115.653686,-9.940000,1.380000,0.800000
115.653686,-9.750000,1.560000,0.830000
115.653686,-9.320000,1.850000,1.030000
115.653686,-9.140000,1.570000,1.240000
115.653686,-9.290000,1.220000,1.130000
115.749946,-9.830000,1.040000,0.450000
115.749946,-9.640000,1.090000,0.590000
115.749946,-9.730000,0.930000,0.440000
115.749946,-10.030000,0.660000,0.220000
115.749946,-10.020000,0.790000,0.320000
115.846236,-9.530000,1.360000,0.940000
115.846236,-9.690000,1.130000,0.800000
115.846236,-9.800000,0.740000,0.580000
115.846236,-10.520000,0.640000,0.540000
115.846236,-10.210000,0.480000,0.560000
115.942466,-9.920000,0.260000,0.690000
115.942466,-9.890000,0.290000,0.670000
115.942466,-10.380000,-0.640000,-0.190000
115.942466,-10.840000,-1.070000,0.230000
115.942466,-10.660000,-0.930000,1.060000
116.041446,-10.020000,-1.340000,1.200000
116.041446,-10.130000,-1.460000,0.950000
116.041446,-10.200000,-1.290000,1.080000
116.041446,-10.080000,-1.100000,1.200000
116.041446,-9.700000,-1.580000,1.230000
116.137706,-9.650000,-1.900000,1.120000
116.137706,-9.130000,-2.350000,0.990000
116.137706,-8.450000,-2.520000,1.320000
116.137706,-6.840000,-2.580000,2.410000
116.137706,-6.890000,-2.640000,2.910000
116.233976,-9.350000,-2.210000,1.390000
116.233976,-9.730000,-1.850000,1.540000
116.233976,-9.770000,-1.660000,1.800000
116.233976,-9.600000,-1.570000,2.220000
116.233976,-9.360000,-1.790000,2.110000
116.330256,-9.690000,-1.960000,1.430000
116.330256,-9.950000,-2.030000,1.150000
116.330256,-10.040000,-2.060000,0.800000
116.330256,-10.210000,-2.280000,0.630000
116.330256,-9.710000,-2.520000,0.420000
116.426486,-8.880000,-2.240000,1.480000
116.426486,-7.960000,-2.860000,1.740000
116.426486,-8.200000,-2.900000,1.800000
116.426486,-9.350000,-1.160000,1.610000
116.426486,-11.000000,-0.850000,1.020000
116.522736,-10.760000,-1.190000,0.490000
116.522736,-10.350000,-0.830000,0.790000
116.522736,-10.020000,-0.570000,0.680000
116.522736,-9.430000,-0.550000,0.960000
116.522736,-9.540000,-0.430000,0.770000
116.618996,-10.070000,0.180000,0.320000
116.618996,-9.850000,0.430000,0.960000
116.618996,-9.630000,0.510000,1.550000
116.618996,-9.430000,0.480000,1.990000
116.618996,-9.550000,1.000000,1.480000
116.715236,-10.290000,1.370000,-0.230000
116.715236,-10.700000,0.770000,0.100000
116.715236,-10.910000,0.410000,0.540000
116.715236,-10.820000,0.160000,0.930000
116.715236,-9.960000,-0.050000,-0.070000
116.811476,-9.690000,0.480000,0.420000
116.811476,-9.540000,1.090000,1.050000
116.811476,-9.760000,1.050000,0.520000
116.811476,-10.290000,0.770000,-0.180000
116.811476,-10.280000,0.470000,-0.580000
116.907736,-10.230000,0.770000,-0.170000
116.907736,-10.020000,0.410000,0.880000
116.907736,-9.780000,0.130000,1.180000
116.907736,-9.110000,0.920000,1.410000
116.907736,-8.430000,0.700000,1.230000
117.003996,-9.910000,1.200000,1.170000
117.003996,-10.490000,1.580000,1.040000
117.003996,-10.220000,1.910000,0.840000
117.003996,-10.100000,1.620000,0.750000
117.003996,-10.040000,1.380000,0.970000
117.100246,-9.020000,1.450000,2.060000
117.100246,-8.970000,1.520000,1.890000
117.100246,-9.440000,1.480000,1.630000
117.100246,-9.960000,2.060000,1.230000
117.100246,-9.860000,2.170000,1.450000
117.196486,-9.920000,0.420000,2.240000
117.196486,-10.640000,0.650000,0.940000
117.196486,-13.100000,2.380000,-0.360000
117.196486,-14.070000,2.470000,0.690000
117.196486,-14.470000,2.570000,-0.510000
117.292736,-8.350000,2.600000,-0.040000
117.292736,-7.350000,2.680000,1.060000
117.292736,-6.470000,2.470000,2.030000
117.292736,-7.010000,2.850000,2.850000
117.292736,-7.070000,2.900000,2.820000
117.388996,-7.860000,2.600000,0.610000
117.388996,-7.850000,2.570000,1.340000
117.388996,-8.520000,3.040000,1.880000
117.388996,-8.710000,3.300000,1.340000
117.388996,-8.190000,3.060000,1.720000
117.485246,-9.000000,3.620000,1.580000
117.485246,-8.930000,3.620000,1.320000
117.485246,-8.470000,3.260000,1.290000
117.485246,-8.620000,2.820000,1.860000
117.485246,-8.880000,2.940000,2.060000
117.584166,-9.610000,3.170000,2.070000
117.584166,-9.510000,2.800000,1.490000
117.584166,-10.040000,2.590000,1.470000
117.584166,-11.160000,3.750000,2.480000
117.584166,-12.220000,3.640000,2.350000
195.191120,-9.530000,0.320000,-2.300000
195.191120,-9.550000,0.270000,-2.330000
195.191120,-9.550000,0.260000,-2.320000
195.191120,-9.570000,0.280000,-2.330000
195.191120,-9.580000,0.300000,-2.340000
195.275400,-9.510000,0.300000,-2.350000
195.275400,-9.520000,0.310000,-2.340000
195.275400,-9.540000,0.300000,-2.360000
195.275400,-9.520000,0.300000,-2.370000
195.275400,-9.510000,0.300000,-2.360000
195.359660,-9.530000,0.270000,-2.340000
195.359660,-9.540000,0.300000,-2.330000
195.359660,-9.570000,0.340000,-2.260000
195.359660,-9.520000,0.310000,-2.310000
195.359660,-9.510000,0.320000,-2.310000
195.443920,-9.520000,0.300000,-2.370000
195.443920,-9.550000,0.330000,-2.370000
195.443920,-9.580000,0.330000,-2.370000
195.443920,-9.520000,0.310000,-2.340000
195.443920,-9.530000,0.300000,-2.350000
195.528160,-9.530000,0.320000,-2.340000
195.528160,-9.560000,0.310000,-2.380000
195.528160,-9.510000,0.290000,-2.330000
195.528160,-9.510000,0.260000,-2.310000
195.528160,-9.530000,0.270000,-2.350000
195.612410,-9.550000,0.300000,-2.340000
195.612410,-9.540000,0.300000,-2.350000
195.612410,-9.510000,0.320000,-2.350000
195.612410,-9.530000,0.330000,-2.340000
195.612410,-9.520000,0.310000,-2.390000
195.696660,-9.540000,0.310000,-2.410000
195.696660,-9.500000,0.300000,-2.380000
195.696660,-9.490000,0.310000,-2.390000
195.696660,-9.530000,0.310000,-2.410000
195.696660,-9.500000,0.310000,-2.420000
195.780910,-9.510000,0.330000,-2.450000
195.780910,-9.550000,0.330000,-2.500000
195.780910,-9.550000,0.310000,-2.500000
195.780910,-9.490000,0.290000,-2.480000
195.780910,-9.500000,0.290000,-2.470000
195.865150,-9.470000,0.340000,-2.410000
195.865150,-9.480000,0.340000,-2.410000
195.865150,-9.480000,0.360000,-2.400000
195.865150,-9.500000,0.350000,-2.420000
195.865150,-9.510000,0.310000,-2.420000
195.949410,-9.540000,0.320000,-2.500000
195.949410,-9.540000,0.310000,-2.510000
195.949410,-9.540000,0.310000,-2.490000
195.949410,-9.510000,0.310000,-2.470000
195.949410,-9.540000,0.340000,-2.440000
196.036320,-9.490000,0.330000,-2.440000
196.036320,-9.470000,0.310000,-2.440000
196.036320,-9.460000,0.310000,-2.450000
196.036320,-9.490000,0.330000,-2.460000
196.036320,-9.500000,0.330000,-2.460000
196.123260,-9.520000,0.310000,-2.460000
196.123260,-9.510000,0.340000,-2.460000
196.123260,-9.500000,0.330000,-2.480000
196.123260,-9.500000,0.330000,-2.480000
196.123260,-9.480000,0.320000,-2.470000
196.210180,-9.560000,0.350000,-2.540000
196.210180,-9.510000,0.330000,-2.470000
196.210180,-9.530000,0.370000,-2.490000
196.210180,-9.480000,0.330000,-2.450000
196.210180,-9.470000,0.290000,-2.430000
196.294410,-9.510000,0.320000,-2.460000
196.294410,-9.530000,0.320000,-2.470000
196.294410,-9.540000,0.310000,-2.480000
196.294410,-9.490000,0.310000,-2.460000
196.294410,-9.520000,0.310000,-2.470000
196.378650,-9.510000,0.330000,-2.490000
196.378650,-9.450000,0.310000,-2.460000
196.378650,-9.480000,0.290000,-2.500000
196.378650,-9.550000,0.320000,-2.540000
196.378650,-9.540000,0.340000,-2.510000
196.462890,-9.490000,0.340000,-2.520000
196.462890,-9.500000,0.340000,-2.510000
196.462890,-9.550000,0.360000,-2.530000
196.462890,-9.490000,0.290000,-2.460000
196.462890,-9.440000,0.300000,-2.430000
196.547120,-9.460000,0.330000,-2.490000
196.547120,-9.450000,0.320000,-2.540000
196.547120,-9.520000,0.300000,-2.550000
196.547120,-9.500000,0.360000,-2.560000
196.547120,-9.530000,0.370000,-2.480000
196.631380,-9.480000,0.360000,-2.520000
196.631380,-9.490000,0.350000,-2.530000
196.631380,-9.490000,0.330000,-2.540000
196.631380,-9.490000,0.350000,-2.510000
196.631380,-9.510000,0.350000,-2.500000
196.715620,-9.470000,0.330000,-2.490000
196.715620,-9.500000,0.280000,-2.470000
196.715620,-9.490000,0.300000,-2.510000
196.715620,-9.500000,0.300000,-2.530000
196.715620,-9.500000,0.300000,-2.510000
196.799870,-9.500000,0.330000,-2.520000
196.799870,-9.520000,0.330000,-2.520000
196.799870,-9.480000,0.330000,-2.540000
196.799870,-9.500000,0.330000,-2.540000
196.799870,-9.500000,0.320000,-2.500000
196.884080,-9.460000,0.300000,-2.480000
196.884080,-9.480000,0.300000,-2.480000
196.884080,-9.490000,0.290000,-2.510000
196.884080,-9.530000,0.320000,-2.540000
196.884080,-9.510000,0.300000,-2.570000
196.968340,-9.500000,0.300000,-2.580000
196.968340,-9.480000,0.270000,-2.580000
196.968340,-9.490000,0.280000,-2.550000
196.968340,-9.430000,0.290000,-2.490000
196.968340,-9.450000,0.250000,-2.450000
197.052600,-9.480000,0.320000,-2.450000
197.052600,-9.500000,0.380000,-2.450000
197.052600,-9.520000,0.430000,-2.480000
197.052600,-9.470000,0.410000,-2.490000
197.052600,-9.480000,0.400000,-2.520000
197.136820,-9.520000,0.370000,-2.520000
197.136820,-9.520000,0.360000,-2.510000
197.136820,-9.510000,0.320000,-2.490000
197.136820,-9.510000,0.300000,-2.510000
197.136820,-9.510000,0.280000,-2.500000
197.221080,-9.490000,0.270000,-2.510000
197.221080,-9.480000,0.270000,-2.540000
197.221080,-9.520000,0.270000,-2.540000
197.221080,-9.530000,0.250000,-2.550000
197.221080,-9.520000,0.280000,-2.500000
197.305340,-9.500000,0.330000,-2.480000
197.305340,-9.460000,0.310000,-2.550000
197.305340,-9.430000,0.280000,-2.580000
197.305340,-9.510000,0.310000,-2.560000
197.305340,-9.510000,0.340000,-2.540000
197.389610,-9.470000,0.320000,-2.480000
197.389610,-9.460000,0.320000,-2.440000
197.389610,-9.480000,0.310000,-2.440000
197.389610,-9.540000,0.300000,-2.490000
197.389610,-9.550000,0.300000,-2.500000
197.473860,-9.490000,0.300000,-2.540000
197.473860,-9.500000,0.310000,-2.510000
197.473860,-9.550000,0.310000,-2.490000
197.473860,-9.490000,0.280000,-2.430000
197.473860,-9.530000,0.310000,-2.510000
197.560760,-9.440000,0.260000,-2.490000
197.560760,-9.490000,0.300000,-2.500000
197.560760,-9.510000,0.280000,-2.520000
197.560760,-9.500000,0.300000,-2.500000
197.560760,-9.490000,0.300000,-2.490000
197.647700,-9.490000,0.300000,-2.440000
197.647700,-9.460000,0.280000,-2.450000
197.647700,-9.460000,0.300000,-2.440000
197.647700,-9.500000,0.300000,-2.460000
197.647700,-9.500000,0.300000,-2.450000
197.731950,-9.510000,0.320000,-2.460000
197.731950,-9.490000,0.290000,-2.420000
197.731950,-9.500000,0.290000,-2.440000
197.731950,-9.520000,0.310000,-2.470000
197.731950,-9.540000,0.280000,-2.480000
197.816220,-9.530000,0.330000,-2.410000
197.816220,-9.520000,0.330000,-2.430000
197.816220,-9.520000,0.300000,-2.420000
197.816220,-9.510000,0.310000,-2.400000
197.816220,-9.520000,0.290000,-2.400000
197.903140,-9.510000,0.280000,-2.400000
197.903140,-9.520000,0.280000,-2.420000
197.903140,-9.520000,0.270000,-2.410000
197.903140,-9.510000,0.300000,-2.390000
197.903140,-9.500000,0.320000,-2.400000
197.987420,-9.500000,0.290000,-2.450000
197.987420,-9.510000,0.280000,-2.420000
197.987420,-9.530000,0.270000,-2.390000
197.987420,-9.530000,0.280000,-2.360000
197.987420,-9.510000,0.330000,-2.370000
198.071710,-9.520000,0.270000,-2.430000
198.071710,-9.520000,0.250000,-2.420000
198.071710,-9.550000,0.270000,-2.380000
198.071710,-9.490000,0.300000,-2.360000
198.071710,-9.530000,0.310000,-2.390000
198.155990,-9.530000,0.290000,-2.370000
198.155990,-9.480000,0.280000,-2.380000
198.155990,-9.540000,0.220000,-2.420000
198.155990,-9.500000,0.230000,-2.380000
198.155990,-9.520000,0.260000,-2.300000
198.240280,-9.520000,0.280000,-2.280000
198.240280,-9.500000,0.270000,-2.340000
198.240280,-9.520000,0.290000,-2.370000
198.240280,-9.490000,0.290000,-2.370000
198.240280,-9.500000,0.290000,-2.410000
198.324550,-9.540000,0.310000,-2.340000
198.324550,-9.540000,0.300000,-2.360000
198.324550,-9.530000,0.300000,-2.350000
198.324550,-9.520000,0.310000,-2.360000
198.324550,-9.510000,0.320000,-2.370000
198.408830,-9.520000,0.300000,-2.400000
198.408830,-9.530000,0.300000,-2.390000
198.408830,-9.540000,0.250000,-2.370000
198.408830,-9.540000,0.290000,-2.410000
198.408830,-9.530000,0.280000,-2.390000
198.493130,-9.520000,0.290000,-2.460000
198.493130,-9.540000,0.280000,-2.420000
198.493130,-9.540000,0.290000,-2.420000
198.493130,-9.510000,0.270000,-2.400000
198.493130,-9.540000,0.300000,-2.420000
198.577410,-9.530000,0.280000,-2.390000
198.577410,-9.540000,0.270000,-2.420000
198.577410,-9.530000,0.270000,-2.410000
198.577410,-9.540000,0.280000,-2.410000
198.577410,-9.530000,0.270000,-2.440000
198.661670,-9.530000,0.300000,-2.410000
198.661670,-9.520000,0.300000,-2.420000
198.661670,-9.520000,0.270000,-2.400000
198.661670,-9.520000,0.300000,-2.430000
198.661670,-9.540000,0.300000,-2.430000
198.745950,-9.500000,0.290000,-2.400000
198.745950,-9.480000,0.300000,-2.360000
198.745950,-9.490000,0.290000,-2.380000
198.745950,-9.490000,0.300000,-2.400000
198.745950,-9.530000,0.310000,-2.430000
198.830230,-9.520000,0.250000,-2.450000
198.830230,-9.550000,0.270000,-2.450000
198.830230,-9.510000,0.270000,-2.400000
198.830230,-9.480000,0.300000,-2.380000
198.830230,-9.520000,0.280000,-2.420000
198.914480,-9.510000,0.290000,-2.440000
198.914480,-9.530000,0.280000,-2.430000
198.914480,-9.530000,0.280000,-2.410000
198.914480,-9.490000,0.280000,-2.380000
198.914480,-9.500000,0.260000,-2.360000
198.998740,-9.530000,0.280000,-2.410000
198.998740,-9.510000,0.280000,-2.460000
198.998740,-9.480000,0.260000,-2.460000
198.998740,-9.480000,0.250000,-2.460000
198.998740,-9.580000,0.280000,-2.490000
199.083040,-9.520000,0.300000,-2.420000
199.083040,-9.500000,0.300000,-2.410000
199.083040,-9.520000,0.300000,-2.430000
199.083040,-9.520000,0.270000,-2.440000
199.083040,-9.510000,0.250000,-2.420000
786.528475,-9.270000,0.190000,-3.170000
786.528475,-9.290000,0.190000,-3.230000
786.528475,-9.290000,0.170000,-3.260000
786.528475,-9.320000,0.170000,-3.250000
786.528475,-9.310000,0.160000,-3.240000
786.624765,-9.300000,0.150000,-3.200000
786.624765,-9.250000,0.160000,-3.170000
786.624765,-9.250000,0.160000,-3.170000
786.624765,-9.300000,0.170000,-3.180000
786.624765,-9.290000,0.150000,-3.200000
786.721045,-9.260000,0.170000,-3.190000
786.721045,-9.280000,0.130000,-3.230000
786.721045,-9.270000,0.160000,-3.190000
786.721045,-9.280000,0.190000,-3.200000
786.721045,-9.280000,0.200000,-3.120000
786.817325,-9.260000,0.210000,-3.100000
786.817325,-9.250000,0.190000,-3.120000
786.817325,-9.240000,0.160000,-3.150000
786.817325,-9.280000,0.120000,-3.170000
786.817325,-9.280000,0.090000,-3.190000
786.913605,-9.290000,0.120000,-3.150000
786.913605,-9.270000,0.150000,-3.150000
786.913605,-9.290000,0.150000,-3.190000
786.913605,-9.300000,0.120000,-3.210000
786.913605,-9.320000,0.140000,-3.170000
787.009895,-9.240000,0.150000,-3.150000
787.009895,-9.290000,0.150000,-3.170000
787.009895,-9.310000,0.160000,-3.190000
787.009895,-9.260000,0.190000,-3.170000
787.009895,-9.240000,0.180000,-3.130000
787.106165,-9.280000,0.120000,-3.240000
787.106165,-9.270000,0.120000,-3.240000
787.106165,-9.290000,0.130000,-3.240000
787.106165,-9.260000,0.130000,-3.270000
787.106165,-9.250000,0.130000,-3.220000
787.202465,-9.290000,0.170000,-3.210000
787.202465,-9.260000,0.140000,-3.150000
787.202465,-9.260000,0.130000,-3.140000
787.202465,-9.270000,0.170000,-3.190000
787.202465,-9.230000,0.190000,-3.170000
787.298775,-9.280000,0.200000,-3.180000
787.298775,-9.260000,0.180000,-3.170000
787.298775,-9.300000,0.180000,-3.190000
787.298775,-9.320000,0.170000,-3.240000
787.298775,-9.260000,0.190000,-3.240000
787.395105,-9.260000,0.180000,-3.270000
787.395105,-9.260000,0.170000,-3.240000
787.395105,-9.270000,0.200000,-3.210000
787.395105,-9.300000,0.210000,-3.200000
787.395105,-9.230000,0.200000,-3.180000
787.491445,-9.240000,0.210000,-3.220000
787.491445,-9.280000,0.210000,-3.290000
787.491445,-9.280000,0.200000,-3.280000
787.491445,-9.260000,0.180000,-3.250000
787.491445,-9.290000,0.170000,-3.280000
787.587765,-9.240000,0.170000,-3.190000
787.587765,-9.280000,0.210000,-3.200000
787.587765,-9.280000,0.210000,-3.200000
787.587765,-9.260000,0.220000,-3.210000
787.587765,-9.240000,0.220000,-3.270000
787.684095,-9.310000,0.200000,-3.270000
787.684095,-9.290000,0.190000,-3.230000
787.684095,-9.290000,0.210000,-3.230000
787.684095,-9.260000,0.200000,-3.180000
787.684095,-9.220000,0.200000,-3.150000
787.780435,-9.300000,0.180000,-3.180000
787.780435,-9.230000,0.180000,-3.160000
787.780435,-9.230000,0.160000,-3.160000
787.780435,-9.240000,0.150000,-3.190000
787.780435,-9.240000,0.210000,-3.170000
787.876755,-9.260000,0.210000,-3.180000
787.876755,-9.280000,0.240000,-3.200000
787.876755,-9.300000,0.230000,-3.210000
787.876755,-9.300000,0.220000,-3.230000
787.876755,-9.230000,0.210000,-3.160000
787.973055,-9.250000,0.260000,-3.140000
787.973055,-9.270000,0.250000,-3.190000
787.973055,-9.270000,0.240000,-3.240000
787.973055,-9.260000,0.170000,-3.230000
787.973055,-9.310000,0.130000,-3.220000
788.069385,-9.380000,0.170000,-3.290000
788.069385,-9.210000,0.270000,-3.230000
788.069385,-9.220000,0.300000,-3.210000
788.069385,-9.190000,0.220000,-3.120000
788.069385,-9.270000,0.140000,-3.140000
788.165695,-9.270000,0.220000,-3.180000
788.165695,-9.240000,0.250000,-3.190000
788.165695,-9.260000,0.240000,-3.230000
788.165695,-9.320000,0.180000,-3.270000
788.165695,-9.340000,0.240000,-3.270000
788.262015,-9.260000,0.180000,-3.190000
788.262015,-9.230000,0.210000,-3.140000
788.262015,-9.240000,0.230000,-3.140000
788.262015,-9.300000,0.210000,-3.170000
788.262015,-9.290000,0.180000,-3.190000
788.358325,-9.290000,0.200000,-3.170000
788.358325,-9.260000,0.200000,-3.180000
788.358325,-9.290000,0.190000,-3.190000
788.358325,-9.300000,0.190000,-3.210000
788.358325,-9.280000,0.200000,-3.180000
788.454645,-9.260000,0.200000,-3.150000
788.454645,-9.270000,0.220000,-3.200000
788.454645,-9.310000,0.210000,-3.230000
788.454645,-9.300000,0.210000,-3.240000
788.454645,-9.260000,0.210000,-3.220000
788.550975,-9.300000,0.150000,-3.180000
788.550975,-9.230000,0.160000,-3.190000
788.550975,-9.260000,0.190000,-3.190000
788.550975,-9.260000,0.220000,-3.140000
788.550975,-9.280000,0.180000,-3.170000
788.647285,-9.300000,0.160000,-3.180000
788.647285,-9.240000,0.150000,-3.180000
788.647285,-9.270000,0.180000,-3.210000
788.647285,-9.340000,0.140000,-3.180000
788.647285,-9.290000,0.120000,-3.100000
788.743605,-9.200000,0.160000,-3.100000
788.743605,-9.290000,0.150000,-3.150000
788.743605,-9.280000,0.120000,-3.180000
788.743605,-9.320000,0.110000,-3.170000
788.743605,-9.330000,0.130000,-3.090000
788.839925,-9.260000,0.120000,-3.120000
788.839925,-9.310000,0.160000,-3.170000
788.839925,-9.300000,0.150000,-3.090000
788.839925,-9.330000,0.200000,-3.100000
788.839925,-9.370000,0.230000,-3.120000
788.936255,-9.320000,0.100000,-3.120000
788.936255,-9.270000,0.160000,-3.130000
788.936255,-9.250000,0.210000,-3.130000
788.936255,-9.250000,0.110000,-3.060000
788.936255,-9.360000,0.180000,-3.100000
789.032565,-9.200000,0.170000,-3.050000
789.032565,-9.170000,0.210000,-3.090000
789.032565,-9.220000,0.160000,-3.140000
789.032565,-9.410000,0.170000,-3.180000
789.032565,-9.370000,0.130000,-3.210000
789.128835,-9.260000,0.200000,-3.210000
789.128835,-9.230000,0.180000,-3.110000
789.128835,-9.310000,0.150000,-3.150000
789.128835,-9.390000,0.130000,-3.200000
789.128835,-9.270000,0.150000,-3.140000
789.225135,-9.280000,0.130000,-3.170000
789.225135,-9.290000,0.150000,-3.220000
789.225135,-9.300000,0.180000,-3.200000
789.225135,-9.250000,0.180000,-3.140000
789.225135,-9.310000,0.230000,-3.170000
789.321425,-9.240000,0.220000,-3.190000
789.321425,-9.240000,0.210000,-3.230000
789.321425,-9.260000,0.220000,-3.200000
789.321425,-9.280000,0.230000,-3.220000
789.321425,-9.310000,0.150000,-3.180000
789.417715,-9.240000,0.170000,-3.120000
789.417715,-9.260000,0.190000,-3.230000
789.417715,-9.280000,0.190000,-3.250000
789.417715,-9.230000,0.130000,-3.270000
789.417715,-9.330000,0.120000,-3.240000
789.514005,-9.260000,0.170000,-3.180000
789.514005,-9.210000,0.220000,-3.170000
789.514005,-9.240000,0.230000,-3.160000
789.514005,-9.240000,0.180000,-3.180000
789.514005,-9.320000,0.220000,-3.230000
789.610305,-9.290000,0.220000,-3.210000
789.610305,-9.240000,0.220000,-3.170000
789.610305,-9.230000,0.210000,-3.170000
789.610305,-9.270000,0.190000,-3.180000
789.610305,-9.260000,0.140000,-3.280000
789.706595,-9.290000,0.170000,-3.280000
789.706595,-9.200000,0.220000,-3.260000
789.706595,-9.240000,0.160000,-3.080000
789.706595,-9.300000,0.230000,-3.170000
789.706595,-9.260000,0.160000,-3.240000
789.802875,-9.340000,0.230000,-3.310000
789.802875,-9.270000,0.170000,-3.290000
789.802875,-9.240000,0.230000,-3.250000
789.802875,-9.220000,0.230000,-3.110000
789.802875,-9.230000,0.270000,-3.110000
789.899165,-9.360000,0.150000,-3.300000
789.899165,-9.240000,0.140000,-3.260000
789.899165,-9.200000,0.170000,-3.220000
789.899165,-9.220000,0.180000,-3.110000
789.899165,-9.330000,0.230000,-3.250000
789.995475,-9.250000,0.160000,-3.220000
789.995475,-9.200000,0.150000,-3.150000
789.995475,-9.210000,0.160000,-3.180000
789.995475,-9.290000,0.190000,-3.260000
789.995475,-9.330000,0.230000,-3.310000
790.091775,-9.250000,0.180000,-3.180000
790.091775,-9.230000,0.120000,-3.150000
790.091775,-9.250000,0.150000,-3.160000
790.091775,-9.300000,0.220000,-3.270000
790.091775,-9.270000,0.190000,-3.240000
790.190725,-9.220000,0.180000,-3.200000
790.190725,-9.300000,0.230000,-3.190000
790.190725,-9.280000,0.220000,-3.190000
790.190725,-9.290000,0.180000,-3.220000
790.190725,-9.240000,0.190000,-3.210000
790.286995,-9.280000,0.180000,-3.290000
790.286995,-9.300000,0.200000,-3.230000
790.286995,-9.290000,0.210000,-3.200000
790.286995,-9.270000,0.210000,-3.160000
790.286995,-9.270000,0.230000,-3.210000
790.383245,-9.220000,0.190000,-3.220000
790.383245,-9.260000,0.210000,-3.220000
790.383245,-9.270000,0.210000,-3.220000
790.383245,-9.280000,0.210000,-3.230000
790.383245,-9.250000,0.220000,-3.250000
900.160641,-9.660000,1.310000,2.100000
900.160641,-9.650000,1.360000,2.050000
900.160641,-9.470000,1.370000,2.020000
900.160641,-9.370000,1.440000,1.970000
900.160641,-9.430000,1.430000,1.900000
900.256861,-9.390000,1.470000,1.920000
900.256861,-9.430000,1.470000,1.910000
900.256861,-9.660000,1.400000,1.930000
900.256861,-9.810000,1.370000,1.920000
900.256861,-9.780000,1.390000,1.910000
900.353101,-9.770000,1.380000,2.170000
900.353101,-9.820000,1.400000,2.120000
900.353101,-9.730000,1.340000,2.090000
900.353101,-9.570000,1.320000,2.040000
900.353101,-9.450000,1.280000,2.140000
900.449371,-9.500000,1.520000,2.210000
900.449371,-9.510000,1.610000,2.180000
900.449371,-9.570000,1.630000,2.060000
900.449371,-9.730000,1.400000,1.990000
900.449371,-9.730000,1.400000,2.010000
900.545611,-9.720000,1.280000,1.640000
900.545611,-9.740000,1.340000,1.530000
900.545611,-9.730000,1.280000,1.390000
900.545611,-9.670000,1.250000,1.500000
900.545611,-9.680000,1.280000,1.490000
900.641861,-9.630000,1.490000,1.510000
900.641861,-9.510000,1.570000,1.480000
900.641861,-9.600000,1.750000,1.600000
900.641861,-9.750000,1.890000,1.730000
900.641861,-9.780000,1.860000,1.760000
900.738111,-9.600000,1.600000,2.020000
900.738111,-9.580000,1.480000,2.100000
900.738111,-9.590000,1.500000,2.120000
900.738111,-9.520000,1.510000,2.060000
900.738111,-9.460000,1.480000,1.980000
900.834351,-9.630000,1.240000,1.810000
900.834351,-9.680000,1.410000,1.890000
900.834351,-9.540000,1.620000,2.230000
900.834351,-9.480000,2.080000,2.490000
900.834351,-9.370000,2.120000,2.660000
900.930621,-9.470000,2.170000,2.140000
900.930621,-9.470000,2.200000,1.970000
900.930621,-9.580000,2.020000,1.670000
900.930621,-9.600000,2.060000,1.690000
900.930621,-9.770000,1.930000,1.540000
901.026831,-9.720000,1.670000,1.670000
901.026831,-9.700000,1.750000,1.810000
901.026831,-9.670000,1.720000,1.770000
901.026831,-9.640000,1.630000,1.780000
901.026831,-9.610000,1.530000,1.810000
901.123081,-9.770000,1.580000,1.870000
901.123081,-9.660000,1.130000,1.500000
901.123081,-9.070000,1.090000,1.840000
901.123081,-9.150000,1.060000,1.960000
901.123081,-9.120000,1.060000,1.990000
901.219331,-9.360000,0.900000,2.000000
901.219331,-9.560000,0.860000,1.910000
901.219331,-9.470000,0.850000,1.950000
901.219331,-9.540000,0.990000,1.860000
901.219331,-9.500000,1.070000,1.980000
901.315561,-9.480000,0.720000,2.730000
901.315561,-9.670000,0.640000,2.510000
901.315561,-9.580000,0.330000,2.740000
901.315561,-9.810000,0.500000,2.340000
901.315561,-10.120000,0.690000,2.110000
901.414451,-9.740000,1.320000,1.620000
901.414451,-9.870000,1.790000,1.560000
901.414451,-9.530000,1.490000,1.600000
901.414451,-9.670000,1.500000,1.610000
901.414451,-9.470000,1.150000,1.310000
901.510661,-9.040000,2.350000,1.410000
901.510661,-8.720000,1.540000,1.040000
901.510661,-8.980000,1.180000,1.160000
901.510661,-9.630000,1.220000,2.610000
901.510661,-9.690000,1.150000,2.720000
901.606881,-10.010000,0.970000,1.450000
901.606881,-10.050000,1.150000,1.410000
901.606881,-9.840000,1.030000,1.670000
901.606881,-9.860000,0.580000,1.600000
901.606881,-9.910000,0.370000,1.520000
901.703091,-9.810000,-0.440000,1.680000
901.703091,-9.790000,-0.500000,1.690000
901.703091,-9.820000,-0.520000,1.650000
901.703091,-9.820000,-0.560000,1.600000
901.703091,-9.950000,-0.800000,1.620000
901.799311,-10.230000,-0.960000,2.040000
901.799311,-9.980000,-0.770000,2.550000
901.799311,-10.250000,-0.340000,2.590000
901.799311,-10.690000,-0.170000,2.540000
901.799311,-10.700000,-0.160000,2.510000
901.895531,-10.430000,-0.150000,2.040000
901.895531,-10.340000,-0.170000,1.910000
901.895531,-9.780000,0.190000,1.940000
901.895531,-9.060000,0.340000,2.540000
901.895531,-8.790000,0.550000,2.720000
901.991751,-8.730000,0.910000,2.140000
901.991751,-8.570000,1.090000,2.460000
901.991751,-8.020000,1.310000,2.970000
901.991751,-7.580000,1.880000,3.150000
901.991751,-7.720000,2.330000,3.070000
902.087961,-9.290000,1.850000,2.960000
902.087961,-9.220000,1.900000,2.870000
902.087961,-8.850000,2.180000,2.880000
902.087961,-8.920000,2.120000,3.030000
902.087961,-9.020000,1.950000,2.970000
902.184201,-9.140000,0.710000,2.870000
902.184201,-9.380000,0.650000,2.530000
902.184201,-9.310000,0.450000,2.930000
902.184201,-8.940000,0.290000,3.370000
902.184201,-9.110000,0.360000,3.110000
902.280441,-9.130000,0.600000,3.050000
902.280441,-9.190000,1.090000,3.260000
902.280441,-9.410000,1.030000,3.050000
902.280441,-9.550000,0.460000,2.690000
902.280441,-9.460000,0.330000,2.830000
902.376651,-8.930000,0.620000,3.560000
902.376651,-8.930000,0.810000,3.430000
902.376651,-9.120000,0.580000,3.060000
902.376651,-9.500000,0.310000,3.460000
902.376651,-9.710000,0.350000,3.700000
902.472881,-9.790000,0.460000,3.760000
902.472881,-10.040000,0.310000,2.910000
902.472881,-10.370000,0.020000,2.240000
902.472881,-10.650000,-0.410000,2.180000
902.472881,-10.690000,-0.570000,2.250000
902.569101,-10.250000,-0.480000,2.250000
902.569101,-10.170000,-0.190000,2.390000
902.569101,-10.200000,0.500000,2.440000
902.569101,-10.490000,0.610000,2.240000
902.569101,-10.520000,0.410000,2.150000
902.665301,-10.120000,-0.600000,1.420000
902.665301,-9.710000,-0.900000,1.450000
902.665301,-9.250000,-0.580000,1.740000
902.665301,-8.860000,-0.140000,1.760000
902.665301,-8.730000,0.070000,1.560000
902.761521,-8.250000,0.410000,0.950000
902.761521,-8.130000,0.710000,0.740000
902.761521,-8.670000,1.010000,0.600000
902.761521,-8.600000,0.960000,0.630000
902.761521,-8.740000,1.010000,0.750000
902.857761,-10.440000,1.080000,1.440000
902.857761,-11.880000,0.700000,1.440000
902.857761,-12.910000,0.150000,1.040000
902.857761,-12.960000,0.050000,0.540000
902.857761,-11.730000,0.080000,0.760000
902.953961,-9.630000,1.510000,1.190000
902.953961,-8.960000,2.390000,1.100000
902.953961,-8.410000,2.760000,1.250000
902.953961,-8.100000,2.830000,2.150000
902.953961,-7.890000,2.800000,2.130000
903.050161,-8.650000,2.400000,2.090000
903.050161,-9.300000,2.060000,1.640000
903.050161,-9.920000,1.610000,1.410000
903.050161,-10.110000,1.380000,1.530000
903.050161,-9.970000,1.000000,1.840000
903.146391,-9.720000,0.720000,1.950000
903.146391,-9.700000,0.660000,1.860000
903.146391,-9.880000,0.670000,1.690000
903.146391,-9.700000,0.730000,1.740000
903.146391,-9.770000,1.070000,1.620000
903.242581,-9.390000,1.460000,1.820000
903.242581,-9.130000,1.660000,1.880000
903.242581,-9.450000,1.670000,1.800000
903.242581,-9.470000,1.670000,1.740000
903.242581,-9.520000,1.660000,1.820000
903.338791,-9.520000,1.280000,2.030000
903.338791,-9.650000,1.040000,2.030000
903.338791,-9.780000,1.030000,1.900000
903.338791,-9.820000,1.140000,1.880000
903.338791,-9.700000,1.490000,1.750000
903.434981,-9.460000,2.100000,1.780000
903.434981,-9.350000,2.260000,2.010000
903.434981,-9.500000,2.190000,2.130000
903.434981,-9.610000,2.070000,2.140000
903.434981,-10.140000,1.770000,1.800000
903.533831,-11.220000,1.110000,0.290000
903.533831,-11.120000,0.620000,-0.570000
903.533831,-10.510000,0.300000,-0.690000
903.533831,-10.190000,0.250000,-0.520000
903.533831,-10.020000,0.050000,0.130000
903.629981,-9.590000,0.000000,0.290000
903.629981,-9.370000,0.110000,0.080000
903.629981,-9.500000,0.140000,0.050000
903.629981,-9.760000,0.070000,0.400000
903.629981,-9.790000,0.020000,0.570000
903.726181,-9.920000,-0.350000,0.480000
903.726181,-9.950000,-0.660000,0.580000
903.726181,-9.760000,-0.930000,0.830000
903.726181,-9.770000,-1.150000,1.550000
903.726181,-9.820000,-1.200000,1.800000
903.822351,-9.720000,-1.110000,1.840000
903.822351,-9.670000,-0.880000,1.500000
903.822351,-9.460000,-0.560000,1.360000
903.822351,-9.320000,-0.340000,1.250000
903.822351,-9.320000,-0.320000,1.250000
903.918541,-9.670000,-0.840000,1.010000
903.918541,-9.920000,-1.750000,0.900000
903.918541,-9.850000,-2.300000,0.990000
903.918541,-10.060000,-2.340000,1.020000
903.918541,-10.110000,-2.250000,1.010000
904.014741,-10.220000,-1.920000,0.700000
904.014741,-9.930000,-1.700000,0.540000
904.014741,-9.640000,-1.510000,0.640000
904.014741,-9.740000,-1.350000,0.630000
904.014741,-9.570000,-1.460000,0.740000
1013.067757,-9.590000,0.020000,-2.310000
1013.067757,-9.530000,0.030000,-2.250000
1013.067757,-9.480000,0.060000,-2.230000
1013.067757,-9.530000,0.070000,-2.260000
1013.067757,-9.540000,0.080000,-2.270000
1013.164037,-9.550000,0.010000,-2.260000
1013.164037,-9.540000,0.000000,-2.230000
1013.164037,-9.560000,0.030000,-2.230000
1013.164037,-9.560000,0.040000,-2.240000
1013.164037,-9.550000,0.040000,-2.250000
1013.260287,-9.530000,0.010000,-2.270000
1013.260287,-9.540000,0.010000,-2.230000
1013.260287,-9.590000,0.030000,-2.240000
1013.260287,-9.600000,0.010000,-2.270000
1013.260287,-9.560000,0.010000,-2.270000
1013.356537,-9.530000,0.010000,-2.250000
1013.356537,-9.540000,0.020000,-2.240000
1013.356537,-9.550000,0.030000,-2.240000
1013.356537,-9.570000,0.010000,-2.270000
1013.356537,-9.570000,0.010000,-2.290000
1013.452797,-9.560000,0.020000,-2.260000
1013.452797,-9.550000,0.000000,-2.260000
1013.452797,-9.530000,0.000000,-2.240000
1013.452797,-9.520000,0.000000,-2.210000
1013.452797,-9.510000,0.010000,-2.210000
1013.549057,-9.580000,0.020000,-2.310000
1013.549057,-9.580000,0.020000,-2.260000
1013.549057,-9.550000,0.010000,-2.270000
1013.549057,-9.560000,0.000000,-2.270000
1013.549057,-9.560000,0.000000,-2.250000
1013.645307,-9.570000,0.030000,-2.230000
1013.645307,-9.550000,0.020000,-2.210000
1013.645307,-9.510000,0.030000,-2.210000
1013.645307,-9.540000,0.010000,-2.210000
1013.645307,-9.550000,0.020000,-2.200000
1238.934041,-9.270000,0.190000,-3.170000
1238.934041,-9.290000,0.190000,-3.230000
1238.934041,-9.290000,0.170000,-3.260000
1238.934041,-9.320000,0.170000,-3.250000
1238.934041,-9.310000,0.160000,-3.240000
1239.030331,-9.300000,0.150000,-3.200000
1239.030331,-9.250000,0.160000,-3.170000
1239.030331,-9.250000,0.160000,-3.170000
1239.030331,-9.300000,0.170000,-3.180000
1239.030331,-9.290000,0.150000,-3.200000
1239.126611,-9.260000,0.170000,-3.190000
1239.126611,-9.280000,0.130000,-3.230000
1239.126611,-9.270000,0.160000,-3.190000
1239.126611,-9.280000,0.190000,-3.200000
1239.126611,-9.280000,0.200000,-3.120000
1239.222891,-9.260000,0.210000,-3.100000
1239.222891,-9.250000,0.190000,-3.120000
1239.222891,-9.240000,0.160000,-3.150000
1239.222891,-9.280000,0.120000,-3.170000
1239.222891,-9.280000,0.090000,-3.190000
1239.319171,-9.290000,0.120000,-3.150000
1239.319171,-9.270000,0.150000,-3.150000
1239.319171,-9.290000,0.150000,-3.190000
1239.319171,-9.300000,0.120000,-3.210000
1239.319171,-9.320000,0.140000,-3.170000
1239.415461,-9.240000,0.150000,-3.150000
1239.415461,-9.290000,0.150000,-3.170000
1239.415461,-9.310000,0.160000,-3.190000
1239.415461,-9.260000,0.190000,-3.170000
1239.415461,-9.240000,0.180000,-3.130000
1239.511731,-9.280000,0.120000,-3.240000
1239.511731,-9.270000,0.120000,-3.240000
1239.511731,-9.290000,0.130000,-3.240000
1239.511731,-9.260000,0.130000,-3.270000
1239.511731,-9.250000,0.130000,-3.220000
1239.608031,-9.290000,0.170000,-3.210000
1239.608031,-9.260000,0.140000,-3.150000
1239.608031,-9.260000,0.130000,-3.140000
1239.608031,-9.270000,0.170000,-3.190000
1239.608031,-9.230000,0.190000,-3.170000
1239.704341,-9.280000,0.200000,-3.180000
1239.704341,-9.260000,0.180000,-3.170000
1239.704341,-9.300000,0.180000,-3.190000
1239.704341,-9.320000,0.170000,-3.240000
1239.704341,-9.260000,0.190000,-3.240000
1239.800671,-9.260000,0.180000,-3.270000
1239.800671,-9.260000,0.170000,-3.240000
1239.800671,-9.270000,0.200000,-3.210000
1239.800671,-9.300000,0.210000,-3.200000
1239.800671,-9.230000,0.200000,-3.180000
1239.897011,-9.240000,0.210000,-3.220000
1239.897011,-9.280000,0.210000,-3.290000
1239.897011,-9.280000,0.200000,-3.280000
1239.897011,-9.260000,0.180000,-3.250000
1239.897011,-9.290000,0.170000,-3.280000
1239.993331,-9.240000,0.170000,-3.190000
1239.993331,-9.280000,0.210000,-3.200000
1239.993331,-9.280000,0.210000,-3.200000
1239.993331,-9.260000,0.220000,-3.210000
1239.993331,-9.240000,0.220000,-3.270000
1240.089661,-9.310000,0.200000,-3.270000
1240.089661,-9.290000,0.190000,-3.230000
1240.089661,-9.290000,0.210000,-3.230000
1240.089661,-9.260000,0.200000,-3.180000
1240.089661,-9.220000,0.200000,-3.150000
1240.186001,-9.300000,0.180000,-3.180000
1240.186001,-9.230000,0.180000,-3.160000
1240.186001,-9.230000,0.160000,-3.160000
1240.186001,-9.240000,0.150000,-3.190000
1240.186001,-9.240000,0.210000,-3.170000
1240.282321,-9.260000,0.210000,-3.180000
1240.282321,-9.280000,0.240000,-3.200000
1240.282321,-9.300000,0.230000,-3.210000
1240.282321,-9.300000,0.220000,-3.230000
1240.282321,-9.230000,0.210000,-3.160000
1240.378621,-9.250000,0.260000,-3.140000
1240.378621,-9.270000,0.250000,-3.190000
1240.378621,-9.270000,0.240000,-3.240000
1240.378621,-9.260000,0.170000,-3.230000
1240.378621,-9.310000,0.130000,-3.220000
1240.474951,-9.380000,0.170000,-3.290000
1240.474951,-9.210000,0.270000,-3.230000
1240.474951,-9.220000,0.300000,-3.210000
1240.474951,-9.190000,0.220000,-3.120000
1240.474951,-9.270000,0.140000,-3.140000
1240.571261,-9.270000,0.220000,-3.180000
1240.571261,-9.240000,0.250000,-3.190000
1240.571261,-9.260000,0.240000,-3.230000
1240.571261,-9.320000,0.180000,-3.270000
1240.571261,-9.340000,0.240000,-3.270000
1240.667581,-9.260000,0.180000,-3.190000
1240.667581,-9.230000,0.210000,-3.140000
1240.667581,-9.240000,0.230000,-3.140000
1240.667581,-9.300000,0.210000,-3.170000
1240.667581,-9.290000,0.180000,-3.190000
1240.763891,-9.290000,0.200000,-3.170000
1240.763891,-9.260000,0.200000,-3.180000
1240.763891,-9.290000,0.190000,-3.190000
1240.763891,-9.300000,0.190000,-3.210000
1240.763891,-9.280000,0.200000,-3.180000
1240.860211,-9.260000,0.200000,-3.150000
1240.860211,-9.270000,0.220000,-3.200000
1240.860211,-9.310000,0.210000,-3.230000
1240.860211,-9.300000,0.210000,-3.240000
1240.860211,-9.260000,0.210000,-3.220000
1240.956541,-9.300000,0.150000,-3.180000
1240.956541,-9.230000,0.160000,-3.190000
1240.956541,-9.260000,0.190000,-3.190000
1240.956541,-9.260000,0.220000,-3.140000
1240.956541,-9.280000,0.180000,-3.170000
1241.052851,-9.300000,0.160000,-3.180000
1241.052851,-9.240000,0.150000,-3.180000
1241.052851,-9.270000,0.180000,-3.210000
1241.052851,-9.340000,0.140000,-3.180000
1241.052851,-9.290000,0.120000,-3.100000
1241.149171,-9.200000,0.160000,-3.100000
1241.149171,-9.290000,0.150000,-3.150000
1241.149171,-9.280000,0.120000,-3.180000
1241.149171,-9.320000,0.110000,-3.170000
1241.149171,-9.330000,0.130000,-3.090000
1241.245491,-9.260000,0.120000,-3.120000
1241.245491,-9.310000,0.160000,-3.170000
1241.245491,-9.300000,0.150000,-3.090000
1241.245491,-9.330000,0.200000,-3.100000
1241.245491,-9.370000,0.230000,-3.120000
1241.341821,-9.320000,0.100000,-3.120000
1241.341821,-9.270000,0.160000,-3.130000
1241.341821,-9.250000,0.210000,-3.130000
1241.341821,-9.250000,0.110000,-3.060000
1241.341821,-9.360000,0.180000,-3.100000
1241.438131,-9.200000,0.170000,-3.050000
1241.438131,-9.170000,0.210000,-3.090000
1241.438131,-9.220000,0.160000,-3.140000
1241.438131,-9.410000,0.170000,-3.180000
1241.438131,-9.370000,0.130000,-3.210000
1241.534401,-9.260000,0.200000,-3.210000
1241.534401,-9.230000,0.180000,-3.110000
1241.534401,-9.310000,0.150000,-3.150000
1241.534401,-9.390000,0.130000,-3.200000
1241.534401,-9.270000,0.150000,-3.140000
1241.630701,-9.280000,0.130000,-3.170000
1241.630701,-9.290000,0.150000,-3.220000
1241.630701,-9.300000,0.180000,-3.200000
1241.630701,-9.250000,0.180000,-3.140000
1241.630701,-9.310000,0.230000,-3.170000
1241.726991,-9.240000,0.220000,-3.190000
1241.726991,-9.240000,0.210000,-3.230000
1241.726991,-9.260000,0.220000,-3.200000
1241.726991,-9.280000,0.230000,-3.220000
1241.726991,-9.310000,0.150000,-3.180000
1241.823281,-9.240000,0.170000,-3.120000
1241.823281,-9.260000,0.190000,-3.230000
1241.823281,-9.280000,0.190000,-3.250000
1241.823281,-9.230000,0.130000,-3.270000
1241.823281,-9.330000,0.120000,-3.240000
1241.919571,-9.260000,0.170000,-3.180000
1241.919571,-9.210000,0.220000,-3.170000
1241.919571,-9.240000,0.230000,-3.160000
1241.919571,-9.240000,0.180000,-3.180000
1241.919571,-9.320000,0.220000,-3.230000
1242.015871,-9.290000,0.220000,-3.210000
1242.015871,-9.240000,0.220000,-3.170000
1242.015871,-9.230000,0.210000,-3.170000
1242.015871,-9.270000,0.190000,-3.180000
1242.015871,-9.260000,0.140000,-3.280000
1242.112161,-9.290000,0.170000,-3.280000
1242.112161,-9.200000,0.220000,-3.260000
1242.112161,-9.240000,0.160000,-3.080000
1242.112161,-9.300000,0.230000,-3.170000
1242.112161,-9.260000,0.160000,-3.240000
1242.208441,-9.340000,0.230000,-3.310000
1242.208441,-9.270000,0.170000,-3.290000
1242.208441,-9.240000,0.230000,-3.250000
1242.208441,-9.220000,0.230000,-3.110000
1242.208441,-9.230000,0.270000,-3.110000
1242.304731,-9.360000,0.150000,-3.300000
1242.304731,-9.240000,0.140000,-3.260000
1242.304731,-9.200000,0.170000,-3.220000
1242.304731,-9.220000,0.180000,-3.110000
1242.304731,-9.330000,0.230000,-3.250000
1242.401041,-9.250000,0.160000,-3.220000
1242.401041,-9.200000,0.150000,-3.150000
1242.401041,-9.210000,0.160000,-3.180000
1242.401041,-9.290000,0.190000,-3.260000
1242.401041,-9.330000,0.230000,-3.310000
1242.497341,-9.250000,0.180000,-3.180000
1242.497341,-9.230000,0.120000,-3.150000
1242.497341,-9.250000,0.150000,-3.160000
1242.497341,-9.300000,0.220000,-3.270000
1242.497341,-9.270000,0.190000,-3.240000
1242.596291,-9.220000,0.180000,-3.200000
1242.596291,-9.300000,0.230000,-3.190000
1242.596291,-9.280000,0.220000,-3.190000
1242.596291,-9.290000,0.180000,-3.220000
1242.596291,-9.240000,0.190000,-3.210000
1242.692561,-9.280000,0.180000,-3.290000
1242.692561,-9.300000,0.200000,-3.230000
1242.692561,-9.290000,0.210000,-3.200000
1242.692561,-9.270000,0.210000,-3.160000
1242.692561,-9.270000,0.230000,-3.210000
1242.788811,-9.220000,0.190000,-3.220000
1242.788811,-9.260000,0.210000,-3.220000
1242.788811,-9.270000,0.210000,-3.220000
1242.788811,-9.280000,0.210000,-3.230000
1242.788811,-9.250000,0.220000,-3.250000
1352.566207,-4.090000,2.680000,-0.340000
1352.566207,-3.090000,1.330000,-1.370000
1352.566207,-2.010000,0.950000,-2.280000
1352.566207,-1.440000,0.400000,-2.760000
1352.566207,-0.890000,-2.170000,-4.210000
1352.662437,0.170000,-3.390000,-4.200000
1352.662437,-0.260000,-3.600000,-4.060000
1352.662437,-1.810000,-2.270000,-3.080000
1352.662437,-2.910000,-2.330000,-0.720000
1352.662437,-12.720000,-2.110000,6.170000
1352.758657,-21.300000,1.370000,-2.130000
1352.758657,-15.190000,0.410000,1.180000
1352.758657,-18.010000,-0.760000,0.720000
1352.758657,-18.470000,-0.660000,0.500000
1352.758657,-17.870000,-1.570000,-0.720000
1352.854867,-19.280000,-2.050000,2.030000
1352.854867,-16.370000,-4.800000,1.760000
1352.854867,-15.760000,-4.110000,0.810000
1352.854867,-14.830000,-3.620000,0.610000
1352.854867,-11.970000,-1.840000,1.380000
1352.951067,-9.080000,-3.200000,-1.700000
1352.951067,-7.310000,-4.190000,-1.430000
1352.951067,-6.670000,-2.720000,-2.490000
1352.951067,-5.050000,-1.540000,-1.390000
1352.951067,-1.010000,0.000000,-0.810000
1353.047267,3.610000,-0.140000,0.160000
1353.047267,3.400000,0.940000,0.460000
1353.047267,2.110000,0.010000,-2.170000
1353.047267,0.340000,-0.400000,-2.640000
1353.047267,-3.320000,0.870000,-2.480000
1353.143477,-11.070000,0.910000,-1.620000
1353.143477,-22.920000,0.990000,-7.020000
1353.143477,-18.510000,-1.260000,-2.130000
1353.143477,-16.860000,-2.050000,-0.460000
1353.143477,-16.930000,-2.990000,1.430000
1353.239677,-20.200000,0.320000,2.500000
1353.239677,-20.260000,4.810000,4.040000
1353.239677,-17.430000,4.910000,5.380000
1353.239677,-16.220000,4.730000,5.160000
1353.239677,-14.150000,4.080000,4.550000
1353.335917,-8.820000,2.290000,2.540000
1353.335917,-8.580000,-0.500000,1.480000
1353.335917,-7.530000,-0.380000,0.120000
1353.335917,-5.070000,-1.290000,0.090000
1353.335917,-1.470000,-0.160000,-1.550000
1353.432097,-4.400000,1.800000,-2.120000
1353.432097,-0.560000,1.620000,-2.190000
1353.432097,2.930000,1.330000,-2.380000
1353.432097,6.710000,0.690000,-1.180000
1353.432097,0.960000,0.710000,-1.540000
1353.528297,-9.020000,-2.870000,-0.380000
1353.528297,-13.980000,-6.530000,-0.190000
1353.528297,-17.960000,-3.200000,-5.840000
1353.528297,-15.060000,2.240000,-5.900000
1353.528297,-15.990000,4.170000,-3.810000
1353.624497,-20.920000,2.550000,2.950000
1353.624497,-17.960000,-1.410000,2.960000
1353.624497,-17.200000,-1.580000,5.750000
1353.624497,-17.630000,-1.620000,5.710000
1353.624497,-17.790000,-2.500000,3.120000
1353.720717,-15.660000,-4.990000,0.170000
1353.720717,-9.670000,0.370000,1.450000
1353.720717,-5.840000,4.050000,0.970000
1353.720717,-4.530000,3.690000,0.820000
1353.720717,-4.030000,0.340000,-0.600000
1353.816947,-3.550000,-1.560000,-5.670000
1353.816947,-2.000000,-1.510000,-5.070000
1353.816947,-0.570000,-3.420000,-4.500000
1353.816947,0.510000,-2.350000,-4.350000
1353.816947,2.380000,-0.700000,-4.000000
1353.913167,0.520000,1.360000,1.130000
1353.913167,-5.870000,3.230000,2.550000
1353.913167,-20.080000,1.150000,3.270000
1353.913167,-27.450000,0.960000,-4.960000
1353.913167,-20.870000,-1.680000,-4.270000
1354.009387,-19.000000,1.520000,3.690000
1354.009387,-19.390000,2.600000,4.450000
1354.009387,-18.170000,2.320000,5.780000
1354.009387,-16.670000,1.980000,5.660000
1354.009387,-14.570000,1.490000,3.080000
1354.105637,-10.100000,2.450000,4.680000
1354.105637,-8.220000,2.000000,3.220000
1354.105637,-7.480000,1.560000,0.750000
1354.105637,-4.870000,0.380000,0.020000
1354.105637,-4.000000,0.480000,-1.340000
1354.201867,-1.990000,1.220000,-2.380000
1354.201867,0.310000,0.220000,-1.710000
1354.201867,1.580000,-0.710000,-1.720000
1354.201867,3.730000,-1.420000,-2.110000
1354.201867,2.820000,-2.860000,-0.690000
1354.298077,-9.820000,-5.410000,2.490000
1354.298077,-27.680000,-3.500000,-3.560000
1354.298077,-24.540000,2.880000,-9.260000
1354.298077,-17.520000,4.410000,-5.940000
1354.298077,-15.800000,3.990000,3.000000
1354.394277,-17.980000,0.440000,2.900000
1354.394277,-17.700000,0.100000,3.490000
1354.394277,-18.500000,-0.450000,3.040000
1354.394277,-16.940000,-1.890000,1.410000
1354.394277,-14.680000,-1.620000,0.240000
1354.490487,-11.850000,-3.050000,1.510000
1354.490487,-9.390000,-2.150000,2.150000
1354.490487,-9.220000,-1.340000,1.370000
1354.490487,-8.330000,0.300000,0.210000
1354.490487,-6.330000,-0.160000,-0.420000
1354.586707,-1.690000,-1.170000,-1.410000
1354.586707,0.680000,-1.050000,-0.650000
1354.586707,1.760000,-1.300000,-0.180000
1354.586707,-1.000000,-1.140000,-2.500000
1354.586707,1.960000,-0.630000,-1.890000
1354.682917,0.050000,2.170000,-1.920000
1354.682917,-5.460000,3.540000,-0.290000
1354.682917,-9.560000,3.190000,0.030000
1354.682917,-30.250000,2.090000,-7.820000
1354.682917,-21.450000,-3.960000,-4.560000
1354.779147,-18.530000,-1.960000,0.770000
1354.779147,-17.290000,-2.220000,4.300000
1354.779147,-16.390000,-2.890000,5.600000
1354.779147,-15.330000,0.390000,4.350000
1354.779147,-14.080000,2.210000,2.260000
1354.875377,-9.120000,4.170000,4.290000
1354.875377,-7.050000,3.420000,3.860000
1354.875377,-6.870000,2.740000,3.000000
1354.875377,-5.620000,0.940000,0.970000
1354.875377,-4.340000,-1.790000,-0.390000
1354.971617,-2.980000,-0.500000,-1.530000
1354.971617,-2.750000,0.020000,-2.130000
1354.971617,-1.970000,0.610000,-2.340000
1354.971617,-0.390000,1.460000,-1.960000
1354.971617,-0.890000,-1.520000,-0.770000
1355.067847,-10.670000,-8.000000,4.410000
1355.067847,-24.860000,-5.160000,-3.620000
1355.067847,-22.280000,1.880000,-5.450000
1355.067847,-15.360000,6.390000,-1.720000
1355.067847,-13.120000,6.480000,4.240000
1355.164087,-16.110000,1.920000,4.760000
1355.164087,-16.890000,-0.070000,4.870000
1355.164087,-17.340000,-1.280000,3.170000
1355.164087,-13.780000,-2.670000,1.440000
1355.164087,-11.230000,-2.820000,0.160000
1355.260307,-9.920000,-3.260000,1.670000
1355.260307,-10.390000,-2.070000,-0.340000
1355.260307,-8.270000,-0.880000,2.040000
1355.260307,-6.110000,-0.900000,-0.380000
1355.260307,-4.410000,-0.680000,-0.580000
1355.356527,-2.440000,-0.600000,-2.930000
1355.356527,-1.120000,1.210000,-2.490000
1355.356527,-0.320000,-0.100000,-2.010000
1355.356527,0.740000,0.390000,-0.690000
1355.356527,2.370000,0.970000,-0.690000
1355.452747,-0.870000,1.860000,0.230000
1355.452747,-10.030000,-1.540000,-1.780000
1355.452747,-24.270000,-2.970000,-4.450000
1355.452747,-27.140000,-2.060000,-5.860000
1355.452747,-19.040000,-2.030000,-0.440000
1355.548957,-16.440000,1.640000,1.280000
1355.548957,-15.190000,0.190000,4.640000
1355.548957,-14.560000,0.500000,5.350000
1355.548957,-14.630000,1.490000,4.610000
1355.548957,-12.660000,1.950000,3.400000
1355.645187,-9.930000,2.480000,2.720000
1355.645187,-8.300000,2.140000,2.620000
1355.645187,-7.360000,1.740000,2.290000
1355.645187,-5.930000,0.810000,1.460000
1355.645187,-4.410000,-0.840000,0.950000
1355.741427,-2.930000,-0.170000,0.030000
1355.741427,-1.670000,-0.580000,-0.150000
1355.741427,-0.990000,-0.400000,-0.490000
1355.741427,-0.670000,-0.180000,-1.660000
1355.741427,-1.350000,-1.420000,-1.690000
1355.837637,-12.250000,-6.900000,1.860000
1355.837637,-28.420000,-0.050000,-7.070000
1355.837637,-28.280000,5.870000,-10.460000
1355.837637,-23.030000,2.880000,-4.300000
1355.837637,-16.290000,3.080000,0.760000
1355.933867,-11.110000,-1.680000,3.750000
1355.933867,-11.160000,-0.510000,4.980000
1355.933867,-12.370000,0.270000,3.410000
1355.933867,-13.420000,1.670000,-1.060000
1355.933867,-10.380000,1.600000,-1.040000
1356.030077,-6.630000,-0.460000,0.300000
1356.030077,-5.770000,-1.530000,0.820000
1356.030077,-4.650000,-1.830000,0.930000
1356.030077,-5.410000,-2.030000,0.590000
1356.030077,-6.060000,-2.920000,0.290000
1356.126287,-6.030000,-3.030000,-0.160000
1356.126287,-5.700000,-2.750000,0.740000
1356.126287,-6.530000,-1.470000,0.960000
1356.126287,-6.190000,-0.970000,1.770000
1356.126287,-5.570000,-1.080000,1.850000
1356.222517,-7.110000,-2.850000,0.930000
1356.222517,-6.930000,-2.550000,0.030000
1356.222517,-8.720000,-3.070000,0.100000
1356.222517,-11.080000,-3.420000,-3.250000
1356.222517,-11.440000,-2.170000,-4.300000
1356.318737,-12.590000,1.680000,-5.790000
1356.318737,-13.220000,2.220000,-5.300000
1356.318737,-17.580000,-1.010000,-5.090000
1356.318737,-17.270000,-5.410000,-3.930000
1356.318737,-16.340000,-6.280000,-3.530000
1356.414907,-13.390000,-1.160000,-0.910000
1356.414907,-13.250000,0.110000,-1.000000
1356.414907,-13.000000,1.430000,-1.580000
1356.414907,-12.230000,0.710000,-1.880000
1356.414907,-11.450000,0.400000,-1.820000
1408.131340,-14.340000,-0.500000,-1.590000
1408.131340,-16.860000,-2.000000,-4.360000
1408.131340,-14.840000,-5.260000,-4.820000
1408.131340,-11.300000,-5.840000,-4.560000
1408.131340,-7.770000,-3.850000,-3.980000
1408.227640,-6.120000,0.690000,-1.970000
1408.227640,-8.240000,1.910000,-1.890000
1408.227640,-11.300000,0.980000,-1.900000
1408.227640,-13.490000,-2.030000,-2.490000
1408.227640,-13.390000,-3.160000,-3.170000
1408.323920,-10.370000,-2.910000,-3.080000
1408.323920,-9.400000,-1.390000,-2.260000
1408.323920,-9.070000,0.290000,-2.030000
1408.323920,-8.670000,0.820000,-0.580000
1408.323920,-8.240000,1.080000,-0.190000
1408.420190,-9.000000,1.900000,-0.820000
1408.420190,-9.220000,1.580000,-1.270000
1408.420190,-8.810000,0.760000,-1.300000
1408.420190,-8.230000,0.000000,-1.210000
1408.420190,-8.030000,0.070000,-1.220000
1408.516440,-8.740000,0.050000,-1.120000
1408.516440,-9.790000,0.040000,-1.240000
1408.516440,-10.120000,0.110000,-1.700000
1408.516440,-9.820000,0.500000,-1.950000
1408.516440,-9.700000,0.710000,-1.980000
1408.612720,-9.820000,1.220000,-1.500000
1408.612720,-9.180000,1.080000,-1.090000
1408.612720,-8.180000,1.180000,-0.680000
1408.612720,-10.020000,1.070000,-1.460000
1408.612720,-11.070000,1.130000,-2.400000
1408.709000,-11.390000,0.680000,-3.800000
1408.709000,-10.250000,0.030000,-2.450000
1408.709000,-9.880000,0.300000,-2.860000
1408.709000,-9.370000,0.660000,-3.100000
1408.709000,-8.730000,0.570000,-2.400000
1408.805290,-7.960000,-2.020000,-0.280000
1408.805290,-10.230000,-4.940000,-0.960000
1408.805290,-12.490000,-6.100000,-2.130000
1408.805290,-11.490000,-3.670000,-1.250000
1408.805290,-10.150000,-2.560000,-0.580000
1408.901580,-9.380000,-0.310000,-0.350000
1408.901580,-9.260000,-0.570000,-0.490000
1408.901580,-8.800000,-1.220000,0.120000
1408.901580,-8.490000,-2.190000,0.160000
1408.901580,-8.050000,-2.120000,-0.160000
1408.997860,-9.290000,-1.880000,-1.600000
1408.997860,-10.320000,-1.480000,-1.790000
1408.997860,-11.170000,-1.730000,-0.860000
1408.997860,-11.690000,-2.250000,-0.430000
1408.997860,-11.300000,-2.180000,-0.160000
1409.094150,-9.520000,-1.230000,0.530000
1409.094150,-9.830000,-0.950000,0.020000
1409.094150,-10.730000,-0.640000,-0.320000
1409.094150,-9.930000,-1.050000,0.710000
1409.094150,-8.870000,-2.120000,0.700000
1409.190440,-8.390000,-2.800000,0.510000
1409.190440,-8.930000,-2.680000,0.280000
1409.190440,-9.040000,-2.700000,0.090000
1409.190440,-9.120000,-2.680000,-0.570000
1409.190440,-9.170000,-2.610000,0.150000
1409.286690,-9.010000,-2.860000,0.490000
1409.286690,-9.090000,-3.220000,0.540000
1409.286690,-9.440000,-3.220000,0.300000
1409.286690,-9.220000,-3.300000,0.540000
1409.286690,-9.130000,-2.730000,0.720000
1409.382950,-9.080000,-2.530000,1.060000
1409.382950,-8.660000,-2.250000,1.770000
1409.382950,-8.920000,-2.390000,1.610000
1409.382950,-9.010000,-2.290000,1.710000
1409.382950,-9.890000,-2.580000,1.390000
1409.479210,-11.820000,-4.000000,-1.310000
1409.479210,-11.400000,-2.770000,-1.170000
1409.479210,-10.400000,-1.560000,-0.510000
1409.479210,-9.960000,-1.340000,-0.890000
1409.479210,-10.990000,-0.520000,-2.940000
1409.575520,-11.660000,1.800000,-4.560000
1409.575520,-11.880000,1.390000,-3.710000
1409.575520,-12.250000,1.040000,-2.170000
1409.575520,-12.780000,0.820000,-2.280000
1409.575520,-13.650000,0.710000,-1.830000
1409.671790,-12.710000,1.110000,-1.170000
1409.671790,-11.740000,0.670000,-0.210000
1409.671790,-10.300000,1.240000,0.410000
1409.671790,-9.820000,1.330000,0.720000
1409.671790,-9.090000,1.210000,0.470000
1409.768060,-8.250000,0.550000,0.270000
1409.768060,-7.640000,0.590000,0.110000
1409.768060,-7.070000,0.340000,-0.040000
1409.768060,-6.920000,-0.060000,0.010000
1409.768060,-6.590000,-0.300000,0.240000
1409.864320,-6.150000,-0.020000,0.750000
1409.864320,-6.150000,0.890000,0.970000
1409.864320,-6.360000,1.050000,1.370000
1409.864320,-6.640000,0.920000,1.450000
1409.864320,-7.720000,0.690000,1.280000
1409.960610,-9.680000,0.900000,0.020000
1409.960610,-10.070000,0.880000,1.110000
1409.960610,-10.940000,0.570000,1.600000
1409.960610,-11.360000,0.640000,1.660000
1409.960610,-11.470000,0.540000,1.560000
1410.056910,-12.610000,1.470000,2.370000
1410.056910,-12.060000,1.050000,2.400000
1410.056910,-12.590000,-0.630000,2.370000
1410.056910,-12.840000,-0.720000,1.060000
1410.056910,-11.440000,0.130000,-1.420000
1410.153180,-9.260000,0.730000,-3.220000
1410.153180,-8.240000,-0.650000,-4.040000
1410.153180,-10.370000,-1.210000,-3.200000
1410.153180,-11.790000,-0.960000,-2.790000
1410.153180,-13.640000,-0.670000,-2.400000
1410.249460,-11.990000,-0.100000,-2.020000
1410.249460,-10.890000,0.190000,-1.530000
1410.249460,-9.590000,-0.380000,-1.330000
1410.249460,-9.440000,-0.640000,-1.500000
1410.249460,-9.130000,-0.390000,-1.170000
1410.345720,-8.990000,-0.060000,-0.230000
1410.345720,-8.060000,-0.810000,-0.420000
1410.345720,-7.990000,-1.100000,-1.010000
1410.345720,-8.010000,-1.060000,-1.200000
1410.345720,-7.810000,-1.240000,-1.180000
1410.442010,-7.510000,-1.050000,-0.430000
1410.442010,-7.850000,-1.690000,-0.660000
1410.442010,-7.730000,-1.830000,-0.250000
1410.442010,-7.880000,-1.790000,-0.020000
1410.442010,-8.520000,-1.650000,0.580000
1410.538280,-9.340000,-1.490000,0.830000
1410.538280,-10.140000,-1.300000,1.340000
1410.538280,-9.980000,-1.080000,1.450000
1410.538280,-9.770000,-0.890000,1.280000
1410.538280,-9.470000,0.000000,1.280000
1410.634540,-9.630000,1.610000,1.680000
1410.634540,-10.860000,1.930000,1.520000
1410.634540,-11.800000,1.280000,0.380000
1410.634540,-11.870000,1.610000,0.480000
1410.634540,-13.060000,0.540000,-0.060000
1410.730810,-14.870000,-1.750000,-3.670000
1410.730810,-13.970000,-4.520000,-4.260000
1410.730810,-9.630000,-4.270000,-4.490000
1410.730810,-8.040000,-3.000000,-4.150000
1410.730810,-7.040000,-0.760000,-3.940000
1410.827070,-8.940000,2.010000,-2.720000
1410.827070,-11.660000,-0.100000,-1.270000
1410.827070,-12.350000,-2.080000,-1.300000
1410.827070,-11.350000,-2.550000,-1.190000
1410.827070,-9.550000,-3.140000,-0.630000
1410.923340,-8.680000,-1.280000,-0.260000
1410.923340,-8.000000,-0.700000,-0.060000
1410.923340,-7.710000,-0.040000,0.180000
1410.923340,-7.740000,0.010000,0.560000
1410.923340,-8.120000,0.020000,0.280000
1411.019610,-9.060000,0.600000,-0.040000
1411.019610,-9.390000,0.950000,0.090000
1411.019610,-9.130000,0.830000,0.560000
1411.019610,-9.190000,0.640000,0.580000
1411.019610,-8.670000,0.460000,0.800000
1411.115910,-9.480000,0.440000,1.360000
1411.115910,-9.850000,0.210000,0.600000
1411.115910,-9.780000,-0.230000,0.910000
1411.115910,-9.640000,-0.070000,0.940000
1411.115910,-10.010000,0.390000,0.750000
1411.212200,-9.950000,0.820000,0.880000
1411.212200,-10.120000,1.170000,0.780000
1411.212200,-11.400000,0.880000,0.310000
1411.212200,-11.410000,0.430000,0.170000
1411.212200,-10.590000,-0.760000,0.300000
1411.308490,-10.210000,-1.290000,-0.210000
1411.308490,-10.920000,-0.440000,-0.600000
1411.308490,-11.830000,0.640000,-1.200000
1411.308490,-11.890000,0.840000,-1.510000
1411.308490,-10.980000,1.300000,-2.300000
1411.404800,-8.800000,0.690000,-3.220000
1411.404800,-7.570000,-0.920000,-1.730000
1411.404800,-7.260000,-1.420000,-0.540000
1411.404800,-8.230000,-1.070000,-0.300000
1411.404800,-10.620000,-0.440000,-1.270000
1411.501090,-10.140000,-0.540000,-1.520000
1411.501090,-9.710000,-0.500000,-1.820000
1411.501090,-10.080000,-0.550000,-2.410000
1411.501090,-10.230000,-0.660000,-2.510000
1411.501090,-10.170000,-1.060000,-2.150000
1411.597400,-9.640000,-1.280000,-1.260000
1411.597400,-9.660000,-1.410000,-0.930000
1411.597400,-9.660000,-1.510000,-1.130000
1411.597400,-9.590000,-1.600000,-1.330000
1411.597400,-9.150000,-1.740000,-1.100000
1411.693660,-8.690000,-1.760000,0.260000
1411.693660,-8.830000,-2.050000,0.580000
1411.693660,-8.820000,-2.170000,-0.200000
1411.693660,-8.920000,-2.280000,-0.680000
1411.693660,-9.800000,-2.510000,-1.480000
1411.789900,-10.120000,-1.670000,-1.580000
1411.789900,-10.610000,-0.940000,-1.440000
1411.789900,-10.210000,-1.240000,-1.700000
1411.789900,-9.380000,-1.340000,-1.580000
1411.789900,-8.610000,-1.450000,-1.810000
1411.886190,-8.830000,-1.930000,-1.500000
1411.886190,-10.400000,-1.110000,-2.260000
1411.886190,-11.320000,0.140000,-2.280000
1411.886190,-11.690000,0.660000,-2.260000
1411.886190,-11.050000,1.740000,-2.190000
1411.982470,-9.040000,1.640000,-1.340000
1411.982470,-8.940000,1.460000,-0.760000
1411.982470,-9.620000,0.890000,-0.480000
1411.982470,-9.700000,0.490000,-0.710000
1411.982470,-9.550000,0.230000,-0.830000
1495.853685,-9.800000,-0.810000,1.020000
1495.853685,-9.820000,-0.970000,1.100000
1495.853685,-9.930000,-1.030000,1.070000
1495.853685,-9.970000,-0.940000,1.190000
1495.853685,-9.920000,-0.850000,1.420000
1495.949905,-10.010000,-0.650000,1.580000
1495.949905,-10.000000,-0.560000,1.620000
1495.949905,-9.920000,-0.300000,1.760000
1495.949905,-10.060000,-0.020000,2.110000
1495.949905,-10.030000,0.090000,2.230000
1496.046125,-10.020000,0.110000,1.840000
1496.046125,-9.800000,-0.060000,1.950000
1496.046125,-9.340000,-0.490000,2.020000
1496.046125,-9.360000,-0.760000,2.070000
1496.046125,-9.420000,-0.830000,2.070000
1496.142355,-9.540000,-1.090000,1.770000
1496.142355,-9.520000,-1.230000,1.680000
1496.142355,-9.510000,-1.470000,1.680000
1496.142355,-9.560000,-1.720000,1.560000
1496.142355,-9.560000,-1.860000,1.540000
1496.238545,-9.690000,-2.030000,1.480000
1496.238545,-9.760000,-1.920000,1.510000
1496.238545,-9.880000,-1.620000,1.500000
1496.238545,-9.910000,-1.320000,1.540000
1496.238545,-9.940000,-1.180000,1.540000
1496.337405,-9.850000,-0.980000,1.660000
1496.337405,-9.880000,-0.990000,1.680000
1496.337405,-9.960000,-1.200000,1.770000
1496.337405,-9.890000,-1.390000,2.030000
1496.337405,-9.840000,-1.450000,1.980000
1496.433595,-9.520000,-1.450000,1.950000
1496.433595,-9.480000,-1.450000,1.940000
1496.433595,-9.300000,-1.450000,1.930000
1496.433595,-9.240000,-1.570000,1.860000
1496.433595,-9.230000,-1.650000,1.910000
1496.529775,-9.340000,-1.520000,1.940000
1496.529775,-9.330000,-1.450000,2.020000
1496.529775,-9.270000,-1.400000,2.100000
1496.529775,-9.330000,-1.270000,2.150000
1496.529775,-9.440000,-1.470000,2.250000
1496.625955,-9.480000,-1.530000,2.270000
1496.625955,-9.410000,-1.410000,2.270000
1496.625955,-9.340000,-1.410000,2.200000
1496.625955,-9.320000,-1.330000,2.200000
1496.625955,-9.360000,-1.360000,2.140000
1496.722125,-9.350000,-1.530000,2.080000
1496.722125,-9.260000,-1.570000,2.200000
1496.722125,-9.200000,-1.600000,2.240000
1496.722125,-9.230000,-1.440000,2.430000
1496.722125,-9.280000,-1.180000,2.570000
1496.818315,-9.410000,-1.000000,2.520000
1496.818315,-9.500000,-0.770000,2.570000
1496.818315,-9.560000,-0.630000,2.630000
1496.818315,-9.570000,-0.300000,2.830000
1496.818315,-9.780000,-0.180000,2.800000
1496.914485,-9.980000,-0.380000,2.650000
1496.914485,-10.180000,-0.680000,2.400000
1496.914485,-10.390000,-0.820000,2.180000
1496.914485,-10.860000,-1.170000,1.890000
1496.914485,-11.040000,-1.340000,1.580000
1497.010665,-10.240000,-1.460000,1.170000
1497.010665,-9.490000,-1.510000,1.100000
1497.010665,-9.270000,-1.560000,1.150000
1497.010665,-8.940000,-1.480000,1.310000
1497.010665,-9.170000,-1.220000,1.160000
1497.106875,-9.610000,-0.590000,0.890000
1497.106875,-9.900000,-0.170000,0.630000
1497.106875,-10.000000,0.020000,0.590000
1497.106875,-10.230000,0.550000,0.590000
1497.106875,-10.350000,1.180000,0.570000
1497.203085,-10.290000,1.440000,0.750000
1497.203085,-10.200000,1.300000,1.070000
1497.203085,-10.140000,1.150000,1.140000
1497.203085,-10.030000,1.010000,1.240000
1497.203085,-9.250000,0.930000,1.280000
1497.299285,-9.700000,1.110000,1.390000
1497.299285,-9.670000,1.250000,1.480000
1497.299285,-9.400000,1.390000,1.520000
1497.299285,-9.130000,1.580000,1.650000
1497.299285,-9.110000,1.670000,1.900000
1497.395485,-9.280000,1.750000,1.950000
1497.395485,-9.380000,1.810000,1.910000
1497.395485,-9.470000,1.890000,1.800000
1497.395485,-9.470000,1.990000,1.690000
1497.395485,-9.460000,2.020000,1.730000
1497.491705,-9.350000,1.810000,1.880000
1497.491705,-9.370000,1.770000,1.850000
1497.491705,-9.400000,1.730000,1.820000
1497.491705,-9.390000,1.590000,1.800000
1497.491705,-9.300000,1.540000,1.820000
1497.587935,-9.250000,1.790000,1.950000
1497.587935,-9.310000,1.860000,1.850000
1497.587935,-9.410000,1.950000,1.840000
1497.587935,-9.480000,2.030000,1.980000
1497.587935,-9.510000,2.030000,2.080000
1497.684175,-9.570000,1.650000,1.980000
1497.684175,-9.690000,1.540000,1.980000
1497.684175,-9.660000,1.450000,2.120000
1497.684175,-9.590000,1.270000,2.130000
1497.684175,-9.550000,1.300000,2.210000
1497.780415,-9.420000,1.110000,2.270000
1497.780415,-9.710000,0.840000,2.120000
1497.780415,-9.510000,-0.610000,-0.040000
1497.780415,-9.090000,1.520000,2.450000
1497.780415,-9.480000,2.860000,3.120000
1497.876655,-8.320000,1.950000,3.470000
1497.876655,-8.590000,2.420000,3.380000
1497.876655,-8.700000,1.310000,2.880000
1497.876655,-9.260000,0.870000,2.970000
1497.876655,-9.790000,0.900000,2.230000
1497.972855,-9.460000,1.860000,2.140000
1497.972855,-9.290000,2.080000,2.340000
1497.972855,-9.130000,2.220000,2.460000
1497.972855,-9.310000,2.270000,2.230000
1497.972855,-9.230000,2.270000,2.240000
1498.069075,-9.180000,2.200000,2.620000
1498.069075,-9.280000,2.100000,2.630000
1498.069075,-9.290000,2.010000,2.870000
1498.069075,-9.200000,2.060000,2.940000
1498.069075,-9.260000,1.940000,3.090000
1498.165255,-10.110000,0.910000,2.780000
1498.165255,-10.630000,0.660000,2.510000
1498.165255,-11.680000,0.370000,1.710000
1498.165255,-11.880000,0.150000,1.050000
1498.165255,-11.660000,0.290000,0.600000
1498.261445,-10.480000,0.140000,0.390000
1498.261445,-10.110000,0.270000,0.500000
1498.261445,-9.540000,0.580000,0.690000
1498.261445,-8.810000,0.720000,0.970000
1498.261445,-8.590000,0.740000,1.070000
1498.357665,-8.950000,0.630000,1.390000
1498.357665,-9.100000,0.540000,1.480000
1498.357665,-9.480000,0.570000,1.510000
1498.357665,-9.530000,0.520000,1.750000
1498.357665,-9.530000,0.520000,1.820000
1498.453875,-10.410000,0.540000,1.160000
1498.453875,-9.900000,0.470000,1.090000
1498.453875,-9.660000,0.110000,1.170000
1498.453875,-9.550000,-0.230000,1.260000
1498.453875,-9.590000,-0.370000,1.350000
1498.550085,-9.900000,-0.810000,2.140000
1498.550085,-9.780000,-0.800000,2.520000
1498.550085,-10.070000,-0.320000,2.950000
1498.550085,-10.380000,0.020000,2.820000
1498.550085,-10.270000,0.030000,2.530000
1498.646305,-9.630000,-0.390000,0.730000
1498.646305,-9.420000,-0.950000,0.870000
1498.646305,-9.230000,-1.560000,1.110000
1498.646305,-9.190000,-1.720000,1.450000
1498.646305,-9.240000,-1.750000,1.650000
1498.742515,-9.380000,-1.550000,1.930000
1498.742515,-9.660000,-1.220000,1.910000
1498.742515,-9.790000,-0.830000,1.890000
1498.742515,-10.000000,-0.500000,1.630000
1498.742515,-10.050000,-0.390000,1.570000
1498.838745,-10.050000,-0.430000,1.400000
1498.838745,-9.950000,-0.530000,1.360000
1498.838745,-9.940000,-0.710000,1.430000
1498.838745,-9.800000,-0.830000,1.540000
1498.838745,-9.800000,-0.920000,1.680000
1498.934955,-9.630000,-1.040000,2.210000
1498.934955,-9.550000,-0.880000,2.180000
1498.934955,-9.470000,-0.690000,1.940000
1498.934955,-9.250000,-0.530000,1.750000
1498.934955,-9.210000,-0.490000,1.750000
1499.031165,-9.380000,-0.540000,1.890000
1499.031165,-9.450000,-0.650000,1.940000
1499.031165,-9.350000,-0.700000,1.970000
1499.031165,-8.650000,-0.600000,1.960000
1499.031165,-9.230000,-0.560000,1.950000
1499.127375,-9.310000,-0.720000,1.970000
1499.127375,-9.370000,-0.870000,2.070000
1499.127375,-9.540000,-0.940000,2.130000
1499.127375,-9.590000,-0.960000,2.170000
1499.127375,-9.650000,-0.830000,2.250000
1499.223615,-9.650000,-0.710000,2.340000
1499.223615,-9.610000,-0.730000,2.280000
1499.223615,-9.700000,-0.810000,2.280000
1499.223615,-9.770000,-0.860000,2.250000
1499.223615,-9.890000,-0.980000,2.380000
1499.319815,-9.820000,-1.170000,2.730000
1499.319815,-10.060000,-0.940000,2.950000
1499.319815,-10.660000,-0.480000,2.560000
1499.319815,-10.890000,-0.580000,1.870000
1499.319815,-10.540000,-1.110000,1.020000
1499.416025,-10.010000,-1.540000,1.390000
1499.416025,-10.410000,-1.260000,1.780000
1499.416025,-10.420000,-1.240000,1.480000
1499.416025,-10.380000,-1.240000,1.220000
1499.416025,-10.130000,-1.090000,1.170000
1499.512245,-9.610000,-0.770000,1.680000
1499.512245,-9.310000,-0.510000,1.860000
1499.512245,-9.180000,-0.330000,1.830000
1499.512245,-9.320000,-0.320000,1.730000
1499.512245,-9.370000,-0.360000,1.670000
1499.608435,-9.520000,-0.460000,1.420000
1499.608435,-9.570000,-0.420000,1.160000
1499.608435,-9.550000,-0.320000,1.000000
1499.608435,-9.490000,-0.200000,1.020000
1499.608435,-9.390000,0.080000,1.070000
1499.704655,-9.510000,0.130000,0.960000
1499.704655,-9.680000,0.030000,0.760000
1499.704655,-9.930000,0.180000,0.620000
1499.704655,-9.960000,0.390000,0.630000
1499.704655,-9.930000,0.660000,0.710000
1612.936001,-10.670000,-3.790000,1.170000
1612.936001,-11.100000,-3.870000,0.810000
1612.936001,-10.400000,-3.520000,0.940000
1612.936001,-9.360000,-2.510000,0.910000
1612.936001,-9.090000,-1.550000,1.790000
1613.032261,-9.200000,-1.150000,2.580000
1613.032261,-9.390000,-1.420000,2.020000
1613.032261,-9.760000,-1.520000,1.540000
1613.032261,-9.940000,-1.820000,1.240000
1613.032261,-8.890000,-2.240000,1.880000
1613.128481,-9.010000,-2.040000,2.310000
1613.128481,-9.610000,-1.390000,1.670000
1613.128481,-9.520000,-1.820000,1.600000
1613.128481,-8.950000,-2.260000,1.600000
1613.128481,-9.310000,-2.800000,1.400000
1613.224691,-9.600000,-2.560000,1.130000
1613.224691,-9.230000,-2.400000,1.340000
1613.224691,-9.000000,-2.190000,1.360000
1613.224691,-8.800000,-2.300000,1.500000
1613.224691,-9.050000,-2.480000,1.240000
1613.320921,-9.460000,-2.560000,1.010000
1613.320921,-9.370000,-2.680000,0.950000
1613.320921,-9.290000,-2.620000,0.970000
1613.320921,-9.040000,-2.510000,1.200000
1613.320921,-8.990000,-1.690000,1.560000
1613.417201,-9.540000,-0.960000,0.550000
1613.417201,-10.320000,-0.370000,0.230000
1613.417201,-10.690000,-0.270000,0.030000
1613.417201,-10.830000,0.390000,0.080000
1613.417201,-11.270000,0.900000,0.240000
1613.513461,-12.180000,1.070000,0.060000
1613.513461,-11.820000,0.450000,0.530000
1613.513461,-11.570000,0.550000,0.830000
1613.513461,-11.090000,1.070000,0.990000
1613.513461,-10.690000,1.810000,-0.190000
1613.609711,-9.520000,2.580000,-0.500000
1613.609711,-8.890000,1.980000,0.010000
1613.609711,-8.990000,1.610000,0.150000
1613.609711,-9.530000,0.450000,-0.240000
1613.609711,-10.610000,-0.640000,-1.060000
1613.705951,-10.560000,0.760000,-1.050000
1613.705951,-10.000000,0.770000,-0.730000
1613.705951,-9.920000,0.750000,-0.780000
1613.705951,-9.880000,0.500000,-0.800000
1613.705951,-9.630000,0.680000,-0.870000
1613.802201,-9.200000,0.960000,-1.220000
1613.802201,-8.910000,1.640000,-1.020000
1613.802201,-9.010000,1.490000,-0.720000
1613.802201,-9.340000,1.670000,-0.560000
1613.802201,-9.640000,1.450000,-0.370000
1613.898441,-10.190000,1.960000,-0.750000
1613.898441,-10.550000,2.180000,-0.530000
1613.898441,-10.320000,2.110000,-0.280000
1613.898441,-9.830000,1.730000,-0.180000
1613.898441,-9.780000,1.610000,0.010000
1613.994711,-9.130000,1.440000,0.520000
1613.994711,-9.180000,1.440000,0.600000
1613.994711,-9.250000,1.570000,0.690000
1613.994711,-9.090000,1.870000,0.840000
1613.994711,-9.310000,1.970000,0.810000
1614.090951,-9.030000,1.900000,0.820000
1614.090951,-8.800000,1.920000,1.210000
1614.090951,-8.920000,1.930000,1.300000
1614.090951,-9.370000,1.920000,1.160000
1614.090951,-8.630000,1.750000,1.370000
1614.187221,-9.180000,1.400000,1.480000
1614.187221,-9.790000,1.430000,1.490000
1614.187221,-9.830000,1.530000,1.310000
1614.187221,-9.970000,1.500000,1.170000
1614.187221,-9.560000,1.100000,1.100000
1614.283491,-9.590000,1.010000,1.210000
1614.283491,-9.680000,0.950000,1.200000
1614.283491,-9.470000,1.040000,1.270000
1614.283491,-9.350000,1.450000,1.160000
1614.283491,-10.040000,1.560000,0.910000
1614.379691,-9.040000,1.060000,1.380000
1614.379691,-9.650000,1.560000,1.290000
1614.379691,-10.000000,1.280000,1.170000
1614.379691,-9.800000,0.260000,1.460000
1614.379691,-11.230000,0.390000,0.130000
1614.475881,-11.860000,1.180000,-0.290000
1614.475881,-11.910000,1.250000,-0.190000
1614.475881,-11.940000,1.080000,-0.330000
1614.475881,-11.400000,0.510000,-0.580000
1614.475881,-10.530000,-0.180000,-0.970000
1614.572091,-9.550000,-0.720000,-0.990000
1614.572091,-9.200000,-0.400000,-1.150000
1614.572091,-8.800000,-0.320000,-1.050000
1614.572091,-8.260000,0.030000,-0.690000
1614.572091,-9.190000,0.770000,-0.650000
1614.668311,-10.810000,-0.380000,-0.620000
1614.668311,-11.370000,-0.460000,-0.650000
1614.668311,-11.080000,-0.550000,-0.540000
1614.668311,-10.590000,-0.860000,-0.610000
1614.668311,-10.560000,-0.780000,-0.660000
1614.764481,-9.230000,-0.460000,0.100000
1614.764481,-9.040000,-0.030000,0.390000
1614.764481,-9.410000,-0.210000,-0.170000
1614.764481,-9.050000,-0.580000,0.420000
1614.764481,-8.930000,-1.070000,0.160000
1614.860691,-9.150000,-1.290000,0.310000
1614.860691,-9.240000,-2.100000,0.720000
1614.860691,-8.790000,-0.770000,0.120000
1614.860691,-10.880000,-1.360000,0.820000
1614.860691,-9.820000,-1.350000,0.390000
1614.956891,-9.000000,-1.640000,0.920000
1614.956891,-8.910000,-1.650000,1.190000
1614.956891,-9.190000,-1.500000,1.310000
1614.956891,-9.590000,-1.460000,1.300000
1614.956891,-9.630000,-1.370000,1.170000
1615.055701,-9.810000,-1.100000,1.260000
1615.055701,-9.630000,-1.040000,1.440000
1615.055701,-9.560000,-1.060000,1.600000
1615.055701,-9.640000,-1.120000,1.690000
1615.055701,-9.620000,-1.110000,1.630000
1615.154541,-9.140000,-1.340000,1.420000
1615.154541,-8.980000,-1.390000,1.540000
1615.154541,-8.930000,-1.430000,1.340000
1615.154541,-8.870000,-1.550000,1.190000
1615.154541,-8.750000,-1.700000,1.160000
1615.250671,-9.620000,-2.300000,1.570000
1615.250671,-9.880000,-2.230000,1.720000
1615.250671,-9.690000,-1.970000,1.730000
1615.250671,-9.260000,-1.610000,1.690000
1615.250671,-9.000000,-1.380000,2.020000
1615.346811,-9.210000,-1.300000,2.580000
1615.346811,-9.630000,-1.070000,2.370000
1615.346811,-9.820000,-1.140000,1.980000
1615.346811,-9.930000,-1.330000,1.770000
1615.346811,-10.160000,-1.590000,1.550000
1615.442951,-10.210000,-1.630000,1.990000
1615.442951,-10.660000,-1.370000,2.090000
1615.442951,-11.380000,-0.690000,2.340000
1615.442951,-11.870000,-0.490000,2.270000
1615.442951,-12.860000,-0.230000,1.470000
1615.539091,-11.940000,-0.740000,0.310000
1615.539091,-9.800000,-0.340000,-0.030000
1615.539091,-8.230000,1.240000,-0.930000
1615.539091,-7.860000,2.020000,-1.450000
1615.539091,-7.890000,3.230000,-2.090000
1615.635241,-12.070000,0.610000,-0.680000
1615.635241,-14.210000,-0.850000,-0.490000
1615.635241,-11.440000,-0.640000,0.460000
1615.635241,-10.420000,-0.310000,0.430000
1615.635241,-9.280000,1.340000,0.650000
1615.731391,-9.160000,1.200000,1.430000
1615.731391,-8.920000,0.580000,1.270000
1615.731391,-8.860000,0.200000,0.800000
1615.731391,-8.760000,0.250000,0.600000
1615.731391,-8.750000,0.750000,0.530000
1615.827511,-8.850000,1.390000,0.830000
1615.827511,-8.880000,1.160000,0.960000
1615.827511,-8.740000,0.970000,1.170000
1615.827511,-8.340000,0.750000,1.230000
1615.827511,-8.490000,1.200000,1.420000
1615.923631,-8.680000,1.550000,1.560000
1615.923631,-9.310000,1.360000,1.700000
1615.923631,-9.560000,1.110000,1.770000
1615.923631,-9.610000,0.860000,1.900000
1615.923631,-9.120000,0.970000,1.750000
1616.019761,-8.600000,0.610000,1.810000
1616.019761,-9.080000,0.160000,1.880000
1616.019761,-9.310000,0.000000,1.770000
1616.019761,-9.910000,0.000000,1.440000
1616.019761,-10.440000,0.700000,1.110000
1616.115901,-10.460000,2.000000,1.570000
1616.115901,-10.150000,2.450000,2.210000
1616.115901,-9.810000,2.330000,2.620000
1616.115901,-9.290000,1.800000,3.180000
1616.115901,-9.900000,1.130000,3.090000
1616.212041,-12.060000,0.250000,1.670000
1616.212041,-13.730000,1.240000,-0.390000
1616.212041,-13.660000,1.710000,-0.970000
1616.212041,-11.790000,1.910000,-0.810000
1616.212041,-10.420000,1.490000,-1.030000
1616.308201,-9.890000,-1.430000,-3.230000
1616.308201,-7.750000,-3.350000,-3.150000
1616.308201,-7.050000,-4.240000,-2.810000
1616.308201,-7.480000,-2.470000,-0.830000
1616.308201,-10.330000,1.100000,0.610000
1616.404341,-12.200000,2.630000,-0.470000
1616.404341,-11.190000,1.870000,-0.940000
1616.404341,-10.790000,1.010000,-0.900000
1616.404341,-10.010000,-0.090000,-0.350000
1616.404341,-9.510000,-0.220000,0.210000
1616.500471,-9.120000,0.060000,0.500000
1616.500471,-8.820000,-0.960000,0.610000
1616.500471,-8.360000,-1.220000,0.680000
1616.500471,-8.140000,-1.550000,1.080000
1616.500471,-8.820000,-0.940000,0.940000
1616.596601,-9.240000,-0.440000,1.110000
1616.596601,-9.100000,-0.430000,0.990000
1616.596601,-9.230000,-0.300000,1.060000
1616.596601,-9.300000,-0.360000,1.040000
1616.596601,-9.060000,-0.460000,1.190000
1616.692731,-9.390000,-0.530000,1.650000
1616.692731,-9.110000,-0.870000,1.510000
1616.692731,-9.030000,-1.000000,1.470000
1616.692731,-9.080000,-1.130000,1.520000
1616.692731,-9.310000,-1.000000,1.630000
1616.788861,-9.310000,-1.050000,1.250000
1616.788861,-9.650000,-1.200000,1.110000
1616.788861,-9.820000,-1.100000,1.240000
1616.788861,-10.150000,-0.600000,1.470000
1616.788861,-10.460000,-0.310000,1.380000
